

    1: |Aut(M)| =  2,  Cycles:3(8:12) 
 "   0  1   2  3   4  5   6  7   8  9  10 11  12 13  14 15  16 17  18 19 "
 "   0  3   1  4   2  7   5  6   8 11   9 12  10 15  13 16  14 19  17 18 "
 "   0  5   1  2   3  8   4  9   6 13   7 10  11 16  12 19  14 17  15 18 "



    2: |Aut(M)| =  1,  Cycles:3(8:12) 
 "   0  1   2  3   4  5   6  7   8  9  10 11  12 13  14 15  16 17  18 19 "
 "   0  3   1  4   2  7   5  6   8 11   9 12  10 15  13 16  14 19  17 18 "
 "   0  5   1  2   3  8   4  9   6 13   7 14  10 17  11 18  12 19  15 16 "



    3: |Aut(M)| =  1,  Cycles:3(8:12) 
 "   0  1   2  3   4  5   6  7   8  9  10 11  12 13  14 15  16 17  18 19 "
 "   0  3   1  4   2  7   5  6   8 11   9 12  10 15  13 16  14 19  17 18 "
 "   0  5   1  2   3  8   4  9   6 13   7 14  10 19  11 16  12 17  15 18 "



    4: |Aut(M)| =  2,  Cycles:3(8:12) 
 "   0  1   2  3   4  5   6  7   8  9  10 11  12 13  14 15  16 17  18 19 "
 "   0  3   1  4   2  7   5  6   8 11   9 12  10 15  13 16  14 19  17 18 "
 "   0  5   1  2   3  8   4  9   6 15   7 18  10 13  11 14  12 17  16 19 "



    5: |Aut(M)| =  1,  Cycles:3(8:12) 
 "   0  1   2  3   4  5   6  7   8  9  10 11  12 13  14 15  16 17  18 19 "
 "   0  3   1  4   2  7   5  6   8 11   9 12  10 15  13 16  14 19  17 18 "
 "   0  5   1  2   3  8   4  9   6 15   7 18  10 19  11 16  12 17  13 14 "



    6: |Aut(M)| =  1,  Cycles:3(8:12) 
 "   0  1   2  3   4  5   6  7   8  9  10 11  12 13  14 15  16 17  18 19 "
 "   0  3   1  4   2  7   5  6   8 11   9 12  10 15  13 16  14 19  17 18 "
 "   0  5   1  2   3  8   4 11   6 13   7 16   9 18  10 19  12 15  14 17 "



    7: |Aut(M)| =  1,  Cycles:3(8:12) 
 "   0  1   2  3   4  5   6  7   8  9  10 11  12 13  14 15  16 17  18 19 "
 "   0  3   1  4   2  7   5  6   8 11   9 12  10 15  13 16  14 19  17 18 "
 "   0  5   1  2   3  8   4 13   6 17   7 10   9 14  11 18  12 15  16 19 "



    8: |Aut(M)| =  2,  Cycles:3(8:12) 
 "   0  1   2  3   4  5   6  7   8  9  10 11  12 13  14 15  16 17  18 19 "
 "   0  3   1  4   2  7   5  6   8 11   9 12  10 15  13 16  14 19  17 18 "
 "   0  5   1  2   3  8   4 13   6 17   7 14   9 10  11 12  15 18  16 19 "



    9: |Aut(M)| =  1,  Cycles:3(8:12) 
 "   0  1   2  3   4  5   6  7   8  9  10 11  12 13  14 15  16 17  18 19 "
 "   0  3   1  4   2  7   5  6   8 11   9 12  10 15  13 16  14 19  17 18 "
 "   0  5   1  2   3  8   4 15   6  9   7 14  10 17  11 12  13 18  16 19 "



   10: |Aut(M)| =  1,  Cycles:3(8:12) 
 "   0  1   2  3   4  5   6  7   8  9  10 11  12 13  14 15  16 17  18 19 "
 "   0  3   1  4   2  7   5  6   8 11   9 12  10 15  13 16  14 19  17 18 "
 "   0  5   1  2   3  8   4 15   6 17   7 12   9 10  11 14  13 18  16 19 "



   11: |Aut(M)| =  1,  Cycles:3(8:12) 
 "   0  1   2  3   4  5   6  7   8  9  10 11  12 13  14 15  16 17  18 19 "
 "   0  3   1  4   2  7   5  6   8 11   9 12  10 15  13 16  14 19  17 18 "
 "   0  5   1  2   3  8   4 17   6  9   7 16  10 19  11 12  13 14  15 18 "



   12: |Aut(M)| =  1,  Cycles:3(8:12) 
 "   0  1   2  3   4  5   6  7   8  9  10 11  12 13  14 15  16 17  18 19 "
 "   0  3   1  4   2  7   5  6   8 11   9 12  10 15  13 16  14 19  17 18 "
 "   0  5   1  2   3  8   4 17   6 13   7 14   9 10  11 16  12 19  15 18 "



   13: |Aut(M)| =  1,  Cycles:3(8:12) 
 "   0  1   2  3   4  5   6  7   8  9  10 11  12 13  14 15  16 17  18 19 "
 "   0  3   1  4   2  7   5  6   8 11   9 12  10 15  13 16  14 19  17 18 "
 "   0  5   1  2   3  8   4 19   6 13   7 10   9 14  11 16  12 17  15 18 "



   14: |Aut(M)| =  1,  Cycles:3(8:12) 
 "   0  1   2  3   4  5   6  7   8  9  10 11  12 13  14 15  16 17  18 19 "
 "   0  3   1  4   2  7   5  6   8 11   9 12  10 15  13 16  14 19  17 18 "
 "   0  5   1  2   3  8   4 19   6 17   7 12   9 10  11 18  13 14  15 16 "



   15: |Aut(M)| =  2,  Cycles:3(8:12) 
 "   0  1   2  3   4  5   6  7   8  9  10 11  12 13  14 15  16 17  18 19 "
 "   0  3   1  4   2  7   5  6   8 11   9 12  10 15  13 16  14 19  17 18 "
 "   0  5   1  6   2  9   3 10   4 15   7 14   8 13  11 18  12 17  16 19 "



   16: |Aut(M)| =  2,  Cycles:3(8:12) 
 "   0  1   2  3   4  5   6  7   8  9  10 11  12 13  14 15  16 17  18 19 "
 "   0  3   1  4   2  7   5  6   8 11   9 12  10 15  13 16  14 19  17 18 "
 "   0  5   1  6   2  9   3 10   4 15   7 14   8 17  11 12  13 18  16 19 "



   17: |Aut(M)| =  3,  Cycles:3(8:12) 
 "   0  1   2  3   4  5   6  7   8  9  10 11  12 13  14 15  16 17  18 19 "
 "   0  3   1  4   2  7   5  6   8 11   9 12  10 15  13 16  14 19  17 18 "
 "   0  5   1  6   2  9   3 10   4 15   7 14   8 19  11 16  12 17  13 18 "



   18: |Aut(M)| =  1,  Cycles:3(8:12) 
 "   0  1   2  3   4  5   6  7   8  9  10 11  12 13  14 15  16 17  18 19 "
 "   0  3   1  4   2  7   5  6   8 11   9 12  10 15  13 16  14 19  17 18 "
 "   0  5   1  6   2  9   3 10   4 15   7 16   8 19  11 18  12 17  13 14 "



   19: |Aut(M)| =  2,  Cycles:3(8:12) 
 "   0  1   2  3   4  5   6  7   8  9  10 11  12 13  14 15  16 17  18 19 "
 "   0  3   1  4   2  7   5  6   8 11   9 12  10 15  13 16  14 19  17 18 "
 "   0  5   1  6   2  9   3 10   4 15   7 18   8 13  11 12  14 17  16 19 "



   20: |Aut(M)| =  1,  Cycles:3(8:12) 
 "   0  1   2  3   4  5   6  7   8  9  10 11  12 13  14 15  16 17  18 19 "
 "   0  3   1  4   2  7   5  6   8 11   9 12  10 15  13 16  14 19  17 18 "
 "   0  5   1  6   2  9   3 10   4 15   7 18   8 17  11 16  12 19  13 14 "



   21: |Aut(M)| =  6,  Cycles:3(8:12) 
 "   0  1   2  3   4  5   6  7   8  9  10 11  12 13  14 15  16 17  18 19 "
 "   0  3   1  4   2  7   5  6   8 11   9 12  10 15  13 16  14 19  17 18 "
 "   0  5   1  6   2  9   3 10   4 19   7 16   8 15  11 14  12 17  13 18 "



   22: |Aut(M)| =  2,  Cycles:3(8:12) 
 "   0  1   2  3   4  5   6  7   8  9  10 11  12 13  14 15  16 17  18 19 "
 "   0  3   1  4   2  7   5  6   8 11   9 12  10 15  13 16  14 19  17 18 "
 "   0  5   1  6   2  9   3 14   4 11   7 10   8 13  12 17  15 18  16 19 "



   23: |Aut(M)| =  1,  Cycles:3(8:12) 
 "   0  1   2  3   4  5   6  7   8  9  10 11  12 13  14 15  16 17  18 19 "
 "   0  3   1  4   2  7   5  6   8 11   9 12  10 15  13 16  14 19  17 18 "
 "   0  5   1  6   2  9   3 14   4 11   7 18   8 13  10 17  12 15  16 19 "



   24: |Aut(M)| =  1,  Cycles:3(8:12) 
 "   0  1   2  3   4  5   6  7   8  9  10 11  12 13  14 15  16 17  18 19 "
 "   0  3   1  4   2  7   5  6   8 11   9 12  10 15  13 16  14 19  17 18 "
 "   0  5   1  6   2  9   3 14   4 13   7 10   8 19  11 16  12 17  15 18 "



   25: |Aut(M)| =  1,  Cycles:3(8:12) 
 "   0  1   2  3   4  5   6  7   8  9  10 11  12 13  14 15  16 17  18 19 "
 "   0  3   1  4   2  7   5  6   8 11   9 12  10 15  13 16  14 19  17 18 "
 "   0  5   1  6   2  9   3 14   4 19   7 10   8 17  11 12  13 18  15 16 "



   26: |Aut(M)| =  3,  Cycles:3(8:12) 
 "   0  1   2  3   4  5   6  7   8  9  10 11  12 13  14 15  16 17  18 19 "
 "   0  3   1  4   2  7   5  6   8 11   9 12  10 15  13 16  14 19  17 18 "
 "   0  5   1  8   2  9   3 10   4 17   6 19   7 14  11 16  12 15  13 18 "



   27: |Aut(M)| =  2,  Cycles:3(8:12) 
 "   0  1   2  3   4  5   6  7   8  9  10 11  12 13  14 15  16 17  18 19 "
 "   0  3   1  4   2  7   5  6   8 11   9 12  10 15  13 16  14 19  17 18 "
 "   0  5   1  8   2  9   3 10   4 19   6 13   7 14  11 18  12 17  15 16 "



   28: |Aut(M)| =  1,  Cycles:3(8:12) 
 "   0  1   2  3   4  5   6  7   8  9  10 11  12 13  14 15  16 17  18 19 "
 "   0  3   1  4   2  7   5  6   8 11   9 12  10 15  13 16  14 19  17 18 "
 "   0  5   1  8   2  9   3 10   4 19   6 13   7 16  11 18  12 15  14 17 "



   29: |Aut(M)| =  1,  Cycles:3(8:12) 
 "   0  1   2  3   4  5   6  7   8  9  10 11  12 13  14 15  16 17  18 19 "
 "   0  3   1  4   2  7   5  6   8 11   9 12  10 15  13 16  14 19  17 18 "
 "   0  5   1  8   2  9   3 12   4 15   6 19   7 16  10 17  11 18  13 14 "



   30: |Aut(M)| =  1,  Cycles:3(8:12) 
 "   0  1   2  3   4  5   6  7   8  9  10 11  12 13  14 15  16 17  18 19 "
 "   0  3   1  4   2  7   5  6   8 11   9 12  10 15  13 16  14 19  17 18 "
 "   0  5   1  8   2  9   3 14   4 13   6 11   7 18  10 17  12 15  16 19 "



   31: |Aut(M)| =  1,  Cycles:3(8:12) 
 "   0  1   2  3   4  5   6  7   8  9  10 11  12 13  14 15  16 17  18 19 "
 "   0  3   1  4   2  7   5  6   8 11   9 12  10 15  13 16  14 19  17 18 "
 "   0  5   1  8   2  9   3 14   4 19   6 13   7 10  11 16  12 17  15 18 "



   32: |Aut(M)| =  1,  Cycles:3(8:12) 
 "   0  1   2  3   4  5   6  7   8  9  10 11  12 13  14 15  16 17  18 19 "
 "   0  3   1  4   2  7   5  6   8 11   9 12  10 15  13 16  14 19  17 18 "
 "   0  5   1  8   2  9   3 16   4 15   6 11   7 18  10 13  12 19  14 17 "



   33: |Aut(M)| =  1,  Cycles:3(8:12) 
 "   0  1   2  3   4  5   6  7   8  9  10 11  12 13  14 15  16 17  18 19 "
 "   0  3   1  4   2  7   5  6   8 11   9 12  10 15  13 16  14 19  17 18 "
 "   0  5   1  8   2  9   3 18   4 13   6 15   7 16  10 17  11 14  12 19 "



   34: |Aut(M)| =  1,  Cycles:3(8:12) 
 "   0  1   2  3   4  5   6  7   8  9  10 11  12 13  14 15  16 17  18 19 "
 "   0  3   1  4   2  7   5  6   8 11   9 12  10 15  13 16  14 19  17 18 "
 "   0  5   1  8   2 11   3 12   4 15   6 13   7 10   9 18  14 17  16 19 "



   35: |Aut(M)| =  1,  Cycles:3(8:12) 
 "   0  1   2  3   4  5   6  7   8  9  10 11  12 13  14 15  16 17  18 19 "
 "   0  3   1  4   2  7   5  6   8 11   9 12  10 15  13 16  14 19  17 18 "
 "   0  5   1  8   2 11   3 12   4 15   6 19   7 16   9 14  10 17  13 18 "



   36: |Aut(M)| =  1,  Cycles:3(8:12) 
 "   0  1   2  3   4  5   6  7   8  9  10 11  12 13  14 15  16 17  18 19 "
 "   0  3   1  4   2  7   5  6   8 11   9 12  10 15  13 16  14 19  17 18 "
 "   0  5   1  8   2 11   3 12   4 17   6 15   7 18   9 16  10 19  13 14 "



   37: |Aut(M)| =  3,  Cycles:3(8:12) 
 "   0  1   2  3   4  5   6  7   8  9  10 11  12 13  14 15  16 17  18 19 "
 "   0  3   1  4   2  7   5  6   8 11   9 12  10 15  13 16  14 19  17 18 "
 "   0  5   1  8   2 11   3 12   4 19   6 13   7 10   9 16  14 17  15 18 "



   38: |Aut(M)| =  1,  Cycles:3(8:12) 
 "   0  1   2  3   4  5   6  7   8  9  10 11  12 13  14 15  16 17  18 19 "
 "   0  3   1  4   2  7   5  6   8 11   9 12  10 15  13 16  14 19  17 18 "
 "   0  5   1  8   2 11   3 14   4 17   6  9   7 18  10 13  12 15  16 19 "



   39: |Aut(M)| =  1,  Cycles:3(8:12) 
 "   0  1   2  3   4  5   6  7   8  9  10 11  12 13  14 15  16 17  18 19 "
 "   0  3   1  4   2  7   5  6   8 11   9 12  10 15  13 16  14 19  17 18 "
 "   0  5   1  8   2 11   3 14   4 17   6 15   7 12   9 16  10 19  13 18 "



   40: |Aut(M)| =  2,  Cycles:3(8:12) 
 "   0  1   2  3   4  5   6  7   8  9  10 11  12 13  14 15  16 17  18 19 "
 "   0  3   1  4   2  7   5  6   8 11   9 12  10 15  13 16  14 19  17 18 "
 "   0  5   1  8   2 11   3 14   4 17   6 15   7 18   9 16  10 13  12 19 "



   41: |Aut(M)| =  2,  Cycles:3(8:12) 
 "   0  1   2  3   4  5   6  7   8  9  10 11  12 13  14 15  16 17  18 19 "
 "   0  3   1  4   2  7   5  6   8 11   9 12  10 15  13 16  14 19  17 18 "
 "   0  5   1  8   2 11   3 16   4 15   6 17   7 10   9 18  12 19  13 14 "



   42: |Aut(M)| =  1,  Cycles:3(8:12) 
 "   0  1   2  3   4  5   6  7   8  9  10 11  12 13  14 15  16 17  18 19 "
 "   0  3   1  4   2  7   5  6   8 11   9 12  10 15  13 16  14 19  17 18 "
 "   0  5   1  8   2 11   3 16   4 15   6 17   7 12   9 14  10 19  13 18 "



   43: |Aut(M)| =  2,  Cycles:3(8:12) 
 "   0  1   2  3   4  5   6  7   8  9  10 11  12 13  14 15  16 17  18 19 "
 "   0  3   1  4   2  7   5  6   8 11   9 12  10 15  13 16  14 19  17 18 "
 "   0  5   1  8   2 11   3 16   4 17   6 19   7 12   9 10  13 14  15 18 "



   44: |Aut(M)| =  1,  Cycles:3(8:12) 
 "   0  1   2  3   4  5   6  7   8  9  10 11  12 13  14 15  16 17  18 19 "
 "   0  3   1  4   2  7   5  6   8 11   9 12  10 15  13 16  14 19  17 18 "
 "   0  5   1  8   2 11   3 16   4 19   6 15   7 12   9 18  10 13  14 17 "



   45: |Aut(M)| =  1,  Cycles:3(8:12) 
 "   0  1   2  3   4  5   6  7   8  9  10 11  12 13  14 15  16 17  18 19 "
 "   0  3   1  4   2  7   5  6   8 11   9 12  10 15  13 16  14 19  17 18 "
 "   0  5   1  8   2 11   3 16   4 19   6 17   7 10   9 14  12 15  13 18 "



   46: |Aut(M)| =  1,  Cycles:3(8:12) 
 "   0  1   2  3   4  5   6  7   8  9  10 11  12 13  14 15  16 17  18 19 "
 "   0  3   1  4   2  7   5  6   8 11   9 12  10 15  13 16  14 19  17 18 "
 "   0  5   1  8   2 13   3 10   4 15   6 17   7 12   9 14  11 18  16 19 "



   47: |Aut(M)| =  6,  Cycles:3(8:12) 
 "   0  1   2  3   4  5   6  7   8  9  10 11  12 13  14 15  16 17  18 19 "
 "   0  3   1  4   2  7   5  6   8 11   9 12  10 15  13 16  14 19  17 18 "
 "   0  5   1  8   2 13   3 14   4 17   6 15   7 12   9 18  10 19  11 16 "



   48: |Aut(M)| =  2,  Cycles:3(8:12) 
 "   0  1   2  3   4  5   6  7   8  9  10 11  12 13  14 15  16 17  18 19 "
 "   0  3   1  4   2  7   5  6   8 11   9 12  10 15  13 16  14 19  17 18 "
 "   0  5   1  8   2 15   3 16   4 19   6 11   7 12   9 18  10 17  13 14 "

