Non-Combined_BIBDs:          Total #:   Simple #:        Run Time:      Date:       Comments:
(  6,  3,  4)             4           1             0.17   Jan 15, 2023
(  6,  3,  6)             6           0             0.10   Jan 14, 2023
(  6,  3,  8)            13           0             0.17   Jan 14, 2023
(  6,  3, 10)            19           0             0.25   Jan 15, 2023
(  6,  3, 12)            34           0             0.41   Jan 14, 2023
(  6,  3, 14)            48           0             0.57   Jan 15, 2023
(  6,  3, 16)            76           0             0.94   Jan 15, 2023
(  6,  3, 18)           105           0             1.39   Jan 14, 2023
(  6,  3, 20)           153           0             2.78   Jan 15, 2023
(  6,  3, 22)           206           0             4.18   Jan 15, 2023
(  6,  3, 24)           286           0             9.53   Jan 15, 2023
(  6,  3, 26)           375           0            14.75   Jan 15, 2023
(  6,  3, 28)           501           0            33.14   Jan 14, 2023
(  6,  3, 30)           644           0            51.81   Jan 15, 2023
(  6,  3, 32)           835           0          1:55.30   Jan 15, 2023
(  6,  3, 34)          1053           0          2:42.29   Jan 15, 2023
(  6,  3, 36)          1334           0          5:52.19   Jan 15, 2023
(  6,  3, 38)          1654           0          8:29.38   Jan 15, 2023
(  6,  3, 40)          2055           0         17:11.63   Jan 15, 2023
(  7,  3,  3)            10           1             0.28   Jan 15, 2023
(  7,  3,  4)            35           1             0.74   Jan 15, 2023
(  7,  3,  5)           109           1             1.96   Jan 15, 2023
(  7,  3,  6)           418           0             5.64   Jan 15, 2023
(  7,  3,  7)          1508           0            15.35   Jan 15, 2023
(  7,  3,  8)          5413           0            49.29   Jan 15, 2023
(  7,  3,  9)         17785           0          3:02.92   Jan 15, 2023
(  7,  3, 10)         54613           0         17:08.21   Jan 15, 2023
(  7,  3, 11)        155118           0       1:18:35.59   Jan 15, 2023
(  7,  3, 12)        412991           0       7:20:01.81   Jan 15, 2023
(  7,  3, 13)       1033129           0    1:07:32:51.85   Jan 17, 2023
(  8,  4,  6)          2310         164             3.23   Jan 17, 2023
(  8,  4,  9)       8360901         164         27:29.37   Jan 17, 2023
(  9,  3,  2)            36          13             0.55   Jan 14, 2023
(  9,  3,  3)         22521         332            10.37   Jan 14, 2023
(  9,  3,  4)      16585031         332       9:07:05.07   Jan 15, 2023
( 11,  5,  4)          4393        3737             6.34   Jan 17, 2023
