

    1: |Aut(M)| =  48,  Cycles:24(8:8:12) 
 "   0  1  2  3   4  5  6  7   8  9 10 11  12 13 14 15  16 17 18 19  20 21 22 23  24 25 26 27 "
 "   0  5 10 15   1  4 11 14   2  7  8 13   3 16 21 26   6 17 20 27   9 18 23 24  12 19 22 25 "



    2: |Aut(M)| =  8,  Cycles:8(8:8:12) 16(8:20) 
 "   0  1  2  3   4  5  6  7   8  9 10 11  12 13 14 15  16 17 18 19  20 21 22 23  24 25 26 27 "
 "   0  5 10 15   1  4 11 14   2  7  8 13   3 16 21 26   6 17 20 27   9 19 22 24  12 18 23 25 "



    3: |Aut(M)| =  16,  Cycles:8(8:8:12) 16(28) 
 "   0  1  2  3   4  5  6  7   8  9 10 11  12 13 14 15  16 17 18 19  20 21 22 23  24 25 26 27 "
 "   0  5 10 15   1  4 11 14   2  7  9 12   3 16 21 26   6 17 20 27   8 18 23 25  13 19 22 24 "



    4: |Aut(M)| =  8,  Cycles:16(8:20) 8(28) 
 "   0  1  2  3   4  5  6  7   8  9 10 11  12 13 14 15  16 17 18 19  20 21 22 23  24 25 26 27 "
 "   0  5 10 15   1  4 11 14   2  7  9 12   3 16 21 26   6 17 23 24   8 19 22 25  13 18 20 27 "



    5: |Aut(M)| =  12,  Cycles:24(8:8:12) 
 "   0  1  2  3   4  5  6  7   8  9 10 11  12 13 14 15  16 17 18 19  20 21 22 23  24 25 26 27 "
 "   0  5 10 15   1  4 11 18   2  8 17 23   3 12 22 25   6  9 16 27   7 13 20 26  14 19 21 24 "



    6: |Aut(M)| =  8,  Cycles:8(8:8:12) 16(8:20) 
 "   0  1  2  3   4  5  6  7   8  9 10 11  12 13 14 15  16 17 18 19  20 21 22 23  24 25 26 27 "
 "   0  5 10 15   1  4 18 23   2  8 19 25   3 13 16 22   6 12 17 27   7  9 20 26  11 14 21 24 "



    7: |Aut(M)| =  8,  Cycles:16(8:20) 8(28) 
 "   0  1  2  3   4  5  6  7   8  9 10 11  12 13 14 15  16 17 18 19  20 21 22 23  24 25 26 27 "
 "   0  5 10 15   1  4 18 23   2  9 12 27   3 17 20 26   6  8 19 25   7 14 21 24  11 13 16 22 "



    8: |Aut(M)| =  8,  Cycles:8(8:8:12) 16(12:16) 
 "   0  1  2  3   4  5  6  7   8  9 10 11  12 13 14 15  16 17 18 19  20 21 22 23  24 25 26 27 "
 "   0  5 10 15   1  4 18 23   2 11 13 20   3 14 16 25   6 12 21 27   7  8 17 26   9 19 22 24 "



    9: |Aut(M)| =  28,  Cycles:24(28) 
 "   0  1  2  3   4  5  6  7   8  9 10 11  12 13 14 15  16 17 18 19  20 21 22 23  24 25 26 27 "
 "   0  5 10 15   1  6 11 16   2  7 17 20   3 18 21 24   4  9 14 27   8 13 23 26  12 19 22 25 "



   10: |Aut(M)| =  8,  Cycles:16(12:16) 8(28) 
 "   0  1  2  3   4  5  6  7   8  9 10 11  12 13 14 15  16 17 18 19  20 21 22 23  24 25 26 27 "
 "   0  5 10 15   1  6 11 16   2 13 19 20   3  8 21 26   4 14 23 25   7 17 22 24   9 12 18 27 "



   11: |Aut(M)| =  42,  Cycles:24(28) 
 "   0  1  2  3   4  5  6  7   8  9 10 11  12 13 14 15  16 17 18 19  20 21 22 23  24 25 26 27 "
 "   0  5 10 15   1  6 16 23   2 11 17 24   3 13 20 26   4  9 22 27   7 12 18 25   8 14 19 21 "

