

    1: |Aut(M)| =  588,  Cycles:2520(35)
 "   0  1  2  3  4   5  6  7  8  9  10 11 12 13 14  15 16 17 18 19  20 21 22 23 24  25 26 27 28 29  30 31 32 33 34 "
 "   0  6 12 18 24   1  7 13 19 25   2  8 14 26 30   3  9 20 27 31   4 15 21 28 32   5 11 17 23 34  10 16 22 29 33 "
 "   0  7 14 21 33   1  8 15 22 34   2  9 16 23 25   3 10 17 24 26   4 11 18 27 30   5 12 19 28 31   6 13 20 29 32 "
 "   0  8 17 29 31   1  9 10 18 32   2 11 19 20 33   3 12 21 25 34   4  5 13 22 26   6 14 15 23 27   7 16 24 28 30 "
 "   0  9 11 22 28   1 12 23 29 30   2 13 15 24 31   3  5 14 16 32   4  6 17 25 33   7 18 20 26 34   8 10 19 21 27 "
 "   0 13 16 27 34   1 14 17 20 28   2  5 18 21 29   3  6 19 22 30   4  7 10 23 31   8 11 24 25 32   9 12 15 26 33 "
 "   0 19 23 26 32   1  5 24 27 33   2  6 10 28 34   3  7 11 15 29   4  8 12 16 20   9 13 17 21 30  14 18 22 25 31 "


SRG #1 of type 1 with parameters (v,k,λ μ) = (49,18,7,6): |Aut(G)| = 588
*111111111111111111000000000000000000000000000000  0
1*11111110000000000111111111100000000000000000000  1
11*1111001100000000110000000011111111000000000000  2
111*111000011000000001100000011000000111111000000  3
1111*11000000110000000011000000110000110000111100  4
11111*1000000001100000000110000001100001100110011  5
111111*000000000011000000001100000011000011001111  6
1100000*01110101010101110101000100000001000001010  7
11000000*1101010101011101010100010000000100000101  8
101000011*010101010011000000010111010000100000101  9
1010000110*01010101100100000001110101001000001010 10
10010001010*0111010100100010001000010100111100000 11
100100001010*110101011000100010000001011011010000 12
1000100101011*01010010001100000010001010010111000 13
10001000101110*0101100010010000100010100001110100 14
100001010101010*011000010010101001100011000010001 15
1000010010101010*11000001101010001100100100100010 16
10000011010101011*0000001001110000101100001000110 17
100000101010101110*000010001101001010010010001001 18
0110000100110010000*01010111001010111000001100000 19
01100000110011000000*0101110110101011000010010000 20
010100011100100000010*010101010010000011101000101 21
0101000110110000000010*01010101100000101110001010 22
01001001000000110011010*0101101101000110000010100 23
010010001000010011001010*011110010100110000101000 24
0100010100001100100111010*01000001001000110110010 25
01000100100100110001101010*0100000110001001110001 26
010000110000000011110101110*010000110100010001001 27
0100001010000001011010111010*01001001010001000110 28
00110000010010001100110010010*0101110111001000000 29
001100000011000100110011000010*011101110110000000 30
0010100101100010000010110000010*01010101000011110 31
00101000111001000001010010000010*0101010100101101 32
001001000100000110101001010011110*010010100100010 33
0010010000100001110100001011011010*01101000010001 34
00100010010100100011100000110101010*0000011101001 35
001000100010110001011000010010101010*000011010110 36
0001100000010010110000111001011100100*00110010100 37
00011000000011010010010110001110110000*1001101000 38
000101010010100100000110001001010010001*001011011 39
0001010011010000100001100100001011000100*10100111 40
00010010000111000010101001010010000111001*0011001 41
000100100001101001010100001011000001101100*100110 42
0000110000010110100100001110000011010010101*01010 43
00001100000011110000100101100001001011010100*0101 44
000010110010010000100010100100011001001101010*011 45
0000101011000010010001010000100110001100101010*11 46
00000111001000001100001001001001010010011011011*0 47
000001101100000100100100001100001011000111001110* 48

Vertex orbits and group generators of graph:
  0  0  0  0  0  0  0  0  0  0  0  0  0  0  0  0  0  0  0  0  0  0  0  0  0  0  0  0  0  0  0  0  0  0  0  0  0  0  0  0  0  0  0  0  0  0  0  0  0
  0  1  1  1  1  1  1  7  7  7  7  7  7  7  7  7  7  7  7 19 19 21 21 23 23 23 23 21 21 23 23 21 21 21 21 23 23 19 19 23 23 21 21 21 21 23 23 19 19
  0  1  2  3  4  5  6  7  8  9 10 11 12 13 14 15 16 17 18 19 20 21 22 23 24 25 26 27 28 29 30 31 32 33 34 35 36 37 38 39 40 41 42 43 44 45 46 47 48
  0  1  2  3  4  5  6  8  7 10  9 12 11 14 13 16 15 18 17 20 19 22 21 24 23 26 25 28 27 30 29 32 31 34 33 36 35 38 37 40 39 42 41 44 43 46 45 48 47
  0  2  1  4  3  6  5 10  9  8  7 14 13 12 11 18 17 16 15 19 20 32 31 30 29 36 35 34 33 24 23 22 21 28 27 26 25 37 38 45 46 44 43 42 41 39 40 47 48
  1 22  8 26 20 28 24  7  3 21  0 19  5 25  2 23  6 27  4 10 40 39 11 31 41 47 30 45 37 48 14  9 12 46 18 32 16 35 44 15 42 43 34 36 33 13 29 17 38


SRG #1 of type 2 with parameters (v,k,λ μ) = (49,12,5,2): |Aut(G)| = 50803200
It's a rank 3 graph with (α, β) = (10, 0)
*111111111111000000000000000000000000000000000000  0
1*11111000000111111000000000000000000000000000000  1
11*1111000000000000111111000000000000000000000000  2
111*111000000000000000000111111000000000000000000  3
1111*11000000000000000000000000111111000000000000  4
11111*1000000000000000000000000000000111111000000  5
111111*000000000000000000000000000000000000111111  6
1000000*11111100000100000100000100000100000100000  7
10000001*1111010000010000010000010000010000010000  8
100000011*111001000001000001000001000001000001000  9
1000000111*11000100000100000100000100000100000100 10
10000001111*1000010000010000010000010000010000010 11
100000011111*000001000001000001000001000001000001 12
0100000100000*11111100000100000100000100000100000 13
01000000100001*1111010000010000010000010000010000 14
010000000100011*111001000001000001000001000001000 15
0100000000100111*11000100000100000100000100000100 16
01000000000101111*1000010000010000010000010000010 17
010000000000111111*000001000001000001000001000001 18
0010000100000100000*11111100000100000100000100000 19
00100000100000100001*1111010000010000010000010000 20
001000000100000100011*111001000001000001000001000 21
0010000000100000100111*11000100000100000100000100 22
00100000000100000101111*1000010000010000010000010 23
001000000000100000111111*000001000001000001000001 24
0001000100000100000100000*11111100000100000100000 25
00010000100000100000100001*1111010000010000010000 26
000100000100000100000100011*111001000001000001000 27
0001000000100000100000100111*11000100000100000100 28
00010000000100000100000101111*1000010000010000010 29
000100000000100000100000111111*000001000001000001 30
0000100100000100000100000100000*11111100000100000 31
00001000100000100000100000100001*1111010000010000 32
000010000100000100000100000100011*111001000001000 33
0000100000100000100000100000100111*11000100000100 34
00001000000100000100000100000101111*1000010000010 35
000010000000100000100000100000111111*000001000001 36
0000010100000100000100000100000100000*11111100000 37
00000100100000100000100000100000100001*1111010000 38
000001000100000100000100000100000100011*111001000 39
0000010000100000100000100000100000100111*11000100 40
00000100000100000100000100000100000101111*1000010 41
000001000000100000100000100000100000111111*000001 42
0000001100000100000100000100000100000100000*11111 43
00000010100000100000100000100000100000100001*1111 44
000000100100000100000100000100000100000100011*111 45
0000001000100000100000100000100000100000100111*11 46
00000010000100000100000100000100000100000101111*1 47
000000100000100000100000100000100000100000111111* 48

Vertex orbits and group generators of graph:
  0  0  0  0  0  0  0  0  0  0  0  0  0  0  0  0  0  0  0  0  0  0  0  0  0  0  0  0  0  0  0  0  0  0  0  0  0  0  0  0  0  0  0  0  0  0  0  0  0
  0  1  1  1  1  1  1  1  1  1  1  1  1 13 13 13 13 13 13 13 13 13 13 13 13 13 13 13 13 13 13 13 13 13 13 13 13 13 13 13 13 13 13 13 13 13 13 13 13
  0  1  2  3  4  5  6  7  8  9 10 11 12 13 14 15 16 17 18 19 20 21 22 23 24 25 26 27 28 29 30 31 32 33 34 35 36 37 38 39 40 41 42 43 44 45 46 47 48
  0  1  2  3  4  5  6  7  8  9 10 12 11 13 14 15 16 18 17 19 20 21 22 24 23 25 26 27 28 30 29 31 32 33 34 36 35 37 38 39 40 42 41 43 44 45 46 48 47
  0  1  2  3  4  5  6  7  8  9 11 10 12 13 14 15 17 16 18 19 20 21 23 22 24 25 26 27 29 28 30 31 32 33 35 34 36 37 38 39 41 40 42 43 44 45 47 46 48
  0  1  2  3  4  5  6  7  8 10  9 11 12 13 14 16 15 17 18 19 20 22 21 23 24 25 26 28 27 29 30 31 32 34 33 35 36 37 38 40 39 41 42 43 44 46 45 47 48
  0  1  2  3  4  5  6  7  9  8 10 11 12 13 15 14 16 17 18 19 21 20 22 23 24 25 27 26 28 29 30 31 33 32 34 35 36 37 39 38 40 41 42 43 45 44 46 47 48
  0  1  2  3  4  5  6  8  7  9 10 11 12 14 13 15 16 17 18 20 19 21 22 23 24 26 25 27 28 29 30 32 31 33 34 35 36 38 37 39 40 41 42 44 43 45 46 47 48
  0  1  2  3  4  6  5  7  8  9 10 11 12 13 14 15 16 17 18 19 20 21 22 23 24 25 26 27 28 29 30 31 32 33 34 35 36 43 44 45 46 47 48 37 38 39 40 41 42
  0  1  2  3  5  4  6  7  8  9 10 11 12 13 14 15 16 17 18 19 20 21 22 23 24 25 26 27 28 29 30 37 38 39 40 41 42 31 32 33 34 35 36 43 44 45 46 47 48
  0  1  2  4  3  5  6  7  8  9 10 11 12 13 14 15 16 17 18 19 20 21 22 23 24 31 32 33 34 35 36 25 26 27 28 29 30 37 38 39 40 41 42 43 44 45 46 47 48
  0  1  3  2  4  5  6  7  8  9 10 11 12 13 14 15 16 17 18 25 26 27 28 29 30 19 20 21 22 23 24 31 32 33 34 35 36 37 38 39 40 41 42 43 44 45 46 47 48
  0  2  1  3  4  5  6  7  8  9 10 11 12 19 20 21 22 23 24 13 14 15 16 17 18 25 26 27 28 29 30 31 32 33 34 35 36 37 38 39 40 41 42 43 44 45 46 47 48
  1  0  2  3  4  5  6 18 17 16 15 14 13 12 11 10  9  8  7 24 23 22 21 20 19 30 29 28 27 26 25 36 35 34 33 32 31 42 41 40 39 38 37 48 47 46 45 44 43

