

    1: |Aut(M)| =  588,  Cycles:504(28)
 "   0  1  2  3   4  5  6  7   8  9 10 11  12 13 14 15  16 17 18 19  20 21 22 23  24 25 26 27 "
 "   0  5 10 15   1  6 11 16   2  7 17 20   3 18 21 24   4  9 14 27   8 13 23 26  12 19 22 25 "
 "   0  6 23 25   1  7 12 26   2 13 16 27   3  8 14 17   4 10 19 21   5 11 22 24   9 15 18 20 "
 "   0  7 14 21   1  8 15 22   2  9 23 24   3 10 16 25   4 11 17 26   5 12 18 27   6 13 19 20 "
 "   0  9 19 26   1 10 20 27   2 11 12 21   3  4 13 22   5 14 16 23   6 15 17 24   7  8 18 25 "
 "   0 11 13 18   1 14 19 24   2  4 15 25   3  5 20 26   6  8 21 27   7  9 16 22  10 12 17 23 "
 "   0 17 22 27   1  4 18 23   2  5  8 19   3  6  9 12   7 10 13 24  11 14 20 25  15 16 21 26 "


SRG #1 of type 1 with parameters (v,k,λ μ) = (49,24,11,12): |Aut(G)| = 2352
It's a rank 3 graph with (α, β) = (25, 30)
*111111111111111111111111000000000000000000000000  0
1*11111111111000000000000111111111111000000000000  1
11*1111110000111100000000111100000000111111110000  2
111*111001100110011000000000011110000111100001111  3
1111*11000011000000111100110000001100110011001111  4
11111*1000000001100110011000011001111001100111100  5
111111*000000000011001111001100110011000011110011  6
1110000*11010101000111010101010110010110000111010  7
11100001*0101010100110101010101110001110000110101  8
110100010*110100010101110001101101100101110100100  9
1101000011*01010001011101001110011100011101011000 10
11001001010*1001111010100100011011010101011100001 11
110010001011*001111101000010011100101010111010010 12
1011000101000*11010101011110111001001011001000011 13
10110000101001*0101010111111011000110100110000011 14
101001010001110*111010001011110100100001001101110 15
1010010010011011*11100010101101011000000110011101 16
10010010010111011*1000101100100101011110100010110 17
100100100011101111*001010011000010111111000101001 18
1000110111001100100*11010000100010111011110000111 19
10001101101100110001*0101001000101011101101001011 20
100010110110110000110*110111010000001000101111101 21
1000101011110010010011*01110101000010001010111110 22
10000111010001101011010*1010001111110100011011000 23
100001101010011101001011*100010111101010011100100 24
0110100100010110110001101*11010011011010110001100 25
01101000100011110010011101*0101100111101001001100 26
011000110110001110101100010*100101101000110101011 27
0110001011100101110100100011*00011110001001010111 28
01010101001111110000010011000*1010110000101110111 29
010101001101111010000011001001*101001001010111011 30
0101001111001001010010011011001*10001100111001110 31
01010011101100001011000111001101*0010011011001101 32
010011000111010011001001110110100*101110001011001 33
0100110001101011001100011011110001*10110010100110 34
01000111000100100111101101101100101*1101100010010 35
010001101000110001111100111100110101*011100100001 36
0011100111010010011010010010000101110*10101110101 37
00111001101011000111000011000000111011*1010111010 38
001101000111010100111010001010101001101*111101000 39
0011010001101010110111000101010100011101*11010100 40
00101010010110101001001111010011101000111*1100010 41
001010100011110100001101101011011100010111*010001 42
0010011111010001001001101001011000101111010*10101 43
00100111101010001100011100001110010101101011*1010 44
000111010010000110101111011100111100001100001*110 45
0001110011000001110101101110110110100100100101*01 46
00011011000011110101101000011111001100100100110*1 47
000110101001011010111100000111101100110000110011* 48

Vertex orbits and group generators of graph:
  0  0  0  0  0  0  0  0  0  0  0  0  0  0  0  0  0  0  0  0  0  0  0  0  0  0  0  0  0  0  0  0  0  0  0  0  0  0  0  0  0  0  0  0  0  0  0  0  0
  0  1  1  1  1  1  1  1  1  1  1  1  1  1  1  1  1  1  1  1  1  1  1  1  1 25 25 25 25 25 25 25 25 25 25 25 25 25 25 25 25 25 25 25 25 25 25 25 25
  0  1  2  3  4  5  6  7  8  9 10 11 12 13 14 15 16 17 18 19 20 21 22 23 24 25 26 27 28 29 30 31 32 33 34 35 36 37 38 39 40 41 42 43 44 45 46 47 48
  0  1  2  3  4  5  6  8  7 10  9 12 11 14 13 16 15 18 17 20 19 22 21 24 23 26 25 28 27 30 29 32 31 34 33 36 35 38 37 40 39 42 41 44 43 46 45 48 47
  0  2  3  1  5  6  4 14 13  8  7 16 15 10  9 18 17 12 11 24 23 20 19 22 21 40 39 37 38 27 28 26 25 44 43 41 42 30 29 32 31 46 45 48 47 35 36 34 33
  1  0  2  4  3  6  5  7  8 11 12  9 10 25 26 27 28 33 34 32 31 29 30 35 36 13 14 15 16 21 22 20 19 17 18 23 24 37 38 41 42 39 40 43 44 47 48 45 46


SRG #1 of type 2 with parameters (v,k,λ μ) = (49,18,7,6): |Aut(G)| = 588
*111111111111111111000000000000000000000000000000  0
1*11111110000000000111111111100000000000000000000  1
11*1111001100000000110000000011111111000000000000  2
111*111000011000000001100000011000000111111000000  3
1111*11000000110000000011000000110000110000111100  4
11111*1000000001100000000110000001100001100110011  5
111111*000000000011000000001100000011000011001111  6
1100000*01110101010101110101000100000001000001010  7
11000000*1101010101011101010100010000000100000101  8
101000011*010101010011000000010111010000100000101  9
1010000110*01010101100100000001110101001000001010 10
10010001010*0111010100100010001000010100111100000 11
100100001010*110101011000100010000001011011010000 12
1000100101011*01010010001100000010001010010111000 13
10001000101110*0101100010010000100010100001110100 14
100001010101010*011000010010101001100011000010001 15
1000010010101010*11000001101010001100100100100010 16
10000011010101011*0000001001110000101100001000110 17
100000101010101110*000010001101001010010010001001 18
0110000100110010000*01010111001010111000001100000 19
01100000110011000000*0101110110101011000010010000 20
010100011100100000010*010101010010000011101000101 21
0101000110110000000010*01010101100000101110001010 22
01001001000000110011010*0101101101000110000010100 23
010010001000010011001010*011110010100110000101000 24
0100010100001100100111010*01000001001000110110010 25
01000100100100110001101010*0100000110001001110001 26
010000110000000011110101110*010000110100010001001 27
0100001010000001011010111010*01001001010001000110 28
00110000010010001100110010010*0101110111001000000 29
001100000011000100110011000010*011101110110000000 30
0010100101100010000010110000010*01010101000011110 31
00101000111001000001010010000010*0101010100101101 32
001001000100000110101001010011110*010010100100010 33
0010010000100001110100001011011010*01101000010001 34
00100010010100100011100000110101010*0000011101001 35
001000100010110001011000010010101010*000011010110 36
0001100000010010110000111001011100100*00110010100 37
00011000000011010010010110001110110000*1001101000 38
000101010010100100000110001001010010001*001011011 39
0001010011010000100001100100001011000100*10100111 40
00010010000111000010101001010010000111001*0011001 41
000100100001101001010100001011000001101100*100110 42
0000110000010110100100001110000011010010101*01010 43
00001100000011110000100101100001001011010100*0101 44
000010110010010000100010100100011001001101010*011 45
0000101011000010010001010000100110001100101010*11 46
00000111001000001100001001001001010010011011011*0 47
000001101100000100100100001100001011000111001110* 48

Vertex orbits and group generators of graph:
  0  0  0  0  0  0  0  0  0  0  0  0  0  0  0  0  0  0  0  0  0  0  0  0  0  0  0  0  0  0  0  0  0  0  0  0  0  0  0  0  0  0  0  0  0  0  0  0  0
  0  1  1  1  1  1  1  7  7  7  7  7  7  7  7  7  7  7  7 19 19 21 21 23 23 23 23 21 21 23 23 21 21 21 21 23 23 19 19 23 23 21 21 21 21 23 23 19 19
  0  1  2  3  4  5  6  7  8  9 10 11 12 13 14 15 16 17 18 19 20 21 22 23 24 25 26 27 28 29 30 31 32 33 34 35 36 37 38 39 40 41 42 43 44 45 46 47 48
  0  1  2  3  4  5  6  8  7 10  9 12 11 14 13 16 15 18 17 20 19 22 21 24 23 26 25 28 27 30 29 32 31 34 33 36 35 38 37 40 39 42 41 44 43 46 45 48 47
  0  2  1  4  3  6  5 10  9  8  7 14 13 12 11 18 17 16 15 19 20 32 31 30 29 36 35 34 33 24 23 22 21 28 27 26 25 37 38 45 46 44 43 42 41 39 40 47 48
  1 22  8 26 20 28 24  7  3 21  0 19  5 25  2 23  6 27  4 10 40 39 11 31 41 47 30 45 37 48 14  9 12 46 18 32 16 35 44 15 42 43 34 36 33 13 29 17 38



    2: |Aut(M)| =  882,  Cycles:504(28)
 "   0  1  2  3   4  5  6  7   8  9 10 11  12 13 14 15  16 17 18 19  20 21 22 23  24 25 26 27 "
 "   0  5 10 15   1  6 16 23   2 11 17 24   3 13 20 26   4  9 22 27   7 12 18 25   8 14 19 21 "
 "   0  6 11 13   1 14 20 27   2  7 16 21   3  9 18 24   4 10 23 25   5 12 19 26   8 15 17 22 "
 "   0  7  9 14   1 10 19 24   2 15 20 25   3  5 16 22   4 11 21 26   6 12 17 27   8 13 18 23 "
 "   0 17 23 26   1  4 15 18   2  5  8 27   3 10 12 21   6  9 19 20   7 13 22 24  11 14 16 25 "
 "   0 18 21 27   1 11 12 22   2  4 13 19   3  6  8 25   5 14 23 24   7 10 17 20   9 15 16 26 "
 "   0 19 22 25   1  7  8 26   2  9 12 23   3  4 14 17   5 11 18 20   6 15 21 24  10 13 16 27 "


SRG #2 of type 1 with parameters (v,k,λ μ) = (49,24,11,12): |Aut(G)| = 3528
It's a rank 3 graph with (α, β) = (22, 33)
*111111111111111111111111000000000000000000000000  0
1*11111111111000000000000111111111111000000000000  1
11*1111111000111000000000111000000000111111111000  2
111*111000111000111000000000111000000111111000111  3
1111*11000000111000111000000111111000000000111111  4
11111*1000000000111000111000000111111111000111000  5
111111*000000000000111111111000000111000111000111  6
1110000*00110110110110100110110100110100110110000  7
11100000*0101101101101010101101010101010101101000  8
111000000*011011011011001011011001011001011011000  9
1101000110*00110110010101101101011001011010000110 10
11010001010*0011011001011110110110100110001000101 11
110100001100*101101100110011011101010101100000011 12
1010100110101*00001101011110010011000101010110110 13
10101001011100*0100110110011001110000011001011101 14
101010001101100*010011101101100101000110100101011 15
1001010110101010*00011101000011010110101101101001 16
10010101011100010*0101011000101100011011110110010 17
100101001101110000*110110000110001101110011011100 18
1000101110001110011*00011001101100110000110011101 19
10001011011000111010*0110100110001011000011101011 20
100010101101010111000*101010011010101000101110110 21
1000011100101011101011*00011000101101110100010110 22
10000110100111100111100*0110000110011011001100011 23
100001100111010111010100*101000011110101010001101 24
0110001110110101000010011*00010101110011101001110 25
01100011010111100000011100*0001011011110110100101 26
011000101110101100010010100*100110101101011010011 27
0101100110110001011110000001*00011011100101110101 28
01011001010111001010110001000*0110101001110011011 29
010110001110101011010100001000*101110010011101110 30
0100110100011011010100110101011*00101101000101110 31
01001100101101101000010110111100*0011110000011011 32
010011000110110100101010111010100*110011000110101 33
0100011110010000101101101101011101*00010011110001 34
01000111010010001101100111101010110*0100101011010 35
010001101110000001101111001111011000*001110101100 36
0011010100011101101000101011100110010*00011101110 37
00110100101100110110001101100010111000*0110011011 38
001101000110111011000001110101010100100*101110101 39
0011001110001001110101100110110000011011*00011101 40
00110011011001000111100010110110001011100*0101011 41
001100101101001010101101010110100011010100*110110 42
0010110110000101110011010010101101101101011*00001 43
00101101010001100111011000011100111100111010*0010 44
001011001100001110111000110001111001111011000*100 45
0001101000110110001101101110101101001101101001*00 46
00011010001011010100111101010111100101100110100*0 47
000110100001101110011001101111001110001111010000* 48

Vertex orbits and group generators of graph:
  0  0  0  0  0  0  0  0  0  0  0  0  0  0  0  0  0  0  0  0  0  0  0  0  0  0  0  0  0  0  0  0  0  0  0  0  0  0  0  0  0  0  0  0  0  0  0  0  0
  0  1  1  1  1  1  1  1  1  1  1  1  1  1  1  1  1  1  1  1  1  1  1  1  1 25 25 25 25 25 25 25 25 25 25 25 25 25 25 25 25 25 25 25 25 25 25 25 25
  0  1  2  3  4  5  6  7  8  9 10 11 12 13 14 15 16 17 18 19 20 21 22 23 24 25 26 27 28 29 30 31 32 33 34 35 36 37 38 39 40 41 42 43 44 45 46 47 48
  0  1  2  3  4  5  6  8  9  7 12 10 11 15 13 14 18 16 17 21 19 20 23 24 22 27 25 26 30 28 29 32 33 31 36 34 35 38 39 37 42 40 41 45 43 44 47 48 46
  0  3  1  5  2  6  4 12 11 10 18 16 17  9  8  7 23 22 24 15 13 14 19 21 20 29 30 28 37 39 38 40 42 41 48 47 46 35 34 36 31 33 32 26 27 25 45 44 43
  1 10 28  8 32 27 36 33  3  7 30 25  0  4 35 11 12 34  2  5 26 29  9  6 31 46 20 17 38 13 16 24 47 14 39 22 41 15 42 19 18 43 40 48 44 37 45 21 23

