

    1: |Aut(M)| =  112,  Cycles:3(4:4:14) 
 "   0  1   2  3   4  5   6  7   8  9  10 11  12 13  14 15  16 17  18 19  20 21 "
 "   0  3   1  2   4  7   5  6   8 11   9 12  10 15  13 16  14 19  17 20  18 21 "
 "   0  5   1  4   2  7   3  6   8 13   9 10  11 14  12 17  15 18  16 21  19 20 "



    2: |Aut(M)| =  8,  Cycles:3(4:4:14) 
 "   0  1   2  3   4  5   6  7   8  9  10 11  12 13  14 15  16 17  18 19  20 21 "
 "   0  3   1  2   4  7   5  6   8 11   9 12  10 15  13 16  14 19  17 20  18 21 "
 "   0  5   1  4   2  7   3  6   8 13   9 10  11 14  12 19  15 20  16 21  17 18 "



    3: |Aut(M)| =  16,  Cycles:3(4:4:14) 
 "   0  1   2  3   4  5   6  7   8  9  10 11  12 13  14 15  16 17  18 19  20 21 "
 "   0  3   1  2   4  7   5  6   8 11   9 12  10 15  13 16  14 19  17 20  18 21 "
 "   0  5   1  4   2  7   3  6   8 13   9 10  11 18  12 21  14 17  15 20  16 19 "



    4: |Aut(M)| =  16,  Cycles:3(4:4:14) 
 "   0  1   2  3   4  5   6  7   8  9  10 11  12 13  14 15  16 17  18 19  20 21 "
 "   0  3   1  2   4  7   5  6   8 11   9 12  10 15  13 16  14 19  17 20  18 21 "
 "   0  5   1  4   2  7   3  6   8 13   9 10  11 20  12 19  14 17  15 18  16 21 "



    5: |Aut(M)| =  8,  Cycles:3(4:4:14) 
 "   0  1   2  3   4  5   6  7   8  9  10 11  12 13  14 15  16 17  18 19  20 21 "
 "   0  3   1  2   4  7   5  6   8 11   9 12  10 15  13 16  14 19  17 20  18 21 "
 "   0  5   1  4   2  7   3  6   8 13   9 14  10 17  11 18  12 21  15 16  19 20 "



    6: |Aut(M)| =  16,  Cycles:3(4:4:14) 
 "   0  1   2  3   4  5   6  7   8  9  10 11  12 13  14 15  16 17  18 19  20 21 "
 "   0  3   1  2   4  7   5  6   8 11   9 12  10 15  13 16  14 19  17 20  18 21 "
 "   0  5   1  4   2  7   3  6   8 13   9 14  10 19  11 12  15 20  16 21  17 18 "



    7: |Aut(M)| =  24,  Cycles:3(4:4:14) 
 "   0  1   2  3   4  5   6  7   8  9  10 11  12 13  14 15  16 17  18 19  20 21 "
 "   0  3   1  2   4  7   5  6   8 11   9 12  10 15  13 16  14 19  17 20  18 21 "
 "   0  5   1  4   2  7   3  6   8 13   9 14  10 21  11 12  15 16  17 18  19 20 "



    8: |Aut(M)| =  24,  Cycles:3(4:4:14) 
 "   0  1   2  3   4  5   6  7   8  9  10 11  12 13  14 15  16 17  18 19  20 21 "
 "   0  3   1  2   4  7   5  6   8 11   9 12  10 15  13 16  14 19  17 20  18 21 "
 "   0  5   1  4   2  7   3  6   8 13   9 18  10 17  11 20  12 15  14 21  16 19 "



    9: |Aut(M)| =  168,  Cycles:3(4:4:14) 
 "   0  1   2  3   4  5   6  7   8  9  10 11  12 13  14 15  16 17  18 19  20 21 "
 "   0  3   1  2   4  7   5  6   8 11   9 12  10 15  13 16  14 19  17 20  18 21 "
 "   0  5   1  4   2  7   3  6   8 17   9 14  10 13  11 18  12 21  15 20  16 19 "



   10: |Aut(M)| =  1,  Cycles:3(4:4:14) 
 "   0  1   2  3   4  5   6  7   8  9  10 11  12 13  14 15  16 17  18 19  20 21 "
 "   0  3   1  2   4  7   5  6   8 11   9 12  10 15  13 16  14 19  17 20  18 21 "
 "   0  5   1  4   2  7   3  8   6 13   9 10  11 18  12 21  14 17  15 16  19 20 "



   11: |Aut(M)| =  1,  Cycles:3(4:4:14) 
 "   0  1   2  3   4  5   6  7   8  9  10 11  12 13  14 15  16 17  18 19  20 21 "
 "   0  3   1  2   4  7   5  6   8 11   9 12  10 15  13 16  14 19  17 20  18 21 "
 "   0  5   1  4   2  7   3  8   6 13   9 10  11 20  12 15  14 21  16 19  17 18 "



   12: |Aut(M)| =  1,  Cycles:3(4:4:14) 
 "   0  1   2  3   4  5   6  7   8  9  10 11  12 13  14 15  16 17  18 19  20 21 "
 "   0  3   1  2   4  7   5  6   8 11   9 12  10 15  13 16  14 19  17 20  18 21 "
 "   0  5   1  4   2  7   3  8   6 13   9 14  10 21  11 20  12 19  15 16  17 18 "



   13: |Aut(M)| =  1,  Cycles:3(4:4:14) 
 "   0  1   2  3   4  5   6  7   8  9  10 11  12 13  14 15  16 17  18 19  20 21 "
 "   0  3   1  2   4  7   5  6   8 11   9 12  10 15  13 16  14 19  17 20  18 21 "
 "   0  5   1  4   2  7   3  8   6 13   9 16  10 17  11 18  12 19  14 21  15 20 "



   14: |Aut(M)| =  1,  Cycles:3(4:4:14) 
 "   0  1   2  3   4  5   6  7   8  9  10 11  12 13  14 15  16 17  18 19  20 21 "
 "   0  3   1  2   4  7   5  6   8 11   9 12  10 15  13 16  14 19  17 20  18 21 "
 "   0  5   1  4   2  7   3  8   6 13   9 16  10 21  11 20  12 19  14 17  15 18 "



   15: |Aut(M)| =  1,  Cycles:3(4:4:14) 
 "   0  1   2  3   4  5   6  7   8  9  10 11  12 13  14 15  16 17  18 19  20 21 "
 "   0  3   1  2   4  7   5  6   8 11   9 12  10 15  13 16  14 19  17 20  18 21 "
 "   0  5   1  4   2  7   3  8   6 17   9 10  11 14  12 19  13 18  15 20  16 21 "



   16: |Aut(M)| =  1,  Cycles:3(4:4:14) 
 "   0  1   2  3   4  5   6  7   8  9  10 11  12 13  14 15  16 17  18 19  20 21 "
 "   0  3   1  2   4  7   5  6   8 11   9 12  10 15  13 16  14 19  17 20  18 21 "
 "   0  5   1  4   2  7   3  8   6 17   9 14  10 21  11 16  12 19  13 18  15 20 "



   17: |Aut(M)| =  1,  Cycles:3(4:4:14) 
 "   0  1   2  3   4  5   6  7   8  9  10 11  12 13  14 15  16 17  18 19  20 21 "
 "   0  3   1  2   4  7   5  6   8 11   9 12  10 15  13 16  14 19  17 20  18 21 "
 "   0  5   1  4   2  7   3  8   6 17   9 18  10 13  11 12  14 21  15 16  19 20 "



   18: |Aut(M)| =  1,  Cycles:3(4:4:14) 
 "   0  1   2  3   4  5   6  7   8  9  10 11  12 13  14 15  16 17  18 19  20 21 "
 "   0  3   1  2   4  7   5  6   8 11   9 12  10 15  13 16  14 19  17 20  18 21 "
 "   0  5   1  4   2  7   3  8   6 21   9 10  11 12  13 14  15 20  16 19  17 18 "



   19: |Aut(M)| =  2,  Cycles:3(4:4:14) 
 "   0  1   2  3   4  5   6  7   8  9  10 11  12 13  14 15  16 17  18 19  20 21 "
 "   0  3   1  2   4  7   5  6   8 11   9 12  10 15  13 16  14 19  17 20  18 21 "
 "   0  5   1  4   2  7   3  8   6 21   9 10  11 14  12 15  13 20  16 19  17 18 "



   20: |Aut(M)| =  2,  Cycles:3(4:4:14) 
 "   0  1   2  3   4  5   6  7   8  9  10 11  12 13  14 15  16 17  18 19  20 21 "
 "   0  3   1  2   4  7   5  6   8 11   9 12  10 15  13 16  14 19  17 20  18 21 "
 "   0  5   1  4   2  7   3  8   6 21   9 14  10 17  11 16  12 19  13 20  15 18 "



   21: |Aut(M)| =  2,  Cycles:3(4:4:14) 
 "   0  1   2  3   4  5   6  7   8  9  10 11  12 13  14 15  16 17  18 19  20 21 "
 "   0  3   1  2   4  7   5  6   8 11   9 12  10 15  13 16  14 19  17 20  18 21 "
 "   0  5   1  4   2  7   3  8   6 21   9 14  10 17  11 20  12 19  13 18  15 16 "



   22: |Aut(M)| =  2,  Cycles:3(4:4:14) 
 "   0  1   2  3   4  5   6  7   8  9  10 11  12 13  14 15  16 17  18 19  20 21 "
 "   0  3   1  2   4  7   5  6   8 11   9 12  10 15  13 16  14 19  17 20  18 21 "
 "   0  5   1  4   2  7   3  8   6 21   9 18  10 13  11 20  12 19  14 17  15 16 "



   23: |Aut(M)| =  2,  Cycles:3(4:4:14) 
 "   0  1   2  3   4  5   6  7   8  9  10 11  12 13  14 15  16 17  18 19  20 21 "
 "   0  3   1  2   4  7   5  6   8 11   9 12  10 15  13 16  14 19  17 20  18 21 "
 "   0  5   1  4   2  9   3  8   6 13   7 16  10 21  11 12  14 17  15 18  19 20 "



   24: |Aut(M)| =  2,  Cycles:3(4:4:14) 
 "   0  1   2  3   4  5   6  7   8  9  10 11  12 13  14 15  16 17  18 19  20 21 "
 "   0  3   1  2   4  7   5  6   8 11   9 12  10 15  13 16  14 19  17 20  18 21 "
 "   0  5   1  4   2  9   3  8   6 17   7 20  10 21  11 12  13 14  15 18  16 19 "



   25: |Aut(M)| =  4,  Cycles:3(4:4:14) 
 "   0  1   2  3   4  5   6  7   8  9  10 11  12 13  14 15  16 17  18 19  20 21 "
 "   0  3   1  2   4  7   5  6   8 11   9 12  10 15  13 16  14 19  17 20  18 21 "
 "   0  5   1  4   2  9   3  8   6 21   7 18  10 17  11 12  13 14  15 20  16 19 "



   26: |Aut(M)| =  1,  Cycles:3(4:4:14) 
 "   0  1   2  3   4  5   6  7   8  9  10 11  12 13  14 15  16 17  18 19  20 21 "
 "   0  3   1  2   4  7   5  6   8 11   9 12  10 15  13 16  14 19  17 20  18 21 "
 "   0  5   1  4   2  9   3 10   6 17   7 20   8 21  11 18  12 15  13 14  16 19 "



   27: |Aut(M)| =  2,  Cycles:3(4:4:14) 
 "   0  1   2  3   4  5   6  7   8  9  10 11  12 13  14 15  16 17  18 19  20 21 "
 "   0  3   1  2   4  7   5  6   8 11   9 12  10 15  13 16  14 19  17 20  18 21 "
 "   0  5   1  4   2  9   3 12   6 11   7 18   8 21  10 13  14 17  15 16  19 20 "



   28: |Aut(M)| =  1,  Cycles:3(4:4:14) 
 "   0  1   2  3   4  5   6  7   8  9  10 11  12 13  14 15  16 17  18 19  20 21 "
 "   0  3   1  2   4  7   5  6   8 11   9 12  10 15  13 16  14 19  17 20  18 21 "
 "   0  5   1  4   2  9   3 12   6 13   7 10   8 21  11 18  14 17  15 16  19 20 "



   29: |Aut(M)| =  2,  Cycles:3(4:4:14) 
 "   0  1   2  3   4  5   6  7   8  9  10 11  12 13  14 15  16 17  18 19  20 21 "
 "   0  3   1  2   4  7   5  6   8 11   9 12  10 15  13 16  14 19  17 20  18 21 "
 "   0  5   1  4   2  9   3 12   6 13   7 14   8 17  10 21  11 20  15 18  16 19 "



   30: |Aut(M)| =  4,  Cycles:3(4:4:14) 
 "   0  1   2  3   4  5   6  7   8  9  10 11  12 13  14 15  16 17  18 19  20 21 "
 "   0  3   1  2   4  7   5  6   8 11   9 12  10 15  13 16  14 19  17 20  18 21 "
 "   0  5   1  6   2  7   3  8   4 21   9 14  10 17  11 16  12 19  13 18  15 20 "



   31: |Aut(M)| =  2,  Cycles:3(4:4:14) 
 "   0  1   2  3   4  5   6  7   8  9  10 11  12 13  14 15  16 17  18 19  20 21 "
 "   0  3   1  2   4  7   5  6   8 11   9 12  10 15  13 16  14 19  17 20  18 21 "
 "   0  5   1  6   2  9   3  8   4 11   7 14  10 17  12 19  13 18  15 20  16 21 "



   32: |Aut(M)| =  1,  Cycles:3(4:4:14) 
 "   0  1   2  3   4  5   6  7   8  9  10 11  12 13  14 15  16 17  18 19  20 21 "
 "   0  3   1  2   4  7   5  6   8 11   9 12  10 15  13 16  14 19  17 20  18 21 "
 "   0  5   1  6   2  9   3  8   4 13   7 16  10 17  11 18  12 19  14 21  15 20 "



   33: |Aut(M)| =  2,  Cycles:3(4:4:14) 
 "   0  1   2  3   4  5   6  7   8  9  10 11  12 13  14 15  16 17  18 19  20 21 "
 "   0  3   1  2   4  7   5  6   8 11   9 12  10 15  13 16  14 19  17 20  18 21 "
 "   0  5   1  6   2  9   3  8   4 17   7 20  10 21  11 18  12 15  13 14  16 19 "



   34: |Aut(M)| =  4,  Cycles:3(4:4:14) 
 "   0  1   2  3   4  5   6  7   8  9  10 11  12 13  14 15  16 17  18 19  20 21 "
 "   0  3   1  2   4  7   5  6   8 11   9 12  10 15  13 16  14 19  17 20  18 21 "
 "   0  5   1  6   2  9   3  8   4 21   7 18  10 13  11 20  12 19  14 17  15 16 "



   35: |Aut(M)| =  2,  Cycles:3(4:4:14) 
 "   0  1   2  3   4  5   6  7   8  9  10 11  12 13  14 15  16 17  18 19  20 21 "
 "   0  3   1  2   4  7   5  6   8 11   9 12  10 15  13 16  14 19  17 20  18 21 "
 "   0  5   1  6   2  9   3  8   4 21   7 18  10 17  11 16  12 19  13 14  15 20 "



   36: |Aut(M)| =  1,  Cycles:3(4:4:14) 
 "   0  1   2  3   4  5   6  7   8  9  10 11  12 13  14 15  16 17  18 19  20 21 "
 "   0  3   1  2   4  7   5  6   8 11   9 12  10 15  13 16  14 19  17 20  18 21 "
 "   0  5   1  8   2  9   3 10   4 17   6 21   7 20  11 18  12 15  13 14  16 19 "



   37: |Aut(M)| =  1,  Cycles:3(4:4:14) 
 "   0  1   2  3   4  5   6  7   8  9  10 11  12 13  14 15  16 17  18 19  20 21 "
 "   0  3   1  2   4  7   5  6   8 11   9 12  10 15  13 16  14 19  17 20  18 21 "
 "   0  5   1  8   2  9   3 12   4 21   6 19   7 18  10 13  11 20  14 17  15 16 "



   38: |Aut(M)| =  1,  Cycles:3(4:4:14) 
 "   0  1   2  3   4  5   6  7   8  9  10 11  12 13  14 15  16 17  18 19  20 21 "
 "   0  3   1  2   4  7   5  6   8 11   9 12  10 15  13 16  14 19  17 20  18 21 "
 "   0  5   1  8   2  9   3 14   4 13   6 17   7 16  10 21  11 20  12 19  15 18 "



   39: |Aut(M)| =  1,  Cycles:3(4:4:14) 
 "   0  1   2  3   4  5   6  7   8  9  10 11  12 13  14 15  16 17  18 19  20 21 "
 "   0  3   1  2   4  7   5  6   8 11   9 12  10 15  13 16  14 19  17 20  18 21 "
 "   0  5   1  8   2  9   3 20   4 15   6 11   7 10  12 19  13 18  14 17  16 21 "



   40: |Aut(M)| =  1,  Cycles:3(4:4:14) 
 "   0  1   2  3   4  5   6  7   8  9  10 11  12 13  14 15  16 17  18 19  20 21 "
 "   0  3   1  2   4  7   5  6   8 11   9 12  10 15  13 16  14 19  17 20  18 21 "
 "   0  5   1  8   2  9   3 20   4 15   6 11   7 10  12 21  13 14  16 19  17 18 "



   41: |Aut(M)| =  1,  Cycles:3(4:4:14) 
 "   0  1   2  3   4  5   6  7   8  9  10 11  12 13  14 15  16 17  18 19  20 21 "
 "   0  3   1  2   4  7   5  6   8 11   9 12  10 15  13 16  14 19  17 20  18 21 "
 "   0  5   1  8   2 11   3 10   4 13   6  9   7 18  12 21  14 17  15 16  19 20 "



   42: |Aut(M)| =  2,  Cycles:3(4:4:14) 
 "   0  1   2  3   4  5   6  7   8  9  10 11  12 13  14 15  16 17  18 19  20 21 "
 "   0  3   1  2   4  7   5  6   8 11   9 12  10 15  13 16  14 19  17 20  18 21 "
 "   0  5   1  8   2 11   3 10   4 13   6 17   7 16   9 14  12 21  15 18  19 20 "



   43: |Aut(M)| =  1,  Cycles:3(4:4:14) 
 "   0  1   2  3   4  5   6  7   8  9  10 11  12 13  14 15  16 17  18 19  20 21 "
 "   0  3   1  2   4  7   5  6   8 11   9 12  10 15  13 16  14 19  17 20  18 21 "
 "   0  5   1  8   2 11   3 10   4 13   6 17   7 16   9 18  12 15  14 21  19 20 "



   44: |Aut(M)| =  6,  Cycles:3(4:4:14) 
 "   0  1   2  3   4  5   6  7   8  9  10 11  12 13  14 15  16 17  18 19  20 21 "
 "   0  3   1  2   4  7   5  6   8 11   9 12  10 15  13 16  14 19  17 20  18 21 "
 "   0  5   1  8   2 11   3 10   4 13   6 19   7 20   9 18  12 21  14 17  15 16 "



   45: |Aut(M)| =  1,  Cycles:3(4:4:14) 
 "   0  1   2  3   4  5   6  7   8  9  10 11  12 13  14 15  16 17  18 19  20 21 "
 "   0  3   1  2   4  7   5  6   8 11   9 12  10 15  13 16  14 19  17 20  18 21 "
 "   0  5   1  8   2 11   3 10   4 15   6  9   7 20  12 19  13 18  14 17  16 21 "



   46: |Aut(M)| =  1,  Cycles:3(4:4:14) 
 "   0  1   2  3   4  5   6  7   8  9  10 11  12 13  14 15  16 17  18 19  20 21 "
 "   0  3   1  2   4  7   5  6   8 11   9 12  10 15  13 16  14 19  17 20  18 21 "
 "   0  5   1  8   2 11   3 10   4 15   6 13   7 12   9 18  14 17  16 21  19 20 "



   47: |Aut(M)| =  1,  Cycles:3(4:4:14) 
 "   0  1   2  3   4  5   6  7   8  9  10 11  12 13  14 15  16 17  18 19  20 21 "
 "   0  3   1  2   4  7   5  6   8 11   9 12  10 15  13 16  14 19  17 20  18 21 "
 "   0  5   1  8   2 11   3 10   4 15   6 21   7 12   9 20  13 14  16 19  17 18 "



   48: |Aut(M)| =  1,  Cycles:3(4:4:14) 
 "   0  1   2  3   4  5   6  7   8  9  10 11  12 13  14 15  16 17  18 19  20 21 "
 "   0  3   1  2   4  7   5  6   8 11   9 12  10 15  13 16  14 19  17 20  18 21 "
 "   0  5   1  8   2 11   3 10   4 15   6 21   7 20   9 18  12 17  13 14  16 19 "



   49: |Aut(M)| =  4,  Cycles:3(4:4:14) 
 "   0  1   2  3   4  5   6  7   8  9  10 11  12 13  14 15  16 17  18 19  20 21 "
 "   0  3   1  2   4  7   5  6   8 11   9 12  10 15  13 16  14 19  17 20  18 21 "
 "   0  5   1  8   2 11   3 10   4 17   6 21   7 20   9 14  12 15  13 18  16 19 "



   50: |Aut(M)| =  4,  Cycles:3(4:4:14) 
 "   0  1   2  3   4  5   6  7   8  9  10 11  12 13  14 15  16 17  18 19  20 21 "
 "   0  3   1  2   4  7   5  6   8 11   9 12  10 15  13 16  14 19  17 20  18 21 "
 "   0  5   1  8   2 11   3 10   4 17   6 21   7 20   9 18  12 19  13 14  15 16 "



   51: |Aut(M)| =  1,  Cycles:3(4:4:14) 
 "   0  1   2  3   4  5   6  7   8  9  10 11  12 13  14 15  16 17  18 19  20 21 "
 "   0  3   1  2   4  7   5  6   8 11   9 12  10 15  13 16  14 19  17 20  18 21 "
 "   0  5   1  8   2 11   3 10   4 19   6 17   7 14   9 16  12 21  13 20  15 18 "



   52: |Aut(M)| =  2,  Cycles:3(4:4:14) 
 "   0  1   2  3   4  5   6  7   8  9  10 11  12 13  14 15  16 17  18 19  20 21 "
 "   0  3   1  2   4  7   5  6   8 11   9 12  10 15  13 16  14 19  17 20  18 21 "
 "   0  5   1  8   2 11   3 16   4 17   6 15   7 14   9 18  10 19  12 21  13 20 "



   53: |Aut(M)| =  2,  Cycles:3(4:4:14) 
 "   0  1   2  3   4  5   6  7   8  9  10 11  12 13  14 15  16 17  18 19  20 21 "
 "   0  3   1  2   4  7   5  6   8 11   9 12  10 15  13 16  14 19  17 20  18 21 "
 "   0  5   1  8   2 11   3 18   4 19   6 13   7 12   9 16  10 17  14 21  15 20 "

