

    1: |Aut(M)| =  660,  Cycles:55(6:6)
 "   0  1   2  3   4  5   6  7   8  9  10 11 "
 "   0  2   1  4   3  5   6  8   7 10   9 11 "
 "   0  3   1  6   2  7   4  9   5 10   8 11 "
 "   0  4   1  8   2  6   3 10   5  9   7 11 "
 "   0  5   1  7   2  9   3 11   4  6   8 10 "
 "   0  6   1  9   2 10   3  4   5 11   7  8 "
 "   0  7   1 10   2  4   3  9   5  8   6 11 "
 "   0  8   1 11   2  5   3  6   4  7   9 10 "
 "   0  9   1  2   3  8   4 11   5  7   6 10 "
 "   0 10   1  3   2 11   4  8   5  6   7  9 "
 "   0 11   1  5   2  8   3  7   4 10   6  9 "


Orbits and generators of the Aut(M) acting on elements:
0  0  0  0  0  0  0  0  0  0  0  0
0  1  2  3  4  5  6  7  8  9 10 11
0  1  5  4  7  6  8  9 10 11  2  3
0  2  3  5  7 10  9 11  4  1  8  6
1  0  3  2 10 11  9  8  7  6  4  5

Orbits and generators of Aut(M) acting on matrix rows, |Aut(R)| = 660:
0  0  0  0  0  0  0  0  0  0  0
0  1  2  3  4  5  6  7  8  9 10
0  1  3  5  6  2  9  8 10  4  7
0  2  1  5  8  3  6  9  4  7 10
1  0  2  5  4  3  9  7 10  6  8

Orbits and generators of Aut(M) acting on k-sets, |Aut(K)| = 660:
0  0  0  0  0  0  0  0  0  0  0  0  0  0  0  0  0  0  0  0  0  0  0  0  0  0  0  0  0  0  0  0  0  0  0  0  0  0  0  0  0  0  0  0  0  0  0  0  0  0  0  0  0  0  0  0  0  0  0  0  0  0  0  0  0  0
0  1  2  3  4  5  6  7  8  9 10 11 12 13 14 15 16 17 18 19 20 21 22 23 24 25 26 27 28 29 30 31 32 33 34 35 36 37 38 39 40 41 42 43 44 45 46 47 48 49 50 51 52 53 54 55 56 57 58 59 60 61 62 63 64 65
0  1  5  4  3  2 55 54 56 59 57 58 49 48 50 53 51 52 37 36 39 38 41 40 43 42 45 44 47 46 31 30 33 32 34 35 19 18 21 20 23 22 25 24 27 26 29 28 13 12 14 16 17 15  7  6  8 10 11  9 61 60 63 62 64 65
0  2  1  5  4  3  7  6  8 11 10  9 61 60 64 62 63 65 49 48 51 52 50 53 55 54 57 58 56 59 43 42 46 44 45 47 37 36 38 40 39 41 31 30 33 34 32 35 19 18 22 20 21 23 25 24 28 26 27 29 13 12 15 16 14 17
1  0  2  4  3  5  6  8  7  9 11 10 49 50 48 52 51 53 44 45 42 43 46 47 38 39 36 37 40 41 62 63 60 61 64 65 26 27 24 25 28 29 20 21 18 19 22 23 14 12 13 16 15 17 56 55 54 58 57 59 32 33 30 31 34 35

SRG #1 of type 1 with parameters (v,k,λ μ) = (66,45,28,36): |Aut(G)| = 479001600
It's a rank 3 graph with (α, β) = (210, 378)
*11111111111111111111111111111111111111111111100000000000000000000  0
1*1111111111111111111111111111000000000000000011111111111111110000  1
11*111111111111111000000000000111111111111000011111111111100001111  2
111*11111100000000111111110000111111110000111111111111000011111111  3
1111*1000011110000111100001111111100001111111111110000111111111111  4
11111*000000001111000011111111000011111111111100001111111111111111  5
111100*10011001100110011001111110011001111111111001100111111111111  6
1111001*0000110011001100111111001100111111111100110011111111111111  7
11110000*111000011110000111111110000111111111111000011111111111111  8
111100001*00111100001111001111001111001111111100111100111111111111  9
1110101010*0101010001111111100001111111100111100111111110011111111 10
11101010100*010101001111110011001111110011111100111111001111111111 11
111010010110*00101110011110011110011110011111111001111001111111111 12
1110100101010*1010110011111100110011111100111111001111110011111111 13
11100110011001*001111100110011111100110011111111110011001111111111 14
111001100101100*10111100111100111100111100111111110011110011111111 15
1110010110100101*0111111000011111111000011111111111100001111111111 16
11100101100110100*111111001100111111001100111111111100110011111111 17
110110101000111111*01010101010001111111111110000111111111111001111 18
1101101010001111110*0101010101001111111111001100111111111100111111 19
11011001011100111110*001010101110011111111001111001111111100111111 20
110110010111001111010*10101010110011111111110011001111111111001111 21
1101011001111100111001*0010101111100111111001111110011111100111111 22
11010110011111001101100*101010111100111111110011110011111111001111 23
110101011011111100100101*00101111111001111001111111100111100111111 24
1101010110111111000110100*1010111111001111110011111100111111001111 25
11001111111001010110010101*001111111110011001111111111001100111111 26
110011111110010101011010100*10111111110011110011111111001111001111 27
1100111111011010101001010101*0111111111100001111111111110000111111 28
11001111110110101001101010100*111111111100110011111111110011001111 29
101110101000111111001111111111*01010101010101000111111111111111100 30
1011101010001111110011111111110*0101010101010100111111111111110011 31
10111001011100111111001111111110*001010101010111001111111111110011 32
101110010111001111110011111111010*10101010101011001111111111111100 33
1011011001111100111111001111111001*0010101010111110011111111110011 34
10110110011111001111110011111101100*101010101011110011111111111100 35
101101011011111100111111001111100101*00101010111111100111111110011 36
1011010110111111001111110011110110100*1010101011111100111111111100 37
10101111111001010111111111001110010101*001010111111111001111110011 38
101011111110010101111111110011011010100*10101011111111001111111100 39
1010111111011010101111111111001001010101*0010111111111110011110011 40
10101111110110101011111111110001101010100*101011111111110011111100 41
100111111111111111100101010101100101010101*00111111111111100110011 42
1001111111111111111001010101010110101010100*1011111111111100111100 43
10011111111111111101101010101010010101010101*011111111111111000011 44
100111111111111111011010101010011010101010100*11111111111111001100 45
0111101010001111110011111111110011111111111111*0101010101010101010 46
01111010100011111100111111111100111111111111110*010101010101010101 47
011110010111001111110011111111110011111111111110*00101010101010101 48
0111100101110011111100111111111100111111111111010*1010101010101010 49
01110110011111001111110011111111110011111111111001*001010101010101 50
011101100111110011111100111111111100111111111101100*10101010101010 51
0111010110111111001111110011111111110011111111100101*0010101010101 52
01110101101111110011111100111111111100111111110110100*101010101010 53
011011111110010101111111110011111111110011111110010101*00101010101 54
0110111111100101011111111100111111111100111111011010100*1010101010 55
01101111110110101011111111110011111111110011111001010101*001010101 56
011011111101101010111111111100111111111100111101101010100*10101010 57
0101111111111111111001010101011111111111110011100101010101*0010101 58
01011111111111111110010101010111111111111100110110101010100*101010 59
010111111111111111011010101010111111111111110010010101010101*00101 60
0101111111111111110110101010101111111111111100011010101010100*1010 61
00111111111111111111111111111110010101010101011001010101010101*001 62
001111111111111111111111111111100101010101010101101010101010100*10 63
0011111111111111111111111111110110101010101010100101010101010101*0 64
00111111111111111111111111111101101010101010100110101010101010100* 65

Vertex orbits and group generators of graph:
  0  0  0  0  0  0  0  0  0  0  0  0  0  0  0  0  0  0  0  0  0  0  0  0  0  0  0  0  0  0  0  0  0  0  0  0  0  0  0  0  0  0  0  0  0  0  0  0  0  0  0  0  0  0  0  0  0  0  0  0  0  0  0  0  0  0
  0  1  1  1  1  1  1  1  1  1  1  1  1  1  1  1  1  1  1  1  1  1  1  1  1  1  1  1  1  1  1  1  1  1  1  1  1  1  1  1  1  1  1  1  1  1 46 46 46 46 46 46 46 46 46 46 46 46 46 46 46 46 46 46 46 46
  0  1  2  3  4  5  6  7  8  9 10 11 12 13 14 15 16 17 18 19 20 21 22 23 24 25 26 27 28 29 30 31 32 33 34 35 36 37 38 39 40 41 42 43 44 45 46 47 48 49 50 51 52 53 54 55 56 57 58 59 60 61 62 63 64 65
  0  1  2  3  4  5  6  7  8  9 10 11 12 13 14 15 16 17 18 19 20 21 22 23 24 25 26 27 28 29 30 31 32 33 34 35 36 37 38 39 40 41 42 43 44 45 47 46 49 48 51 50 53 52 55 54 57 56 59 58 61 60 63 62 65 64
  0  1  2  3  4  5  6  7  8  9 10 11 12 13 14 15 16 17 18 19 20 21 22 23 24 25 26 27 28 29 31 30 33 32 35 34 37 36 39 38 41 40 43 42 45 44 46 47 48 49 50 51 52 53 54 55 56 57 58 59 60 61 64 65 62 63
  0  1  2  3  4  5  6  7  8  9 10 11 12 13 14 15 16 17 19 18 21 20 23 22 25 24 27 26 29 28 30 31 32 33 34 35 36 37 38 39 40 41 44 45 42 43 46 47 48 49 50 51 52 53 54 55 56 57 60 61 58 59 62 63 64 65
  0  1  2  3  4  5  6  7  8  9 11 10 13 12 15 14 17 16 18 19 20 21 22 23 24 25 28 29 26 27 30 31 32 33 34 35 36 37 40 41 38 39 42 43 44 45 46 47 48 49 50 51 52 53 56 57 54 55 58 59 60 61 62 63 64 65
  0  1  2  3  4  5  7  6  9  8 13 12 11 10 16 17 14 15 21 20 19 18 24 25 22 23 26 27 28 29 33 32 31 30 36 37 34 35 38 39 40 41 42 43 44 45 49 48 47 46 52 53 50 51 54 55 56 57 58 59 60 61 62 63 64 65
  0  1  2  3  5  4  6  7  9  8 14 15 17 16 10 11 13 12 22 23 25 24 18 19 21 20 29 28 27 26 34 35 37 36 30 31 33 32 41 40 39 38 45 44 43 42 50 51 53 52 46 47 49 48 57 56 55 54 61 60 59 58 65 64 63 62
  0  1  2  4  3  5 13 11 12 10  9  7  8  6 14 16 15 17 18 19 20 21 26 27 28 29 22 23 24 25 30 31 32 33 38 39 40 41 34 35 36 37 42 43 44 45 46 47 48 49 54 55 56 57 50 51 52 53 58 59 60 61 62 63 64 65
  0  1  3  2  4  5  6  7  8  9 18 19 20 21 22 23 24 25 10 11 12 13 14 15 16 17 26 28 27 29 30 31 32 33 34 35 36 37 42 43 44 45 38 39 40 41 46 47 48 49 50 51 52 53 58 59 60 61 54 55 56 57 62 63 64 65
  0  2  1  3  4  5  6  7  8  9 10 11 12 13 14 15 16 17 30 31 32 33 34 35 36 37 38 39 40 41 18 19 20 21 22 23 24 25 26 27 28 29 42 44 43 45 46 47 48 49 50 51 52 53 54 55 56 57 62 63 64 65 58 59 60 61
  1  0  2  3  4  5  6  7  8  9 10 11 12 13 14 15 16 17 18 19 20 21 22 23 24 25 26 27 28 29 46 47 48 49 50 51 52 53 54 55 56 57 58 59 60 61 30 31 32 33 34 35 36 37 38 39 40 41 42 43 44 45 62 64 63 65

