

    1: |Aut(M)| =  110,  Cycles:55(6:6:10)
 "   0  1   2  3   4  5   6  7   8  9  10 11  12 13  14 15  16 17  18 19  20 21 "
 "   0  3   1  4   2  5   6  9   7 10   8 11  12 15  13 16  14 19  17 20  18 21 "
 "   0  5   1  6   2 13   3 16   4 21   7  8   9 20  10 19  11 14  12 17  15 18 "
 "   0  7   1 10   2 21   3  6   4 15   5 16   8 19   9 12  11 20  13 18  14 17 "
 "   0  9   1 16   2 11   3 14   4  7   5 18   6 19   8 17  10 13  12 21  15 20 "
 "   0 11   1 14   2  7   3 12   4 17   5  8   6 13   9 18  10 15  16 21  19 20 "
 "   0 13   1 18   2  9   3 10   4 11   5 20   6 17   7 14   8 21  12 19  15 16 "
 "   0 15   1  8   2 19   3 20   4 13   5  6   7 12   9 14  10 21  11 16  17 18 "
 "   0 17   1 20   2 15   3  4   5 14   6 21   7 18   8 13   9 10  11 12  16 19 "
 "   0 19   1  2   3 18   4  9   5 12   6 11   7 16   8 15  10 17  13 20  14 21 "
 "   0 21   1 12   2 17   3  8   4 19   5 10   6 15   7 20   9 16  11 18  13 14 "


Orbits and generators of the Aut(M) acting on elements:
0  0  0  0  0  0  0  0  0  0  0  0  0  0  0  0  0  0  0  0  0  0
0  1  2  3  4  5  6  7  8  9 10 11 12 13 14 15 16 17 18 19 20 21
0 11 16 21 18  9  2  7  4 17 20 19 14  1  6 13 12  3 10 15  8  5
1  2 21 14  7 16 11  6 19  0 13 20  5 12 15  8  3 18 17 10  9  4
Orbits and generators of Aut(M) acting on matrix rows, |Aut(R)| = 55:
0  0  0  0  0  0  0  0  0  0  0
0  1  2  3  4  5  6  7  8  9 10
0  3  5  9 10  7  1  4  6  8  2
1  4  3  6  8  2 10  0  7  9  5
Orbits and generators of Aut(M) acting on k-sets, |Aut(K)| = 110:
0  0  0  0  0  0  0  0  0  0 10  0  0  0  0  0  0 10  0  0  0  0  0 10  0  0  0  0  0  0  0  0  0 10  0  0  0  0  0  0  0  0  0  0  0  0 10  0  0  0  0  0  0  0  0  0  0  0  0  0 10  0  0  0  0  0  0  0  0 10  0  0  0  0  0  0  0  0  0  0  0  0  0  0  0  0  0 10  0  0  0  0  0  0  0  0  0  0 10  0  0  0 10  0  0  0  0  0  0  0  0  0  0  0  0  0  0  0  0  0 10
0  1  2  3  4  5  6  7  8  9 10 11 12 13 14 15 16 17 18 19 20 21 22 23 24 25 26 27 28 29 30 31 32 33 34 35 36 37 38 39 40 41 42 43 44 45 46 47 48 49 50 51 52 53 54 55 56 57 58 59 60 61 62 63 64 65 66 67 68 69 70 71 72 73 74 75 76 77 78 79 80 81 82 83 84 85 86 87 88 89 90 91 92 93 94 95 96 97 98 99 100 101 102 103 104 105 106 107 108 109 110 111 112 113 114 115 116 117 118 119 120
1  2  7  5  6  4  9  8  3  0 10 91 90 92 97 96 95 98 94 88 93 89 47 46 49 48 54 52 53 44 51 50 45 69 68 71 70 76 73 66 75 74 67 72 58 57 60 59 63 56 55 61 62 65 64 113 112 115 114 116 120 119 111 118 117 110 101 100 103 102 106 109 104 107 108 99 105 25 24 22 26 32 30 29 31 28 27 23 36 35 38 37 43 41 34 42 40 39 33 11 13 12 17 19 16 15 18 14 21 20 80 79 82 81 77 84 86 85 83 78 87
Aut(M) acting on k-sets, |Aut(K)| = 110:
0  1  2  3  4  5  6  7  8  9 10 11 12 13 14 15 16 17 18 19 20 21 22 23 24 25 26 27 28 29 30 31 32 33 34 35 36 37 38 39 40 41 42 43 44 45 46 47 48 49 50 51 52 53 54 55 56 57 58 59 60 61 62 63 64 65 66 67 68 69 70 71 72 73 74 75 76 77 78 79 80 81 82 83 84 85 86 87 88 89 90 91 92 93 94 95 96 97 98 99 100 101 102 103 104 105 106 107 108 109 110 111 112 113 114 115 116 117 118 119 120
1  2  7  5  6  4  9  8  3  0 10 91 90 92 97 96 95 98 94 88 93 89 47 46 49 48 54 52 53 44 51 50 45 69 68 71 70 76 73 66 75 74 67 72 58 57 60 59 63 56 55 61 62 65 64 113 112 115 114 116 120 119 111 118 117 110 101 100 103 102 106 109 104 107 108 99 105 25 24 22 26 32 30 29 31 28 27 23 36 35 38 37 43 41 34 42 40 39 33 11 13 12 17 19 16 15 18 14 21 20 80 79 82 81 77 84 86 85 83 78 87
2  7  8  4  9  6  0  3  5  1 10 37 38 43 39 40 42 33 34 36 41 35 59 60 56 63 64 62 65 58 61 55 57 102 103 109 106 105 107 101 99 108 100 104 114 115 120 116 118 112 113 119 111 110 117 81 82 84 77 86 87 78 79 83 85 80 12 13 19 17 18 20 16 14 21 11 15 48 49 47 54 45 51 44 50 53 52 46 70 71 73 76 72 74 68 67 75 66 69 91 92 90 98 88 95 96 94 97 89 93 26 22 30 32 25 31 27 28 29 24 23
3  5  4  0  2  1  7  6  9  8 10 15 14 16 12 11 13 17 19 18 21 20 27 23 30 29 28 22 26 25 24 32 31 33 36 41 34 40 39 38 37 35 43 42 48 50 46 52 44 51 45 49 47 54 53 57 61 55 63 62 60 56 59 58 65 64 73 72 70 69 68 74 67 66 71 76 75 83 82 86 85 84 78 77 81 80 79 87 94 93 97 96 95 89 88 92 91 90 98 105 104 107 102 106 100 99 103 101 109 108 117 116 119 115 118 113 111 110 114 112 120
4  6  9  2  8  7  3  0  1  5 10 40 39 42 38 37 43 33 36 34 35 41 62 60 61 58 65 59 64 63 56 57 55 102 106 108 103 99 101 107 105 109 104 100 118 113 120 111 114 119 115 112 116 117 110 84 78 81 83 79 87 82 86 77 80 85 14 16 18 17 19 21 13 12 20 15 11 44 51 52 53 50 49 48 45 54 47 46 68 74 66 75 67 71 70 72 76 73 69 96 95 97 98 94 92 91 88 90 93 89 28 27 24 31 29 32 22 26 25 30 23
5  4  6  1  7  2  8  9  0  3 10 96 97 95 90 91 92 98 88 94 89 93 52 46 51 44 53 47 54 48 49 45 50 69 70 74 68 75 66 73 76 71 72 67 63 55 60 62 58 61 57 56 59 64 65 115 119 113 118 111 120 112 116 114 110 117 107 104 106 102 103 108 100 101 109 105 99 29 30 27 28 31 24 25 32 26 22 23 34 41 39 40 42 35 36 43 37 38 33 15 16 14 17 18 13 11 19 12 20 21 85 86 78 84 83 81 79 80 77 82 87
6  9  0  7  3  8  5  1  2  4 10 75 66 67 73 76 72 69 70 68 71 74 111 120 119 114 110 116 117 118 112 115 113 17 18 21 19 11 12 14 15 20 16 13 83 81 87 79 77 78 84 82 86 85 80 31 24 32 29 22 23 30 27 25 26 28 97 95 94 98 88 89 92 90 93 96 91 58 61 62 65 55 56 63 57 64 59 60 103 108 101 99 100 109 106 104 105 107 102 40 42 39 33 34 43 37 36 38 41 35 53 52 49 50 44 45 47 54 48 51 46
7  8  3  6  0  9  1  5  4  2 10 76 73 72 66 75 67 69 68 70 74 71 116 120 112 118 117 111 110 114 119 113 115 17 19 20 18 15 14 12 11 21 13 16 77 84 87 86 83 82 81 78 79 80 85 32 30 31 25 27 23 24 22 29 28 26 90 92 88 98 94 93 95 97 89 91 96 63 56 59 64 57 61 58 55 65 62 60 106 109 107 105 104 108 103 100 99 101 102 37 43 38 33 36 42 40 34 39 35 41 54 47 51 45 48 50 52 53 44 49 46
8  3  5  9  1  0  2  4  6  7 10 105 107 104 101 99 100 102 103 106 108 109 86 87 82 83 85 79 80 77 78 81 84 98 88 93 94 96 97 90 91 89 92 95 25 31 23 27 29 30 32 24 22 26 28 45 51 50 48 52 46 49 47 44 53 54 38 43 36 33 34 41 42 39 35 37 40 118 112 116 117 115 119 114 113 110 111 120 18 20 14 15 16 21 19 13 11 12 17 76 72 73 69 70 67 75 68 66 71 74 64 59 61 57 63 55 62 65 58 56 60
9  0  1  8  5  3  4  2  7  6 10 99 101 100 107 105 104 102 106 103 109 108 79 87 78 77 80 86 85 83 82 84 81 98 94 89 88 91 90 97 96 93 95 92 29 32 23 22 25 24 31 30 27 28 26 50 49 45 44 47 46 51 52 48 54 53 39 42 34 33 36 35 43 38 41 40 37 114 119 111 110 113 112 118 115 117 116 120 19 21 12 11 13 20 18 16 15 14 17 75 67 66 69 68 72 76 70 73 74 71 65 62 56 55 58 57 59 64 63 61 60
11 19 14 15 12 18 16 13 20 21 17 47 44 50 48 52 45 46 51 49 54 53 36 33 39 43 40 34 37 42 38 41 35 69 66 75 73 68 72 67 70 76 74 71 91 88 98 92 96 93 94 89 95 97 90 25 22 29 30 28 23 27 26 24 31 32 113 110 114 120 118 116 117 115 111 119 112  1  0  9  7  4  3  5  2  6  8 10 80 77 79 84 82 83 85 78 81 86 87 101 99 109 102 104 105 107 100 108 106 103 58 55 65 56 62 61 57 63 59 64 60
12 16 21 14 20 13 15 11 19 18 17 70 67 74 72 68 71 69 73 66 75 76 26 23 27 30 32 28 31 24 22 29 25 102 100 106 104 101 109 108 107 103 105 99 59 56 60 55 62 64 61 65 57 63 58  2  0  4  5  9 10  3  8  1  7  6 48 45 51 46 49 53 50 44 54 52 47 91 89 95 97 94 93 96 88 90 92 98 114 111 113 119 110 116 118 117 112 115 120 81 78 86 87 85 82 84 80 79 83 77 37 34 39 41 42 35 36 40 43 38 33
13 20 15 16 11 21 19 18 12 14 17 112 115 117 113 119 110 120 114 118 111 116 57 60 65 59 63 55 58 62 64 56 61 46 49 54 51 52 48 44 47 53 50 45  1  2 10  8  5  3  4  0  9  7  6 35 38 41 43 34 33 39 36 42 37 40 79 82 80 87 85 83 78 86 77 84 81 24 22 28 31 29 27 30 25 32 26 23 100 103 108 107 105 106 104 99 101 109 102 68 71 72 69 73 74 70 66 67 75 76 90 92 89 88 96 94 95 97 91 93 98
14 13 20 12 21 16 11 15 18 19 17 68 72 71 67 70 74 69 66 73 76 75 28 23 22 24 31 26 32 30 27 25 29 102 104 103 100 107 108 109 101 106 99 105 62 61 60 57 59 65 56 64 55 58 63  4  3  2  1  8 10  0  9  5  6  7 44 50 49 46 51 54 45 48 53 47 52 96 93 92 90 88 89 91 94 97 95 98 118 116 115 112 117 111 114 110 119 113 120 84 82 79 87 80 78 81 85 86 77 83 40 36 38 35 43 41 34 37 42 39 33
15 18 12 11 14 19 13 16 21 20 17 52 48 45 44 47 50 46 49 51 53 54 34 33 38 42 37 36 40 43 39 35 41 69 73 76 66 70 67 72 68 75 71 74 96 94 98 95 91 89 88 93 92 90 97 29 27 25 24 26 23 22 28 30 32 31 115 117 118 120 114 111 110 113 116 112 119  5  3  8  6  2  0  1  4  7  9 10 85 83 86 81 78 77 80 82 84 79 87 107 105 108 102 100 99 101 104 109 103 106 63 57 64 61 59 56 55 58 62 65 60
16 21 11 13 15 20 18 19 14 12 17 119 113 110 115 112 117 120 118 114 116 111 55 60 64 62 58 57 63 59 65 61 56 46 51 53 49 47 44 48 52 54 45 50  5  4 10  9  1  0  2  3  8  6  7 41 39 35 42 36 33 38 34 43 40 37 86 78 85 87 80 77 82 79 83 81 84 30 27 26 32 25 22 24 29 31 28 23 104 106 109 101 99 103 100 105 107 108 102 70 74 67 69 66 71 68 73 72 76 75 97 95 93 94 91 88 92 90 96 89 98
18 12 16 19 13 14 20 21 11 15 17 81 86 78 79 84 82 87 80 85 77 83 95 98 89 91 97 92 90 96 93 88 94 120 118 111 114 119 113 115 112 116 117 110 24 25 23 26 30 27 29 22 28 31 32 61 64 56 59 55 60 65 57 62 58 63 108 105 100 102 104 106 99 109 103 107 101 42 38 34 37 41 39 43 35 40 36 33 66 76 67 70 74 75 73 71 68 72 69 52 45 48 46 51 50 47 49 44 54 53  6  8  0  2  5  4  9  7  1  3 10
19 14 13 18 16 12 21 20 15 11 17 84 79 82 86 81 78 87 85 80 83 77 92 98 93 96 90 95 97 91 89 94 88 120 114 116 118 112 115 113 119 111 110 117 30 29 23 28 24 22 25 27 26 32 31 56 65 61 62 57 60 64 55 59 63 58 109 99 104 102 100 103 105 108 106 101 107 43 39 36 40 35 38 42 41 37 34 33 73 75 72 68 71 76 66 74 70 67 69 47 50 44 46 49 45 52 51 48 53 54  7  9  3  4  1  2  8  6  5  0 10
20 15 18 21 19 11 14 12 16 13 17 107 108 105 109 101 99 102 104 100 106 103  8 10  3  5  6  9  7  1  0  4  2 87 80 83 85 81 86 79 84 77 82 78 43 41 33 34 42 38 35 39 36 40 37 88 89 94 96 95 98 93 92 91 97 90 72 71 73 69 66 76 74 67 75 68 70 59 65 57 63 61 64 62 56 58 55 60 51 54 48 52 45 53 49 50 47 44 46 112 117 115 120 118 110 119 114 113 116 111 31 28 27 29 24 25 26 32 30 22 23
21 11 19 20 18 15 12 14 13 16 17 101 109 99 108 107 105 102 100 104 103 106  9 10  0  1  7  8  6  5  3  2  4 87 85 77 80 84 79 86 81 83 78 82 42 35 33 36 43 39 41 38 34 37 40 94 93 88 91 92 98 89 95 96 90 97 67 74 66 69 73 75 71 72 76 70 68 62 64 55 58 56 65 59 61 63 57 60 49 53 44 47 50 54 51 45 52 48 46 119 110 113 120 114 117 112 118 115 111 116 32 26 22 25 30 29 28 31 24 27 23
22 24 25 27 29 30 32 31 26 28 23 13 11 18 15 16 19 17 21 20 12 14 38 33 42 35 36 39 34 41 43 37 40 60 55 61 57 58 64 65 63 56 62 59 115 110 120 112 113 118 117 114 119 116 111 92 88 95 90 91 98 94 96 97 93 89 49 44 52 46 47 45 48 51 50 54 53 103 99 108 100 101 105 106 107 104 109 102  2  0  6  1  8  3  4  9  5  7 10 71 66 68 69 76 73 74 75 70 67 72 82 77 81 79 80 86 83 78 85 84 87
24 25 31 30 32 29 28 26 27 22 23  1  6  8  7  5  9 10  4  2  3  0 112 120 118 113 111 119 116 115 114 117 110 46 52 45 47 53 51 49 54 50 44 48 90 95 98 91 97 88 92 94 96 89 93 79 81 86 80 83 87 84 77 85 78 82 68 66 76 69 75 72 73 70 67 71 74 35 42 38 36 40 43 41 37 34 39 33 57 61 64 58 59 56 55 62 63 65 60 13 18 11 17 20 19 16 21 15 14 12 100 108 105 101 103 107 109 104 106 99 102
25 31 26 29 28 32 22 27 30 24 23 58 64 59 65 63 62 60 55 57 56 61 91 98 88 97 93 96 89 90 94 92 95 69 76 72 75 74 70 68 71 67 66 73 80 86 87 83 85 81 79 84 77 82 78 101 105 107 103 109 102 99 108 106 104 100 11 18 20 17 21 12 19 15 14 13 16 113 118 112 111 110 114 115 117 116 119 120 47 45 51 53 48 50 52 44 54 49 46  1  8  6 10  2  9  5  4  7  0  3 36 38 43 40 35 37 39 34 41 42 33
26 27 30 28 24 22 25 29 32 31 23 74 70 73 68 71 66 69 76 75 67 72 109 102 105 106 104 108 100 103 99 101 107 10  2  3  4  5  7  6  1  0  8  9 35 37 33 39 41 43 40 42 38 36 34 110 114 117 113 119 120 118 112 115 116 111 64 59 57 60 55 56 62 65 61 58 63 85 81 83 78 86 84 80 79 82 77 87 21 12 15 16 19 14 20 18 13 11 17 53 48 51 46 47 44 54 52 49 45 50 93 91 94 95 97 92 96 89 90 88 98
27 30 29 22 25 24 31 32 28 26 23 16 15 19 11 13 18 17 20 21 14 12 39 33 43 41 34 38 36 35 42 40 37 60 57 56 55 63 65 64 58 61 59 62 113 117 120 119 115 114 110 118 112 111 116 95 94 92 97 96 98 88 91 90 89 93 51 48 47 46 52 50 44 49 45 53 54 106 105 109 104 107 99 103 101 100 108 102  4  3  7  5  9  0  2  8  1  6 10 74 73 70 69 75 66 71 76 68 72 67 78 83 84 86 85 79 77 82 80 81 87
28 22 24 26 30 27 29 25 31 32 23 71 68 66 70 74 73 69 75 76 72 67 108 102 99 103 100 109 104 106 105 107 101 10  4  0  2  1  6  7  5  3  9  8 41 40 33 38 35 42 37 43 39 34 36 117 118 110 115 112 120 114 119 113 111 116 65 62 55 60 57 61 59 64 56 63 58 80 84 77 82 79 81 85 86 78 83 87 20 14 11 13 18 12 21 19 16 15 17 54 44 49 46 52 48 53 47 51 50 45 89 96 88 92 90 95 91 93 97 94 98
29 32 28 25 26 31 27 22 24 30 23 63 65 62 64 58 59 60 57 55 61 56 96 98 94 90 89 91 93 97 88 95 92 69 75 67 76 71 68 70 74 72 73 66 85 79 87 77 80 84 86 81 83 78 82 107 99 101 106 108 102 105 109 103 100 104 15 19 21 17 20 14 18 11 12 16 13 115 114 119 116 117 118 113 110 111 112 120 52 50 49 54 44 45 47 48 53 51 46  5  9  7 10  4  8  1  2  6  3  0 34 39 42 37 41 40 38 36 35 43 33
30 29 32 24 31 25 26 28 22 27 23  5  7  9  6  1  8 10  2  4  0  3 119 120 114 115 116 112 111 113 118 110 117 46 47 50 52 54 49 51 53 45 48 44 97 92 98 96 90 94 95 88 91 93 89 86 84 79 85 77 87 81 83 80 82 78 70 73 75 69 76 67 66 68 72 74 71 41 43 39 34 37 42 35 40 36 38 33 55 56 65 63 62 61 57 59 58 64 60 16 19 15 17 21 18 13 20 11 12 14 104 109 99 107 106 101 108 100 103 105 102
31 26 27 32 22 28 24 30 29 25 23 53 51 48 49 54 44 46 52 47 50 45 83 87 81 85 78 77 82 80 84 79 86 17 20 12 21 16 15 11 13 14 18 19 103 107 102 109 106 105 101 99 108 100 104 40 43 37 35 39 33 42 38 41 34 36  6  8  2 10  4  3  9  7  0  1  5 97 88 91 93 95 94 90 92 89 96 98 75 72 70 74 73 67 76 66 71 68 69 58 59 64 60 57 62 63 55 65 61 56 111 112 114 110 113 117 119 116 115 118 120
32 28 22 31 27 26 30 24 25 29 23 54 49 44 51 53 48 46 47 52 45 50 77 87 84 80 82 83 78 85 81 86 79 17 21 14 20 13 11 15 16 12 19 18 106 101 102 108 103 99 107 105 109 104 100 37 42 40 41 38 33 43 39 35 36 34  7  9  4 10  2  0  8  6  3  5  1 90 94 96 89 92 88 97 95 93 91 98 76 67 68 71 66 72 75 73 74 70 69 63 62 65 60 55 59 58 57 64 56 61 116 119 118 117 115 110 112 111 113 114 120
34 38 42 36 43 39 41 35 37 40 33 45 52 49 47 50 51 46 54 53 48 44 67 69 71 76 66 72 73 75 74 70 68 23 29 22 25 24 32 31 30 27 28 26 56 63 60 64 61 62 58 59 65 55 57 78 85 82 86 81 87 80 84 79 77 83 89 96 92 98 95 94 91 93 88 97 90 100 107 103 105 108 101 104 109 99 106 102 12 15 13 18 21 11 14 20 19 16 17 111 115 118 120 119 113 116 112 114 117 110  0  5  2  8  6  9  1  3  7  4 10
35 37 36 41 34 40 38 39 43 42 33 90 93 91 89 97 96 98 92 95 88 94  1 10  2  7  3  5  0  6  4  8  9 46 53 48 54 50 47 52 45 44 49 51 100 109 102 106 104 101 108 107 103 105 99 68 74 70 76 72 69 71 67 75 73 66 13 21 12 17 14 11 20 16 15 18 19 79 85 81 77 82 80 86 78 83 84 87 112 110 114 116 113 117 119 115 111 118 120 24 26 32 23 25 28 30 29 31 22 27 57 64 59 63 61 58 65 55 56 62 60
36 39 43 34 42 38 35 41 40 37 33 50 47 51 52 45 49 46 53 54 44 48 72 69 74 75 73 67 66 76 71 68 70 23 25 27 29 30 31 32 24 22 26 28 61 58 60 65 56 59 63 62 64 57 55 82 80 78 79 84 87 85 81 86 83 77 93 91 95 98 92 88 96 89 94 90 97 104 101 106 99 109 107 100 108 105 103 102 14 11 16 19 20 15 12 21 18 13 17 116 113 114 120 112 115 111 119 118 110 117  3  1  4  9  7  8  5  0  6  2 10
37 36 39 40 38 34 42 43 41 35 33 116 114 113 118 111 115 120 119 112 117 110 106 102 101 104 99 103 105 100 107 108 109 17 12 11 14 19 16 13 18 15 21 20 76 70 69 72 75 74 68 71 67 66 73 63 59 58 61 65 60 62 64 56 55 57 32 26 25 23 29 27 28 31 22 24 30  7  2  1  3  9  4  6  8  0  5 10 54 48 47 50 51 44 53 49 45 52 46 90 91 93 98 95 96 97 92 89 94 88 77 81 80 82 79 78 84 83 86 85 87
38 42 35 39 41 43 40 37 36 34 33 18 13 21 16 19 20 17 14 12 11 15 64 60 62 61 57 65 55 56 59 58 63 98 92 94 95 90 93 89 97 88 96 91 86 82 87 81 79 85 78 80 84 83 77  8  2  9  6  1 10  4  5  7  3  0 118 115 119 120 112 110 113 114 117 111 116 76 71 67 66 68 74 75 70 73 72 69 25 22 32 24 26 27 29 28 30 31 23 45 49 52 46 53 51 50 54 47 44 48 105 103 101 108 100 109 106 99 104 107 102
39 43 41 38 35 42 37 40 34 36 33 19 16 20 13 18 21 17 12 14 15 11 65 60 59 56 55 64 57 61 62 63 58 98 95 88 92 97 89 93 90 94 91 96 79 78 87 84 86 80 82 85 81 77 83  9  4  8  7  5 10  2  1  6  0  3 114 113 112 120 119 117 115 118 110 116 111 75 74 72 73 70 71 76 68 66 67 69 29 27 31 30 28 22 25 26 24 32 23 50 51 47 46 54 49 45 53 52 48 44 99 106 107 109 104 108 103 105 100 101 102
40 34 38 37 39 36 43 42 35 41 33 111 118 115 114 116 113 120 112 119 110 117 103 102 107 100 105 106 99 104 101 109 108 17 14 15 12 18 13 16 19 11 20 21 75 68 69 67 76 71 70 74 72 73 66 58 62 63 56 64 60 59 65 61 57 55 31 28 29 23 25 22 26 32 27 30 24  6  4  5  0  8  2  7  9  3  1 10 53 44 52 45 49 48 54 51 50 47 46 97 96 89 98 92 91 90 95 93 88 94 83 84 85 78 86 82 81 77 79 80 87
41 40 34 35 36 37 39 38 42 43 33 97 89 96 93 90 91 98 95 92 94 88  5 10  4  6  0  1  3  7  2  9  8 46 54 44 53 45 52 47 50 48 51 49 104 108 102 103 100 107 109 101 106 99 105 70 71 68 75 67 69 74 72 76 66 73 16 20 14 17 12 15 21 13 11 19 18 86 80 84 83 78 85 79 82 77 81 87 119 117 118 111 115 110 112 113 116 114 120 30 28 31 23 29 26 24 25 32 27 22 55 65 62 58 56 63 64 57 61 59 60
42 35 37 43 40 41 34 36 39 38 33 24 32 26 31 30 28 23 29 25 27 22 81 87 85 79 77 84 83 86 80 78 82 120 119 110 112 116 114 118 111 117 115 113  6  9 10  1  7  2  8  4  5  0  3 108 101 109 100 106 102 107 103 104 99 105 52 49 53 46 54 48 51 47 44 45 50 61 62 64 57 63 59 56 58 55 65 60 95 94 93 90 91 88 92 96 97 89 98 18 21 13 17 12 20 19 14 16 15 11 66 67 74 68 76 70 72 73 75 71 69
43 41 40 42 37 35 36 34 38 39 33 30 31 28 32 24 26 23 25 29 22 27 84 87 80 86 83 81 77 79 85 82 78 120 112 117 119 111 118 114 116 110 113 115  7  8 10  5  6  4  9  2  1  3  0 109 107 108 104 103 102 101 106 100 105 99 47 51 54 46 53 44 49 52 48 50 45 56 59 65 55 58 62 61 63 57 64 60 92 88 89 97 96 94 95 91 90 93 98 19 20 16 17 14 21 18 12 13 11 15 73 72 71 70 75 68 67 66 76 74 69
44 45 53 48 54 50 52 47 49 51 46 118 110 111 117 114 116 120 115 113 119 112 40 33 34 38 35 37 41 39 36 42 43 102 99 100 105 109 103 106 108 104 107 101 28 22 23 25 26 31 27 32 29 24 30 14 11 12 18 21 17 15 20 19 13 16 96 88 89 98 93 97 94 91 90 95 92 84 77 78 86 85 83 81 80 79 82 87 62 55 56 64 58 57 59 63 65 61 60  4  0  8 10  6  3  2  7  9  5  1 68 66 67 76 74 75 73 70 71 72 69
45 53 47 50 52 54 51 49 48 44 46 64 56 58 61 65 63 60 59 62 57 55 25 23 31 26 30 29 24 28 32 27 22 98 89 97 93 92 91 96 95 90 88 94 18 12 17 21 19 11 14 15 20 16 13 76 67 75 74 73 69 72 66 71 70 68  8  0  6 10  7  1  3  9  5  4  2 38 34 40 35 43 36 39 42 41 37 33 105 100 103 109 101 104 99 107 108 106 102 118 111 110 120 113 116 114 115 117 112 119 86 78 83 85 84 80 82 79 81 77 87
47 49 48 52 44 51 45 50 54 53 46 92 91 94 96 95 88 98 89 93 90 97 73 69 67 71 70 66 68 74 72 76 75 120 113 119 115 114 117 110 118 112 111 116 84 80 87 82 81 83 85 77 78 86 79 43 36 42 38 37 33 34 40 39 41 35 56 58 62 60 59 57 63 61 55 64 65 19 11 21 13 12 15 18 14 16 20 17  7  1  9  2  3  5  6  0  4  8 10 109 101 103 102 105 107 108 99 106 100 104 30 25 32 22 26 27 29 24 28 31 23
48 50 54 44 53 45 47 52 51 49 46 114 117 116 110 118 111 120 113 115 112 119 37 33 36 39 41 40 35 38 34 43 42 102 105 104 99 108 106 103 109 100 101 107 26 27 23 29 28 32 22 31 25 30 24 12 15 14 19 20 17 11 21 18 16 13 91 94 93 98 89 90 88 96 97 92 95 81 83 82 79 80 77 84 85 86 78 87 59 57 61 65 63 55 62 58 64 56 60  2  3  9 10  7  0  4  6  8  1  5 70 73 72 75 71 76 66 68 74 67 69
49 48 50 51 45 44 53 54 52 47 46  2  9  3  8  4  0 10  6  7  5  1 82 87 83 81 79 78 86 84 77 85 80 60 62 57 59 65 61 56 64 55 58 63 38 42 33 37 39 36 43 34 40 35 41 22 32 27 26 29 23 31 25 28 24 30 103 101 105 102 99 104 107 106 100 109 108 71 67 73 70 75 72 74 76 68 66 69 115 119 117 114 116 112 113 111 118 110 120 92 94 91 98 93 88 95 89 96 97 90 13 21 15 12 19 14 20 16 18 11 17
50 54 52 45 47 53 49 51 44 48 46 65 61 63 56 64 58 60 62 59 55 57 29 23 32 28 24 25 30 26 31 22 27 98 93 90 89 95 96 91 92 97 94 88 19 14 17 20 18 15 12 11 21 13 16 75 72 76 71 66 69 67 73 74 68 70  9  3  7 10  6  5  0  8  1  2  4 39 36 37 41 42 34 38 43 35 40 33 99 104 106 108 107 100 105 101 109 103 102 114 116 117 120 115 111 118 113 110 119 112 79 82 77 80 81 85 78 86 84 83 87
51 44 45 49 50 48 54 53 47 52 46  4  8  0  9  2  3 10  7  6  1  5 78 87 77 84 86 82 79 81 83 80 85 60 59 55 62 64 56 61 65 57 63 58 39 43 33 40 38 34 42 36 37 41 35 27 31 22 28 25 23 32 29 26 30 24 106 107 99 102 105 100 101 103 104 108 109 74 72 66 68 76 67 71 75 70 73 69 113 112 110 118 111 119 115 116 114 117 120 95 88 96 98 89 94 92 93 91 90 97 16 20 11 14 18 12 21 13 19 15 17
52 51 44 47 48 49 50 45 53 54 46 95 96 88 91 92 94 98 93 89 97 90 66 69 72 74 68 73 70 71 67 75 76 120 115 112 113 118 110 117 114 119 116 111 81 85 87 78 84 77 80 83 82 79 86 42 34 43 39 40 33 36 37 38 35 41 61 63 59 60 62 55 58 56 57 65 64 18 15 20 16 14 11 19 12 13 21 17  6  5  8  4  0  1  7  3  2  9 10 108 107 106 102 99 101 109 105 103 104 100 24 29 31 27 28 22 25 30 26 32 23
53 47 49 54 51 52 44 48 50 45 46 109 103 101 106 108 107 102 99 105 104 100 21 17 11 19 13 20 16 18 15 14 12 10  6  1  7  2  9  8  4  5  0  3 74 75 69 73 71 67 76 72 66 68 70 85 83 80 84 82 87 77 78 81 79 86 110 111 113 120 115 119 116 117 112 118 114 26 31 25 30 22 32 28 27 24 29 23 93 97 91 92 94 90 89 88 95 96 98 64 58 56 60 62 63 65 59 61 55 57 35 40 36 43 38 42 37 41 39 34 33
54 52 51 53 49 47 48 44 45 50 46 108 106 107 103 109 101 102 105 99 100 104 20 17 15 18 16 21 13 19 11 12 14 10  7  5  6  4  8  9  2  1  3  0 71 76 69 66 74 72 75 67 73 70 68 80 77 85 81 78 87 83 82 84 86 79 117 116 115 120 113 112 111 110 119 114 118 28 32 29 24 27 31 26 22 30 25 23 89 90 96 95 88 97 93 94 92 91 98 65 63 61 60 59 58 64 62 56 57 55 41 37 34 42 39 43 40 35 38 36 33
55 64 62 57 59 65 56 61 58 63 60 110 119 118 112 117 114 120 111 116 113 115 44 46 45 53 49 48 51 54 50 47 52 33 41 38 35 42 40 37 43 39 34 36 88 97 98 93 94 96 90 91 89 92 95 99 104 105 109 101 102 100 107 108 103 106  0  5  8 10  9  4  1  3  2  7  6 66 70 76 74 67 68 73 72 71 75 69 11 16 18 21 14 13 15 12 20 19 17 77 86 85 87 84 79 83 81 80 78 82 22 30 25 26 32 28 24 27 31 29 23
56 63 55 61 57 58 65 64 62 59 60  7  0  5  3  6  1 10  9  8  4  2 30 23 29 32 22 24 27 31 25 28 26 120 111 115 116 110 119 112 117 113 114 118 73 67 69 76 66 70 72 68 75 71 74 47 45 52 54 44 46 50 48 53 49 51 19 12 15 17 11 16 14 18 13 20 21 109 100 107 106 99 104 108 105 103 101 102 84 78 85 77 86 82 81 79 83 80 87 43 34 37 33 41 36 42 35 40 39 38 92 89 96 90 88 97 93 95 94 91 98
57 65 59 55 62 64 61 56 63 58 60 117 112 114 119 110 118 120 116 111 115 113 48 46 50 54 51 44 49 53 45 52 47 33 35 39 41 43 37 40 42 38 36 34 94 90 98 89 88 91 97 96 93 95 92 105 100 99 108 107 102 104 101 109 106 103  3  1  9 10  8  2  5  0  4  6  7 73 68 75 71 72 70 66 67 74 76 69 15 13 19 20 12 16 11 14 21 18 17 83 79 80 87 81 86 77 84 85 82 78 27 24 29 28 31 26 30 22 32 25 23
58 57 65 63 64 55 62 59 56 61 60 83 80 79 85 77 86 87 84 81 78 82 75 69 68 73 71 76 74 66 70 67 72 17 11 13 15 20 19 18 21 16 14 12 53 47 46 48 54 50 52 45 44 49 51 97 91 90 94 89 98 96 93 88 92 95 40 36 35 33 41 39 34 37 38 42 43 31 25 24 27 28 29 32 26 22 30 23 111 113 112 117 114 115 116 118 110 119 120  6  1  3 10  9  5  7  8  0  4  2 103 101 100 105 108 99 107 106 109 104 102
59 56 63 62 58 61 57 55 64 65 60 43 37 34 40 42 36 33 35 41 38 39 107 102 100 109 106 101 103 108 104 105 99 87 81 78 84 77 85 80 83 82 79 86 31 26 23 30 32 29 28 25 24 27 22 72 70 67 73 76 69 68 75 66 74 71 112 114 111 120 116 115 118 119 113 117 110 88 91 89 92 90 96 94 97 95 93 98  8  2  0  7  5  4  9  1  6  3 10 20 12 19 17 15 14 21 11 18 13 16 51 48 45 47 54 52 44 49 53 50 46
61 58 57 56 55 63 64 65 59 62 60  6  3  1  0  7  5 10  8  9  2  4 24 23 25 31 27 30 22 32 29 26 28 120 116 113 111 117 112 119 110 115 118 114 66 72 69 75 73 68 67 70 76 74 71 52 50 47 53 48 46 45 44 54 51 49 18 14 11 17 15 13 12 19 16 21 20 108 104 101 103 105 100 109 99 106 107 102 81 82 80 83 79 78 84 86 77 85 87 42 36 40 33 35 34 43 41 37 38 39 95 93 91 97 94 90 89 92 88 96 98
62 61 58 59 63 56 55 57 65 64 60 42 40 36 37 43 34 33 41 35 39 38 101 102 104 108 103 107 106 109 100 99 105 87 84 82 81 83 80 85 77 78 86 79 32 28 23 24 31 25 26 29 30 22 27 67 68 72 66 75 69 70 76 73 71 74 119 118 116 120 111 113 114 112 115 110 117 94 96 93 95 97 91 88 90 92 89 98  9  4  3  6  1  2  8  5  7  0 10 21 14 18 17 11 12 20 15 19 16 13 49 44 50 52 53 47 48 51 54 45 46
63 55 64 58 65 57 59 62 61 56 60 77 85 86 80 83 79 87 81 84 82 78 76 69 70 66 74 75 71 73 68 72 67 17 15 16 11 21 18 19 20 13 12 14 54 52 46 44 53 45 47 50 48 51 49 90 96 97 88 93 98 91 89 94 95 92 37 34 41 33 35 38 36 40 39 43 42 32 29 30 22 26 25 31 28 27 24 23 116 115 119 110 118 113 111 114 117 112 120  7  5  0 10  8  1  6  9  3  2  4 106 107 104 99 109 105 101 103 108 100 102
64 62 61 65 56 59 63 58 57 55 60 21 18 14 19 20 12 17 15 11 13 16 93 98 96 94 95 89 92 88 91 90 97 10  8  4  9  6  3  0  7  2  5  1 109 105 102 101 108 104 99 100 107 106 103 26 25 28 32 24 23 29 30 31 27 22 85 86 84 87 81 82 79 80 78 77 83 53 45 44 49 52 50 54 47 51 48 46 35 38 40 42 36 39 41 34 43 37 33 110 118 119 120 116 114 117 111 112 115 113 74 76 68 67 66 72 75 71 73 70 69
65 59 56 64 61 62 58 63 55 57 60 20 19 12 18 21 14 17 11 15 16 13 89 98 91 88 92 93 95 94 96 97 90 10  9  2  8  7  0  3  6  4  1  5 108 99 102 107 109 100 105 104 101 103 106 28 29 26 31 30 23 25 24 32 22 27 80 79 81 87 84 78 86 85 82 83 77 54 50 48 51 47 45 53 52 49 44 46 41 39 37 43 34 38 35 36 42 40 33 117 114 112 120 111 118 110 116 119 113 115 71 75 70 72 73 67 76 74 66 68 69
66 72 74 73 71 67 76 75 68 70 69 88 95 93 92 94 89 98 90 97 96 91 110 120 116 112 113 117 115 119 111 118 114 33 42 36 43 39 35 41 38 34 37 40 22 24 23 31 27 26 30 28 32 25 29  0  6  3  8  4 10  7  2  9  1  5 77 81 82 87 78 85 84 83 80 86 79 99 108 104 107 106 109 105 103 101 100 102 44 52 50 51 53 47 48 54 49 45 46 55 61 59 60 64 56 57 65 62 63 58 11 18 14 20 16 21 19 15 13 12 17
67 71 76 72 75 74 68 70 66 73 69 49 45 54 50 51 53 46 44 48 52 47 32 23 28 22 25 31 29 27 26 24 30 87 78 80 82 86 77 83 79 85 84 81  9  0 10  2  8  7  3  6  4  1  5 21 12 20 13 18 17 14 19 16 11 15 62 56 65 60 64 63 61 59 58 57 55 119 111 117 115 118 116 112 114 113 110 120 42 34 41 38 37 36 43 40 39 35 33 94 89 92 98 90 93 88 97 95 96 91 101 100 108 103 105 106 104 107 99 109 102
68 73 67 70 72 66 74 71 76 75 69 57 62 56 59 55 61 60 64 65 63 58 100 102 109 105 101 104 107 99 108 106 103 46 44 47 48 49 45 50 51 52 53 54 112 118 120 117 119 111 114 116 110 113 115 24 28 30 27 32 23 26 31 22 25 29 35 40 43 33 42 34 37 41 36 39 38 13 14 19 15 21 12 16 20 11 18 17 90 96 92 94 89 91 97 93 88 95 98 79 84 83 87 78 81 86 82 77 85 80  1  4  7  3  9  0  2  5  8  6 10
70 66 72 68 67 73 71 74 75 76 69 55 59 61 62 57 56 60 65 64 58 63 104 102 108 99 107 100 101 105 109 103 106 46 48 52 44 51 50 45 49 47 54 53 119 114 120 110 112 116 118 111 117 115 113 30 26 24 22 31 23 28 32 27 29 25 41 37 42 33 43 36 40 35 34 38 39 16 12 18 11 20 14 13 21 15 19 17 97 91 95 88 93 96 90 89 94 92 98 86 81 77 87 82 84 79 78 83 80 85  5  2  6  0  8  3  4  1  9  7 10
71 76 70 74 68 75 73 66 72 67 69 38 41 37 35 39 40 33 43 42 36 34  2 10  7  8  5  4  1  9  6  3  0 60 65 63 64 55 59 62 57 58 56 61 13 20 17 18 16 12 21 14 19 15 11 103 108 106 105 104 102 109 100 99 107 101 92 89 90 98 97 91 93 95 96 94 88 22 28 32 25 30 26 27 24 29 31 23 82 80 77 86 81 85 78 84 79 83 87 49 54 45 46 48 53 51 44 50 47 52 115 117 116 118 119 114 110 113 112 111 120
72 74 75 67 76 71 70 68 73 66 69 51 50 53 45 49 54 46 48 44 47 52 31 23 26 27 29 32 25 22 28 30 24 87 82 85 78 79 83 77 86 80 81 84  8  3 10  4  9  6  0  7  2  5  1 20 14 21 16 19 17 12 18 13 15 11 59 61 64 60 65 58 56 62 63 55 57 112 116 110 113 114 111 119 118 115 117 120 43 36 35 39 40 34 42 37 38 41 33 88 93 95 98 97 89 94 90 92 91 96 107 104 109 106 99 103 100 101 105 108 102
73 67 71 66 74 72 75 76 70 68 69 94 92 89 95 88 93 98 97 90 91 96 117 120 111 119 115 110 113 112 116 114 118 33 43 34 42 38 41 35 39 36 40 37 27 30 23 32 22 28 24 26 31 29 25  3  7  0  9  2 10  6  4  8  5  1 83 84 78 87 82 80 81 77 85 79 86 105 109 100 101 103 108 99 106 107 104 102 48 47 45 49 54 52 44 53 51 50 46 57 56 62 60 65 61 55 64 59 58 63 15 19 12 21 13 20 18 11 16 14 17
74 75 68 71 70 76 66 73 67 72 69 39 35 40 41 38 37 33 42 43 34 36  4 10  6  9  1  2  5  8  7  0  3 60 64 58 65 57 62 59 55 63 61 56 16 21 17 19 13 14 20 12 18 11 15 106 109 103 99 100 102 108 104 105 101 107 95 93 97 98 90 96 89 92 91 88 94 27 26 31 29 24 28 22 30 25 32 23 78 85 83 79 84 80 82 81 86 77 87 51 53 50 46 44 54 49 48 45 52 47 113 110 111 114 112 118 117 115 119 116 120
75 68 73 76 66 70 72 67 71 74 69 79 83 84 77 86 81 87 82 78 80 85 19 17 14 13 15 18 11 16 12 20 21 98 97 96 90 94 92 95 88 91 93 89 99 103 102 100 105 109 106 108 104 107 101 114 111 118 112 117 120 116 110 119 115 113 50 53 44 46 48 47 54 45 52 51 49  9  6  4  1  3  7  8  0  5  2 10 65 58 62 57 56 63 64 61 55 59 60 39 40 35 33 43 37 38 42 41 36 34 29 31 28 24 27 30 32 25 22 26 23
76 70 66 75 73 68 67 72 74 71 69 86 77 81 83 79 84 87 78 82 85 80 18 17 12 16 11 19 15 13 14 21 20 98 90 91 97 88 95 92 94 96 89 93 105 106 102 104 99 108 103 109 100 101 107 118 116 114 119 110 120 111 117 112 113 115 45 54 48 46 44 52 53 50 47 49 51  8  7  2  5  0  6  9  3  1  4 10 64 63 59 55 61 58 65 56 57 62 60 38 37 41 33 42 40 39 43 35 34 36 25 32 26 30 22 24 31 29 27 28 23
77 84 80 83 85 81 79 86 82 78 87 44 54 47 53 48 52 46 50 45 49 51 11 17 19 14 20 15 21 12 18 13 16 33 37 43 40 41 36 34 35 42 39 38 110 116 120 118 117 113 111 115 114 112 119 66 76 73 68 71 69 75 74 70 72 67 99 106 109 102 108 101 103 105 107 100 104 55 63 56 62 65 58 57 64 59 61 60 22 32 30 28 25 31 27 29 26 24 23  0  7  4 10  1  6  3  5  2  9  8 88 90 92 96 89 91 97 94 93 95 98
78 77 84 82 81 83 85 80 86 79 87  0  4  7  2  3  6 10  5  1  8  9 56 60 63 55 62 61 59 57 58 64 65 23 27 32 22 28 30 24 26 31 29 25 12 16 17 11 14 19 13 18 15 21 20 111 113 116 110 118 120 115 114 117 119 112 34 39 37 33 40 43 38 36 42 35 41 89 95 90 88 96 92 93 91 94 97 98 45 51 54 44 47 49 50 52 48 53 46 100 106 99 102 109 103 104 108 105 107 101 67 74 76 66 68 73 71 72 70 75 69
79 78 77 86 83 82 81 84 80 85 87 100 99 106 105 104 103 102 108 109 101 107 90 98 95 89 88 97 94 93 92 91 96 46 50 51 45 44 54 53 48 49 52 47 57 65 60 56 55 63 64 58 61 59 62 13 19 16 12 11 17 18 15 14 20 21 24 29 27 23 22 32 25 30 31 26 28 68 75 74 67 66 76 70 73 72 71 69  1  9  4  0  7  8  5  6  3  2 10 35 39 34 33 37 38 41 40 36 42 43 112 114 113 111 110 116 118 119 117 115 120
80 86 82 85 78 79 77 83 81 84 87 41 36 38 34 35 39 33 37 40 42 43 71 69 76 70 72 74 67 68 75 66 73 10  1  8  5  3  2  4  0  9  7  6 89 91 98 97 93 92 96 95 90 88 94 65 58 64 55 61 60 63 56 57 59 62 54 47 45 46 50 49 52 53 51 44 48 117 113 118 119 116 115 110 111 112 114 120 108 101 105 104 103 107 109 106 100 99 102 28 25 30 23 22 29 26 27 24 32 31 20 11 18 16 14 13 15 21 12 19 17
81 85 79 84 86 80 82 78 77 83 87 26 24 29 30 28 25 23 22 27 32 31 114 120 115 110 112 118 119 117 113 116 111 102 108 107 109 100 99 105 104 101 103 106 70 66 69 74 68 75 73 76 71 72 67 91 95 96 93 90 98 92 97 89 88 94  2  6  5 10  1  9  7  4  8  3  0 12 18 15 21 13 19 14 16 20 11 17 37 42 34 35 39 43 40 38 41 36 33 48 52 53 46 50 47 44 45 54 49 51 59 61 63 64 57 65 56 62 55 58 60
82 83 81 78 84 77 80 85 79 86 87  3  2  6  4  0  7 10  1  5  9  8 61 60 58 57 59 56 62 55 63 65 64 23 22 31 27 26 24 30 28 32 25 29 14 13 17 15 12 18 16 19 11 20 21 116 115 111 117 114 120 113 118 110 112 119 36 38 40 33 37 42 39 34 43 41 35 93 92 97 94 91 95 89 96 88 90 98 50 49 53 48 52 51 45 47 44 54 46 104 103 105 102 108 106 100 109 99 101 107 72 71 75 73 70 66 74 67 68 76 69
83 81 85 77 80 84 86 79 78 82 87 48 53 52 54 44 47 46 45 50 51 49 15 17 18 12 21 11 20 14 19 16 13 33 40 42 37 35 34 36 41 43 38 39 117 111 120 114 110 115 116 113 118 119 112 73 75 66 70 74 69 76 71 68 67 72 105 103 108 102 109 107 106 99 101 104 100 57 58 61 59 64 63 55 65 62 56 60 27 31 24 26 29 32 22 25 28 30 23  3  6  2 10  5  7  0  1  4  8  9 94 97 95 91 93 96 90 88 89 92 98
84 80 86 81 79 85 78 82 83 77 87 28 30 25 24 26 29 23 27 22 31 32 118 120 113 117 119 114 112 110 115 111 116 102 109 101 108 104 105 99 100 107 106 103 68 73 69 71 70 76 66 75 74 67 72 96 92 91 89 97 98 95 90 93 94 88  4  7  1 10  5  8  6  2  9  0  3 14 19 11 20 16 18 12 13 21 15 17 40 43 36 41 38 42 37 39 35 34 33 44 47 54 46 45 52 48 50 53 51 49 62 56 58 65 55 64 61 59 57 63 60
85 79 78 80 82 86 83 77 84 81 87 35 34 39 36 41 38 33 40 37 43 42 74 69 75 68 67 71 72 70 76 73 66 10  5  9  1  0  4  2  3  8  6  7 93 96 98 90 89 95 91 92 97 94 88 64 63 65 57 56 60 58 61 55 62 59 53 52 50 46 45 51 47 54 49 48 44 110 115 114 112 111 113 117 116 119 118 120 109 107 99 100 106 101 108 103 104 105 102 26 29 24 23 27 25 28 22 30 31 32 21 15 19 13 12 16 11 20 14 18 17
86 82 83 79 77 78 84 81 85 80 87 104 105 103 99 100 106 102 109 108 107 101 97 98 92 93 94 90 88 89 95 96 91 46 45 49 50 48 53 54 44 51 47 52 55 64 60 61 57 58 65 63 56 62 59 16 18 13 14 15 17 19 11 12 21 20 30 25 22 23 27 31 29 24 32 28 26 70 76 71 72 73 75 68 66 67 74 69  5  8  2  3  6  9  1  7  0  4 10 41 38 36 33 40 39 35 37 34 43 42 119 118 115 116 117 111 114 112 110 113 120
88 97 92 94 95 90 89 93 96 91 98 31 22 30 27 32 24 23 28 26 29 25 43 33 41 40 38 42 39 37 35 34 36 87 77 86 83 82 84 81 78 79 80 85 51 44 46 53 49 47 48 52 54 45 50 112 110 119 111 115 120 117 113 116 118 114 20 11 16 17 13 19 15 21 18 12 14 72 66 70 75 71 73 67 74 76 68 69 107 99 104 103 109 105 101 108 106 100 102 59 55 58 60 56 57 62 61 63 65 64  8  0  5  6  2  7  3  9  4  1 10
89 91 88 93 94 96 90 97 92 95 98 12 20 11 21 14 15 17 13 16 19 18  0 10  1  2  8  3  9  4  5  7  6 23 28 25 26 31 22 27 32 29 24 30 67 71 69 70 72 66 74 73 68 76 75 34 41 36 37 43 33 35 42 40 38 39 100 108 101 102 107 99 109 104 105 106 103 111 117 113 114 112 110 116 119 118 115 120 56 65 58 59 55 64 61 57 62 63 60 78 80 81 87 77 85 82 83 84 79 86 45 54 47 48 51 44 53 50 49 52 46
90 95 89 97 93 92 96 91 88 94 98 106 100 108 104 103 109 102 107 101 99 105 54 46 52 51 45 53 50 49 47 44 48 17 13 18 16 12 20 21 14 19 15 11 116 112 120 113 111 117 119 110 115 118 114  7  1  6  4  0 10  5  3  2  8  9 63 57 61 60 56 65 55 58 64 62 59 37 35 42 39 34 41 40 36 38 43 33 77 79 81 78 80 86 83 85 82 84 87 32 24 27 23 28 30 31 26 22 29 25 76 68 66 74 67 71 70 75 72 73 69
91 88 97 96 90 94 95 92 93 89 98 59 58 55 63 62 57 60 61 56 64 65 70 69 66 72 75 68 76 67 73 74 71 102 101 99 107 103 104 100 106 105 108 109 37 36 33 43 40 41 34 35 42 39 38 48 47 44 51 53 46 52 54 49 50 45 81 80 77 87 83 86 85 84 79 78 82  2  1  0  8  6  5  4  7  9  3 10 26 25 22 31 30 29 28 24 32 27 23 12 11 20 17 16 15 14 13 21 18 19 114 113 110 112 111 119 115 118 116 117 120
92 93 96 95 91 89 88 94 90 97 98 82 84 85 81 78 80 87 77 83 79 86 115 120 110 116 118 113 114 111 117 112 119 60 56 64 61 62 63 58 59 65 55 57  2  7 10  3  4  5  6  1  0  8  9 71 73 74 72 68 69 66 70 67 76 75 22 30 26 23 28 29 24 27 25 31 32 49 47 53 50 44 52 51 48 45 54 46 13 19 21 14 15 18 16 11 12 20 17 103 109 104 102 107 108 106 101 100 99 105 38 43 35 36 40 34 42 39 37 41 33
93 96 94 89 88 91 97 90 95 92 98 14 21 15 20 12 11 17 16 13 18 19  3 10  5  4  9  0  8  2  1  6  7 23 26 29 28 32 27 22 31 25 30 24 72 74 69 68 67 73 71 66 70 75 76 36 35 34 40 42 33 41 43 37 39 38 104 109 107 102 101 105 108 100 99 103 106 116 110 115 118 119 117 111 112 114 113 120 61 64 63 62 57 65 56 55 59 58 60 82 85 84 87 83 80 78 77 81 86 79 50 53 52 44 49 48 54 45 51 47 46
94 90 95 88 92 97 93 89 91 96 98 32 27 24 22 31 30 23 26 28 25 29 42 33 35 37 39 43 38 40 41 36 34 87 83 79 77 78 81 84 82 86 85 80 49 48 46 54 51 52 44 47 53 50 45 119 117 112 116 113 120 110 115 111 114 118 21 15 13 17 16 18 11 20 19 14 12 67 73 68 76 74 66 72 71 75 70 69 101 105 100 106 108 99 107 109 103 104 102 62 57 63 60 61 55 59 56 58 64 65  9  3  1  7  4  6  0  8  2  5 10
95 89 91 92 96 93 94 88 97 90 98 78 81 80 84 82 85 87 83 77 86 79 113 120 117 111 114 115 118 116 110 119 112 60 61 65 56 59 58 63 62 64 57 55  4  6 10  0  2  1  7  5  3  9  8 74 66 71 67 70 69 73 68 72 75 76 27 24 28 23 26 25 30 22 29 32 31 51 52 54 45 48 47 49 44 50 53 46 16 18 20 12 11 19 13 15 14 21 17 106 108 100 102 101 109 103 107 104 105 99 39 42 41 34 37 36 43 38 40 35 33
96 94 90 91 97 88 92 95 89 93 98 62 63 57 58 59 55 60 56 61 65 64 68 69 73 67 76 70 75 72 66 71 74 102 107 105 101 106 100 104 103 99 109 108 40 34 33 42 37 35 36 41 43 38 39 44 52 48 49 54 46 47 53 51 45 50 84 85 83 87 77 79 80 81 86 82 78  4  5  3  9  7  1  2  6  8  0 10 28 29 27 32 24 25 26 30 31 22 23 14 15 21 17 13 11 12 16 20 19 18 118 115 117 119 116 112 113 114 111 110 120
97 92 93 90 89 95 91 96 94 88 98 103 104 109 100 106 108 102 101 107 105 99 53 46 47 49 50 54 45 51 52 48 44 17 16 19 13 14 21 20 12 18 11 15 111 119 120 115 116 110 112 117 113 114 118  6  5  7  2  3 10  1  0  4  9  8 58 55 56 60 61 64 57 63 65 59 62 40 41 43 38 36 35 37 34 39 42 33 83 86 84 82 85 79 77 80 78 81 87 31 30 22 23 26 24 32 28 27 25 29 75 70 73 71 72 74 68 76 67 66 69
99 103 107 105 101 106 104 100 109 108 102 22 29 31 25 27 32 23 30 24 26 28 88 98 97 92 96 94 91 95 90 93 89 33 39 40 38 34 43 42 36 37 41 35 11 19 17 13 15 20 18 21 16 14 12 77 79 83 82 85 87 86 80 78 84 81 55 65 58 60 63 59 64 57 62 61 56  0  9  6  2  5  8  3  1  4  7 10 110 114 111 115 112 118 117 119 113 116 120 66 75 71 69 72 76 73 67 74 70 68 44 50 53 49 52 51 45 48 47 54 46
100 109 105 104 99 108 103 106 101 107 102 56 57 64 55 61 65 60 58 63 62 59 45 46 53 47 48 50 44 52 54 49 51 23 24 26 30 27 25 29 22 28 31 32  0  1 10  7  3  8  5  9  6  2  4 89 90 93 92 94 98 97 88 95 91 96 111 112 110 120 117 118 119 116 114 115 113 78 79 85 84 83 86 82 77 81 80 87 67 68 74 73 76 70 72 75 66 71 69 34 35 43 33 38 41 36 39 42 40 37 12 13 21 19 15 18 16 14 11 20 17
101 104 108 107 109 100 105 99 103 106 102 36 42 41 43 34 35 33 38 39 40 37 80 87 86 82 81 85 84 78 79 83 77 69 67 70 72 66 71 74 73 68 76 75 47 49 46 50 52 54 51 53 45 48 44  1  9  5  3  6 10  8  7  0  2  4 25 32 30 23 24 28 31 29 26 27 22 11 21 16 14 18 20 15 19 12 13 17 58 62 55 61 65 59 63 64 56 57 60 113 119 116 120 117 112 115 110 111 118 114 91 94 97 93 95 89 88 96 92 90 98
103 107 100 106 104 101 108 109 105 99 102 115 111 112 116 113 119 120 117 110 118 114 13 17 20 15 12 16 14 11 21 18 19 60 58 59 63 56 57 55 61 62 65 64 82 83 87 85 78 79 77 86 80 81 84 49 53 51 52 45 46 54 50 47 48 44 71 75 72 69 67 68 76 74 70 66 73 92 97 88 96 89 90 95 93 91 94 98 38 40 43 34 35 37 39 41 36 42 33 22 31 29 23 24 32 27 30 25 28 26  2  6  8  5  0  1  7  4  3  9 10
104 108 99 100 105 109 106 103 107 101 102 61 55 65 57 56 64 60 63 58 59 62 50 46 54 52 44 45 48 47 53 51 49 23 30 28 24 22 29 25 27 26 32 31  3  5 10  6  0  9  1  8  7  4  2 93 97 89 95 88 98 90 94 92 96 91 116 119 117 120 110 114 112 111 118 113 115 82 86 80 81 77 79 78 83 84 85 87 72 70 71 66 75 68 67 76 73 74 69 36 41 42 33 39 35 34 38 43 37 40 14 16 20 18 11 19 13 12 15 21 17
105 106 101 99 107 103 100 104 108 109 102 27 25 32 29 22 31 23 24 30 28 26 94 98 90 95 91 88 96 92 97 89 93 33 38 37 39 36 42 43 34 40 35 41 15 18 17 16 11 21 19 20 13 12 14 83 86 77 78 80 87 79 85 82 81 84 57 64 63 60 58 62 65 55 59 56 61  3  8  7  4  1  9  0  5  2  6 10 117 118 116 113 119 114 110 112 115 111 120 73 76 74 69 67 75 66 72 71 68 70 48 45 54 51 47 49 50 44 52 53 46
106 101 104 103 100 107 109 108 99 105 102 113 116 119 111 115 112 120 110 117 114 118 16 17 21 11 14 13 12 15 20 19 18 60 63 62 58 61 55 57 56 59 64 65 78 77 87 80 82 86 83 79 85 84 81 51 54 49 47 50 46 53 45 52 44 48 74 76 67 69 72 70 75 71 68 73 66 95 90 94 91 93 97 92 89 96 88 98 39 37 42 36 41 40 38 35 34 43 33 27 32 25 23 30 31 22 24 29 26 28  4  7  9  1  3  5  6  2  0  8 10
107 100 109 101 108 104 99 105 106 103 102 34 43 35 42 36 41 33 39 38 37 40 85 87 79 78 84 80 81 82 86 77 83 69 72 68 67 73 74 71 66 70 75 76 52 51 46 45 47 53 49 54 50 44 48  5  8  1  0  7 10  9  6  3  4  2 29 31 24 23 30 26 32 25 28 22 27 15 20 13 12 19 21 11 18 14 16 17 63 59 57 56 64 62 58 65 61 55 60 115 112 111 120 110 119 113 117 116 114 118 96 88 90 89 92 93 94 91 95 97 98
108 99 103 109 106 105 101 107 100 104 102 66 71 75 74 73 76 69 67 72 68 70  6 10  9  0  2  7  4  3  8  1  5 120 117 114 110 115 111 116 113 118 119 112 95 89 98 88 92 97 93 90 94 91 96 18 20 19 11 13 17 21 16 15 12 14 42 41 39 33 38 40 35 43 37 36 34 52 54 50 44 49 53 47 51 48 45 46 24 28 29 22 31 26 30 32 27 25 23 61 65 55 60 58 64 56 63 57 62 59 81 80 79 77 82 83 85 84 78 86 87
109 105 106 108 103 99 107 101 104 100 102 73 74 76 71 66 75 69 72 67 70 68  7 10  8  3  4  6  2  0  9  5  1 120 110 118 117 113 116 111 115 114 112 119 92 93 98 94 95 90 89 97 88 96 91 19 21 18 15 16 17 20 13 11 14 12 43 35 38 33 39 37 41 42 40 34 36 47 53 45 48 51 54 52 49 44 50 46 30 26 25 27 32 28 24 31 22 29 23 56 64 57 60 63 65 61 58 55 59 62 84 85 86 83 78 77 80 81 82 79 87
110 116 112 117 119 111 114 118 113 115 120 93 88 90 94 89 97 98 91 96 95 92 35 33 37 36 43 41 42 34 40 39 38 10  0  7  3  8  1  5  9  6  2  4 21 11 17 14 20 13 15 16 12 19 18 53 44 54 50 51 46 48 49 45 47 52 26 22 32 23 31 24 27 28 30 29 25 64 55 63 61 59 57 65 62 56 58 60 74 66 76 72 68 73 71 70 67 75 69 85 77 82 87 79 83 80 86 78 81 84 109 99 106 104 107 100 105 108 101 103 102
111 119 114 116 118 112 113 115 110 117 120 67 75 70 76 72 68 69 74 71 66 73 12 17 16 21 19 14 18 20 13 11 15 23 31 30 32 29 26 28 25 24 27 22 45 53 46 49 50 48 54 44 51 47 52 100 103 104 101 99 102 106 105 107 109 108 78 83 86 87 79 81 77 82 84 80 85 34 40 41 42 39 37 36 38 43 35 33  0  6  5  9  2  7  3  4  8  1 10 89 97 94 98 91 90 93 96 88 95 92 56 58 55 62 65 59 63 61 64 57 60
112 118 113 119 115 114 110 117 111 116 120  8  1  4  5  9  2 10  0  3  6  7 51 46 44 45 47 49 52 50 48 53 54 87 79 84 86 80 78 82 85 81 77 83 107 100 102 105 101 106 104 103 99 109 108 59 57 62 64 58 60 55 63 65 56 61 88 90 96 98 91 95 97 94 92 93 89 20 13 14 18 11 16 21 15 19 12 17 31 24 28 25 27 30 32 22 29 26 23 72 68 76 69 74 70 67 71 75 66 73 43 35 40 38 36 39 41 42 34 37 33
113 117 111 115 116 110 112 119 114 118 120 80 78 83 82 85 77 87 79 86 81 84 58 60 57 65 56 63 61 64 55 59 62 69 74 73 71 67 75 76 72 66 68 70 36 39 33 41 34 40 38 37 35 43 42 11 16 15 20 12 17 13 14 21 19 18  1  4  3 10  0  6  2  5  7  8  9 101 106 105 108 100 103 107 104 109 99 102 91 95 94 89 97 92 96 90 93 88 98 25 27 28 23 31 22 29 32 26 24 30 47 51 48 54 45 53 49 52 50 44 46
114 115 110 118 117 113 111 116 112 119 120 29 26 22 28 25 27 23 31 32 24 30 99 102 103 107 109 105 108 101 106 100 104 98 91 92 96 93 88 94 89 95 97 90 65 59 60 63 64 55 62 57 58 56 61 39 37 38 34 35 33 40 41 36 43 42 75 70 71 69 74 66 68 76 73 67 72 50 48 49 52 53 44 45 54 47 51 46 79 81 82 85 77 84 86 83 80 78 87  9  2  5 10  0  4  8  3  1  6  7 19 12 13 15 21 11 14 18 20 16 17
115 110 116 113 111 117 119 112 118 114 120 85 82 77 78 80 83 87 86 79 84 81 63 60 55 64 61 58 56 65 57 62 59 69 71 66 74 72 76 75 67 73 70 68 34 38 33 35 36 37 39 40 41 42 43 15 13 11 21 14 17 16 12 20 18 19  5  2  0 10  3  7  4  1  6  9  8 107 103 99 109 104 106 101 100 108 105 102 96 92 88 93 90 95 91 97 89 94 98 29 22 26 23 32 27 25 31 28 30 24 52 49 44 53 50 54 51 47 45 48 46
116 112 118 111 114 119 115 113 117 110 120 72 76 68 75 67 70 69 71 74 73 66 14 17 13 20 18 12 19 21 16 15 11 23 32 24 31 25 28 26 29 30 22 27 50 54 46 51 45 44 53 48 49 52 47 104 106 100 107 105 102 103 99 101 108 109 82 77 79 87 86 84 83 78 81 85 80 36 37 35 43 38 40 34 39 42 41 33  3  7  1  8  4  6  0  2  9  5 10 93 90 88 98 96 97 89 91 94 92 95 61 63 57 59 64 62 58 56 65 55 60
117 111 119 110 112 116 118 114 115 113 120 89 94 97 88 93 90 98 96 91 92 95 41 33 40 34 42 35 43 36 37 38 39 10  3  6  0  9  5  1  8  7  4  2 20 15 17 12 21 16 11 13 14 18 19 54 48 53 45 49 46 44 51 50 52 47 28 27 31 23 32 30 22 26 24 25 29 65 57 58 56 62 55 64 59 61 63 60 71 73 75 67 70 66 74 68 72 76 69 80 83 78 87 86 77 85 79 82 84 81 108 105 103 100 101 104 99 109 107 106 102
118 113 117 114 110 115 116 111 119 112 120 25 28 27 26 29 22 23 32 31 30 24 105 102 106 101 108 99 109 107 103 104 100 98 96 95 91 89 94 88 93 92 90 97 64 62 60 58 65 57 59 55 63 61 56 38 40 39 36 41 33 37 35 34 42 43 76 68 74 69 71 73 70 75 66 72 67 45 44 51 47 54 48 50 53 52 49 46 86 84 78 80 83 81 79 77 85 82 87  8  4  1 10  3  2  9  0  5  7  6 18 14 16 11 20 15 12 19 21 13 17
119 114 115 112 113 118 117 110 116 111 120  9  5  2  1  8  4 10  3  0  7  6 49 46 48 50 52 51 47 45 44 54 53 87 86 81 79 85 82 78 80 84 83 77 101 104 102 99 107 103 100 106 105 108 109 62 55 59 65 63 60 57 58 64 61 56 94 97 91 98 96 92 90 88 95 89 93 21 16 12 19 15 13 20 11 18 14 17 32 30 26 29 22 24 31 27 25 28 23 67 70 75 69 71 68 72 74 76 73 66 42 41 37 39 34 38 35 43 36 40 33
SRG #1 of type 1 with parameters (121, 100, 81, 90): |Aut(G)| = 3186701844480000
It's a rank 3 graph with (alpha =  2592, beta =  3240)
*111111111111111111111111111111111111111111111111111111111111111111111111111111111111111111111111111100000000000000000000  0
1*11111111111111111111111111111111111111111111111111111111111111111111111111111111100000000000000000011111111111111111100  1
11*1111111111111111111111111111111111111111111111111111111111111111000000000000000011111111111111110011111111111111110011  2
111*111111111111111111111111111111111111111111111111100000000000000111111111111110011111111111111001111111111111111001111  3
1111*11111111111111111111111111111111111100000000000011111111111100111111111111001111111111111100111111111111111100111111  4
11111*1111111111111111111111111000000000011111111110011111111110011111111111100111111111111110011111111111111110011111111  5
111111*111111111111111100000000111111110011111111001111111111001111111111110011111111111111001111111111111111001111111111  6
1111111*11111111100000011111100111111001111111100111111111100111111111111001111111111111100111111111111111100111111111111  7
11111111*1111000011110011110011111100111111110011111111110011111111111100111111111111110011111111111111110011111111111111  8
111111111*100110011001111001111110011111111001111111111001111111111110011111111111111001111111111111111001111111111111111  9
1111111111*00001100111100111111001111111100111111111100111111111111001111111111111100111111111111111100111111111111111111 10
11111111100*1101010101110101111101011111110101111111110101111111111101011111111111110101111111111111110101111111111111111 11
111111111001*010101011101011111010111111101011111111101011111111111010111111111111101011111111111111101011111111111111111 12
1111111101010*11001111001111011011110111101111011111101111011111111011110111111111101111011111111111101111011111111111111 13
11111111010011*0110110110110111101101111110110111111110110111111111101101111111111110110111111111111110110111111111111111 14
111111110011010*111010111010111110101111111010111111111010111111111110101111111111111010111111111111111010111111111111111 15
1111111100101011*11101011101011111010111111101011111111101011111111111010111111111111101011111111111111101011111111111111 16
11111110110100111*1100101111110011111101101111110111101111110111111011111101111111101111110111111111101111110111111111111 17
111111101100110111*011010111101101111011110111101111110111101111111101111011111111110111101111111111110111101111111111111 18
1111111010110110110*11011011101110111011111011101111111011101111111110111011111111111011101111111111111011101111111111111 19
11111110101011110011*0111101110111011101111101110111111101110111111111011101111111111101110111111111111101110111111111111 20
111111100111110010110*111110110111101101111110110111111110110111111111101101111111111110110111111111111110110111111111111 21
1111111001111011010011*11111001111110011111111001111111111001111111111110011111111111111001111111111111111001111111111111 22
11111101110100111011111*1100101011111111001111111101101111111101111011111111011111101111111101111111101111111101111111111 23
111111011100110111011111*011010101111110110111111011110111111011111101111110111111110111111011111111110111111011111111111 24
1111110110110110111011110*11010110111110111011111011111011111011111110111110111111111011111011111111111011111011111111111 25
11111101101011110111011011*0101111011111011101111101111101111101111111011111011111111101111101111111111101111101111111111 26
111111010111110011111010110*101111101111011110111101111110111101111111101111011111111110111101111111111110111101111111111 27
1111110101111011011111010011*10111110110111111011011111111011011111111110110111111111111011011111111111111011011111111111 28
11111100111111111100110011001*1111111011011111101101111111101101111111111011011111111111101101111111111111101101111111111 29
111111001111111110110011001101*111111100111111110011111111110011111111111100111111111111110011111111111111110011111111111 30
1111101111010011101111101111111*11001010101111111111001111111111011011111111110111101111111111011111101111111111011111111 31
11111011110011011101111101111111*0110101010111111110110111111110111101111111101111110111111110111111110111111110111111111 32
111110111011011011101111101111110*110101011011111110111011111110111110111111101111111011111110111111111011111110111111111 33
1111101110101111011101111101111011*01010111101111111011101111111011111011111110111111101111111011111111101111111011111111 34
11111011011111001111101111101110110*1010111110111111011110111111011111101111110111111110111111011111111110111111011111111 35
111110110111101101111101111101110011*101011111011110111111011110111111110111101111111111011110111111111111011110111111111 36
1111101011111111110011011111101011001*10111111101111011111101111011111111011110111111111101111011111111111101111011111111 37
11111010111111111011001111111101001101*1011111110110111111110110111111111101101111111111110110111111111111110110111111111 38
111110011111111111111111001101001100101*111111111011011111111011011111111110110111111111111011011111111111111011011111111 39
1111100111111111111111101100101100110101*11111111100111111111100111111111111001111111111111100111111111111111100111111111 40
11110111110100111011111011111110111111111*1100101010101111111111110011111111111101101111111111110111101111111111110111111 41
111101111100110111011111011111110111111111*011010101010111111111101101111111111011110111111111101111110111111111101111111 42
1111011110110110111011111011111110111111110*11010101011011111111101110111111111011111011111111101111111011111111101111111 43
11110111101011110111011111011111110111111011*0101010111101111111110111011111111101111101111111110111111101111111110111111 44
111101110111110011111011111011111110111110110*101010111110111111110111101111111101111110111111110111111110111111110111111 45
1111011101111011011111011111011111110111110011*10101011111011111101111110111111011111111011111101111111111011111101111111 46
11110110111111111100110111111011111110111011001*1010111111101111110111111011111101111111101111110111111111101111110111111 47
111101101111111110110011111111011111110111001101*101011111110111101111111101111011111111110111101111111111110111101111111 48
1111010111111111111111110011010111111110101100101*10111111111011110111111110111101111111111011110111111111111011110111111 49
11110101111111111111111011001011111111110100110101*1011111111101101111111111011011111111111101101111111111111101101111111 50
111100111111111111111111111111110011010100110010101*111111111110110111111111101101111111111110110111111111111110110111111 51
1111001111111111111111111111111011001010110011010101*11111111111001111111111110011111111111111001111111111111111001111111 52
11101111110100111011111011111110111111111011111111111*1100101010101011111111111111001111111111111101101111111111111101111 53
111011111100110111011111011111110111111111011111111111*011010101010101111111111110110111111111111011110111111111111011111 54
1110111110110110111011111011111110111111111011111111110*11010101010110111111111110111011111111111011111011111111111011111 55
11101111101011110111011111011111110111111111011111111011*0101010101111011111111111011101111111111101111101111111111101111 56
111011110111110011111011111011111110111111111011111110110*101010101111101111111111011110111111111101111110111111111101111 57
1110111101111011011111011111011111110111111111011111110011*10101010111110111111110111111011111111011111111011111111011111 58
11101110111111111100110111111011111110111111111011111011001*1010101111111011111111011111101111111101111111101111111101111 59
111011101111111110110011111111011111110111111111011111001101*101010111111101111110111111110111111011111111110111111011111 60
1110110111111111111111110011010111111110111111111011101100101*10101111111110111111011111111011111101111111111011111101111 61
11101101111111111111111011001011111111110111111111011100110101*1010111111111011110111111111101111011111111111101111011111 62
111010111111111111111111111111110011010101111111111010110010101*101111111111101111011111111110111101111111111110111101111 63
1110101111111111111111111111111011001010111111111111010011010101*10111111111110110111111111111011011111111111111011011111 64
11100111111111111111111111111111111111111100110101010011001010101*1111111111111011011111111111101101111111111111101101111 65
111001111111111111111111111111111111111110110010101011001101010101*111111111111100111111111111110011111111111111110011111 66
1101111111010011101111101111111011111111101111111111101111111111111*11001010101010101111111111111111001111111111111111011 67
11011111110011011101111101111111011111111101111111111101111111111111*0110101010101010111111111111110110111111111111110111 68
110111111011011011101111101111111011111111101111111111101111111111110*110101010101011011111111111110111011111111111110111 69
1101111110101111011101111101111111011111111101111111111101111111111011*01010101010111101111111111111011101111111111111011 70
11011111011111001111101111101111111011111111101111111111101111111110110*1010101010111110111111111111011110111111111111011 71
110111110111101101111101111101111111011111111101111111111101111111110011*101010101011111011111111110111111011111111110111 72
1101111011111111110011011111101111111011111111101111111111101111111011001*10101010111111101111111111011111101111111111011 73
11011110111111111011001111111101111111011111111101111111111101111111001101*1010101011111110111111110111111110111111110111 74
110111011111111111111111001101011111111011111111101111111111101111101100101*101010111111111011111111011111111011111111011 75
1101110111111111111111101100101111111111011111111101111111111101111100110101*10101011111111101111110111111111101111110111 76
11011011111111111111111111111111001101010111111111101111111111101110110010101*1010111111111110111111011111111110111111011 77
110110111111111111111111111111101100101011111111111101111111111101110011010101*101011111111111011110111111111111011110111 78
1101011111111111111111111111111111111111110011010101011111111111101011001010101*10111111111111101111011111111111101111011 79
11010111111111111111111111111111111111111011001010101111111111111101001101010101*1011111111111110110111111111111110110111 80
110011111111111111111111111111111111111111111111111111001101010101001100101010101*111111111111111011011111111111111011011 81
1100111111111111111111111111111111111111111111111111101100101010101100110101010101*11111111111111100111111111111111100111 82
10111111110100111011111011111110111111111011111111111011111111111110111111111111111*1100101010101010101111111111111111110 83
101111111100110111011111011111110111111111011111111111011111111111110111111111111111*011010101010101010111111111111111101 84
1011111110110110111011111011111110111111111011111111111011111111111110111111111111110*11010101010101011011111111111111101 85
10111111101011110111011111011111110111111111011111111111011111111111110111111111111011*0101010101010111101111111111111110 86
101111110111110011111011111011111110111111111011111111111011111111111110111111111110110*101010101010111110111111111111110 87
1011111101111011011111011111011111110111111111011111111111011111111111110111111111110011*10101010101011111011111111111101 88
10111110111111111100110111111011111110111111111011111111111011111111111110111111111011001*1010101010111111101111111111110 89
101111101111111110110011111111011111110111111111011111111111011111111111110111111111001101*101010101011111110111111111101 90
1011110111111111111111110011010111111110111111111011111111111011111111111110111111101100101*10101010111111111011111111110 91
10111101111111111111111011001011111111110111111111011111111111011111111111110111111100110101*1010101011111111101111111101 92
101110111111111111111111111111110011010101111111111011111111111011111111111110111110110010101*101010111111111110111111110 93
1011101111111111111111111111111011001010111111111111011111111111011111111111110111110011010101*10101011111111111011111101 94
10110111111111111111111111111111111111111100110101010111111111111011111111111110111011001010101*1010111111111111101111110 95
101101111111111111111111111111111111111110110010101011111111111111011111111111110111001101010101*101011111111111110111101 96
1010111111111111111111111111111111111111111111111111110011010101010111111111111110101100101010101*10111111111111111011110 97
10101111111111111111111111111111111111111111111111111011001010101011111111111111110100110101010101*1011111111111111101101 98
100111111111111111111111111111111111111111111111111111111111111111110011010101010100110010101010101*111111111111111110110 99
1001111111111111111111111111111111111111111111111111111111111111111011001010101010110011010101010101*11111111111111111001 100
01111111110100111011111011111110111111111011111111111011111111111110111111111111111011111111111111111*1100101010101010101 101
011111111100110111011111011111110111111111011111111111011111111111110111111111111111011111111111111111*011010101010101010 102
0111111110110110111011111011111110111111111011111111111011111111111110111111111111111011111111111111110*11010101010101010 103
01111111101011110111011111011111110111111111011111111111011111111111110111111111111111011111111111111011*0101010101010101 104
011111110111110011111011111011111110111111111011111111111011111111111110111111111111111011111111111110110*101010101010101 105
0111111101111011011111011111011111110111111111011111111111011111111111110111111111111111011111111111110011*10101010101010 106
01111110111111111100110111111011111110111111111011111111111011111111111110111111111111111011111111111011001*1010101010101 107
011111101111111110110011111111011111110111111111011111111111011111111111110111111111111111011111111111001101*101010101010 108
0111110111111111111111110011010111111110111111111011111111111011111111111110111111111111111011111111101100101*10101010101 109
01111101111111111111111011001011111111110111111111011111111111011111111111110111111111111111011111111100110101*1010101010 110
011110111111111111111111111111110011010101111111111011111111111011111111111110111111111111111011111110110010101*101010101 111
0111101111111111111111111111111011001010111111111111011111111111011111111111110111111111111111011111110011010101*10101010 112
01110111111111111111111111111111111111111100110101010111111111111011111111111110111111111111111011111011001010101*1010101 113
011101111111111111111111111111111111111110110010101011111111111111011111111111110111111111111111011111001101010101*101010 114
0110111111111111111111111111111111111111111111111111110011010101010111111111111110111111111111111011101100101010101*10101 115
01101111111111111111111111111111111111111111111111111011001010101011111111111111110111111111111111011100110101010101*1010 116
010111111111111111111111111111111111111111111111111111111111111111110011010101010101111111111111111010110010101010101*101 117
0101111111111111111111111111111111111111111111111111111111111111111011001010101010111111111111111111010011010101010101*10 118
00111111111111111111111111111111111111111111111111111111111111111111111111111111111100110101010101010011001010101010101*1 119
001111111111111111111111111111111111111111111111111111111111111111111111111111111110110010101010101011001101010101010101* 120

Vertex orbits and group generators of graph:
  0  0  0  0  0  0  0  0  0  0  0  0  0  0  0  0  0  0  0  0  0  0  0  0  0  0  0  0  0  0  0  0  0  0  0  0  0  0  0  0  0  0  0  0  0  0  0  0  0  0  0  0  0  0  0  0  0  0  0  0  0  0  0  0  0  0  0  0  0  0  0  0  0  0  0  0  0  0  0  0  0  0  0  0  0  0  0  0  0  0  0  0  0  0  0  0  0  0  0  0  0  0  0  0  0  0  0  0  0  0  0  0  0  0  0  0  0  0  0  0  0
  0  1  1  1  1  1  1  1  1  1  1  1  1  1  1  1  1  1  1  1  1  1  1  1  1  1  1  1  1  1  1  1  1  1  1  1  1  1  1  1  1  1  1  1  1  1  1  1  1  1  1  1  1  1  1  1  1  1  1  1  1  1  1  1  1  1  1  1  1  1  1  1  1  1  1  1  1  1  1  1  1  1  1  1  1  1  1  1  1  1  1  1  1  1  1  1  1  1  1  1  1 101 101 101 101 101 101 101 101 101 101 101 101 101 101 101 101 101 101 101 101
  0  1  2  3  4  5  6  7  8  9 10 11 12 13 14 15 16 17 18 19 20 21 22 23 24 25 26 27 28 29 30 31 32 33 34 35 36 37 38 39 40 41 42 43 44 45 46 47 48 49 50 51 52 53 54 55 56 57 58 59 60 61 62 63 64 65 66 67 68 69 70 71 72 73 74 75 76 77 78 79 80 81 82 83 84 85 86 87 88 89 90 91 92 93 94 95 96 97 98 99 100 101 102 103 104 105 106 107 108 109 110 111 112 113 114 115 116 117 118 119 120
  0  1  2  3  4  5  6  7  8  9 10 12 11 14 13 16 15 18 17 20 19 22 21 24 23 26 25 28 27 30 29 32 31 34 33 36 35 38 37 40 39 42 41 44 43 46 45 48 47 50 49 52 51 54 53 56 55 58 57 60 59 62 61 64 63 66 65 68 67 70 69 72 71 74 73 76 75 78 77 80 79 82 81 84 83 86 85 88 87 90 89 92 91 94 93 96 95 98 97 100 99 102 101 104 103 106 105 108 107 110 109 112 111 114 113 116 115 118 117 120 119
  0  1  2  3  4  5  6  7  8 10  9 11 12 15 16 13 14 19 20 17 18 22 21 25 26 23 24 28 27 30 29 33 34 31 32 36 35 38 37 40 39 43 44 41 42 46 45 48 47 50 49 52 51 55 56 53 54 58 57 60 59 62 61 64 63 66 65 69 70 67 68 72 71 74 73 76 75 78 77 80 79 82 81 85 86 83 84 88 87 90 89 92 91 94 93 96 95 98 97 100 99 103 104 101 102 106 105 108 107 110 109 112 111 114 113 116 115 118 117 120 119
  0  1  2  3  4  5  6  7  9  8 10 14 13 12 11 16 15 17 18 22 21 20 19 23 24 28 27 26 25 29 30 31 32 36 35 34 33 37 38 39 40 41 42 46 45 44 43 47 48 49 50 51 52 53 54 58 57 56 55 59 60 61 62 63 64 65 66 67 68 72 71 70 69 73 74 75 76 77 78 79 80 81 82 83 84 88 87 86 85 89 90 91 92 93 94 95 96 97 98 99 100 101 102 106 105 104 103 107 108 109 110 111 112 113 114 115 116 117 118 119 120
  0  1  2  3  4  5  6  8  7  9 10 11 12 17 18 19 20 13 14 15 16 22 21 23 24 25 26 29 30 27 28 31 32 33 34 37 38 35 36 39 40 41 42 43 44 47 48 45 46 49 50 51 52 53 54 55 56 59 60 57 58 61 62 63 64 65 66 67 68 69 70 73 74 71 72 75 76 77 78 79 80 81 82 83 84 85 86 89 90 87 88 91 92 93 94 95 96 97 98 99 100 101 102 103 104 107 108 105 106 109 110 111 112 113 114 115 116 117 118 119 120
  0  1  2  3  4  5  7  6  8  9 10 11 12 13 14 15 16 23 24 25 26 27 28 17 18 19 20 21 22 30 29 31 32 33 34 35 36 39 40 37 38 41 42 43 44 45 46 49 50 47 48 51 52 53 54 55 56 57 58 61 62 59 60 63 64 65 66 67 68 69 70 71 72 75 76 73 74 77 78 79 80 81 82 83 84 85 86 87 88 91 92 89 90 93 94 95 96 97 98 99 100 101 102 103 104 105 106 109 110 107 108 111 112 113 114 115 116 117 118 119 120
  0  1  2  3  4  6  5  7  8  9 10 11 12 13 14 15 16 17 18 19 20 21 22 31 32 33 34 35 36 37 38 23 24 25 26 27 28 29 30 40 39 41 42 43 44 45 46 47 48 51 52 49 50 53 54 55 56 57 58 59 60 63 64 61 62 65 66 67 68 69 70 71 72 73 74 77 78 75 76 79 80 81 82 83 84 85 86 87 88 89 90 93 94 91 92 95 96 97 98 99 100 101 102 103 104 105 106 107 108 111 112 109 110 113 114 115 116 117 118 119 120
  0  1  2  3  5  4  6  7  8  9 10 11 12 13 14 15 16 17 18 19 20 21 22 23 24 25 26 27 28 29 30 41 42 43 44 45 46 47 48 49 50 31 32 33 34 35 36 37 38 39 40 52 51 53 54 55 56 57 58 59 60 61 62 65 66 63 64 67 68 69 70 71 72 73 74 75 76 79 80 77 78 81 82 83 84 85 86 87 88 89 90 91 92 95 96 93 94 97 98 99 100 101 102 103 104 105 106 107 108 109 110 113 114 111 112 115 116 117 118 119 120
  0  1  2  4  3  5  6  7  8  9 10 11 12 13 14 15 16 17 18 19 20 21 22 23 24 25 26 27 28 29 30 31 32 33 34 35 36 37 38 39 40 53 54 55 56 57 58 59 60 61 62 63 64 41 42 43 44 45 46 47 48 49 50 51 52 66 65 67 68 69 70 71 72 73 74 75 76 77 78 81 82 79 80 83 84 85 86 87 88 89 90 91 92 93 94 97 98 95 96 99 100 101 102 103 104 105 106 107 108 109 110 111 112 115 116 113 114 117 118 119 120
  0  1  3  2  4  5  6  7  8  9 10 11 12 13 14 15 16 17 18 19 20 21 22 23 24 25 26 27 28 29 30 31 32 33 34 35 36 37 38 39 40 41 42 43 44 45 46 47 48 49 50 51 52 67 68 69 70 71 72 73 74 75 76 77 78 79 80 53 54 55 56 57 58 59 60 61 62 63 64 65 66 82 81 83 84 85 86 87 88 89 90 91 92 93 94 95 96 99 100 97 98 101 102 103 104 105 106 107 108 109 110 111 112 113 114 117 118 115 116 119 120
  0  2  1  3  4  5  6  7  8  9 10 11 12 13 14 15 16 17 18 19 20 21 22 23 24 25 26 27 28 29 30 31 32 33 34 35 36 37 38 39 40 41 42 43 44 45 46 47 48 49 50 51 52 53 54 55 56 57 58 59 60 61 62 63 64 65 66 83 84 85 86 87 88 89 90 91 92 93 94 95 96 97 98 67 68 69 70 71 72 73 74 75 76 77 78 79 80 81 82 100 99 101 102 103 104 105 106 107 108 109 110 111 112 113 114 115 116 119 120 117 118
  1  0  2  3  4  5  6  7  8  9 10 11 12 13 14 15 16 17 18 19 20 21 22 23 24 25 26 27 28 29 30 31 32 33 34 35 36 37 38 39 40 41 42 43 44 45 46 47 48 49 50 51 52 53 54 55 56 57 58 59 60 61 62 63 64 65 66 67 68 69 70 71 72 73 74 75 76 77 78 79 80 81 82 101 102 103 104 105 106 107 108 109 110 111 112 113 114 115 116 117 118 83 84 85 86 87 88 89 90 91 92 93 94 95 96 97 98 99 100 120 119


SRG #1 of type 2 with parameters (121, 30, 11, 6): |Aut(G)| = 55
*111111111111111111111111111111000000000000000000000000000000000000000000000000000000000000000000000000000000000000000000  0
1*11111111111000000000000000000111111111111111111000000000000000000000000000000000000000000000000000000000000000000000000  1
11*1111111100110000000000000000110000000000000000111111111111111100000000000000000000000000000000000000000000000000000000  2
111*111111100001100000000000000001100000000000000110000000000000011111111111111000000000000000000000000000000000000000000  3
1111*11111100000011000000000000000011000000000000001100000000000011000000000000111111111111000000000000000000000000000000  4
11111*1111100000000110000000000000000110000000000000011000000000000110000000000110000000000111111111100000000000000000000  5
111111*111100000000001100000000000000001100000000000000110000000000001100000000001100000000110000000011111111000000000000  6
1111111*11100000000000011000000000000000011000000000000001100000000000011000000000011000000001100000011000000111111000000  7
11111111*1100000000000000110000000000000000110000000000000011000000000000110000000000110000000011000000110000110000111100  8
111111111*100000000000000001100000000000000001100000000000000110000000000001100000000001100000000110000001100001100110011  9
1111111111*00000000000000000011000000000000000011000000000000001100000000000011000000000011000000001100000011000011001111 10
11000000000*0111010101010101010111010101010101010000000000000000010100000000000100000000000000000000010100000001000001010 11
110000000000*101101010101010101100101011101010101000000001000100001000000000000001000000000000010001000000000000100000100 12
1010000000011*00101010101010101110000000000000000101010101010011010100000000000100000000000000000000010100000001000001010 13
10100000000100*1010101010111010100010000000000100010101010111100100010010000000000000000010001000000000001010000000000000 14
100100000001101*010101010101010000100001000000000100000001000100011011001101010001000000000000010001000000000000100000100 15
1001000000001100*01110101010101001000000001000010110000010000000001100110010101000000101000100000000000000000000010100000 16
10001000000100110*0101010101011000101000000001000001000100001000001000000000100100110100111010100000000000000100000000000 17
100010000000110010*010111010101001010000000010000000101000000001010000000100000011011011001000000100000000101000000000000 18
1000010000010011110*01010101010000000010001000010100010010000000000100000000000010000101000111010100100000000000010100000 19
10000100000011001010*0101010111000001100010000000010001000000010000010000001000100000010000100101011101010000000000000000 20
100000100001001101010*011101010010000000100000001000000100000000100001100010000011000000100100000010010011001010000000000 21
1000001000001100101010*01011101000000011000100000001000010100000000001100000010000101000000010001000001100110000000000001 22
10000001000100110111010*0101010001000000001010000000001001000001000000010100000000011000000000100100001000101011001000000 23
100000010000110010101110*010101010000000010000001000000000100000100001001010000010010000100001000010010000000110110000000 24
1000000010010011010101010*01110000000100100010000000110000010000000000001010001000100010000000001000000100000100001110100 25
10000000100011101010101010*0101000010000000100100000000000011000000010010100000000000100010001010000000011010010000011000 26
100000000101001101010111010*010000000010000100100001000000100010000000100000110000001001000000001010000000100000100010011 27
1000000001001100101010101110*01000000100100001000000110000000100000000001001001000100000100000000100000001000001001110001 28
10000000001100110101110101010*0000001000010000001010000000000011000000000001001000000010001000000001101010010000010001001 29
100000000010110011101010101010*000100000000001010000000100001000100000000000110000000000011010100000100000001100001000110 30
0110000000011110000000000000000*00101010101010101010101010101100110100000000000100000000000000000000010100000001000001010 31
01100000000101000000010010000000*1010101010101011101010101010011100001000010000010000000100000000010000000000010000000000 32
010100000001000010100001000000001*010101010111010010001000000001001100110110101000010000000000000100000000101000000000000 33
0101000000001001010000000000001100*01010101011101100000100001000010011001101110000000000001010100000000000000100000000000 34
01001000000100100010000000100000110*0101010101110000100000010000010010010000000011001011011001000000000001010000000000000 35
010010000000100001001000000001010010*010111010101011000000000010001000000001000100110110110000000000101010000000000000000 36
0100010000010000000010000100100011010*01110101010000111000000000000010001000001100100000000100101011000000000000001010000 37
01000100000010000001001000010001001010*0101110101001010000100000000100100000010010001000000011011100100000000000000000001 38
010000100001100100000010000000001101010*010101010000000011000100001001000000000001100000000010010001001100110000100000100 39
0100001000001000000001000100100100101110*01010101000110100000000000000101000001001100000000100000000010011001000001010000 40
01000001000100000000100010000100110111010*0101010010000000100010000000001001000000010010000001000000111010000100110000000 41
010000010000100010010001000000010010101010*010111100000011000000000000010000000000001101000100100000001000000011011100000 42
0100000010010000000000100011000011010111010*01010001000000101000000000100100010000001100000000011000000010000010000011001 43
01000000100010000010000101000001011010101010*0101000001000010001000000000110000000010010000000001100000100101100000100100 44
010000000101000001000000000010101111010101010*010000000100001100000000000001100000000000101010100100000001000101000100001 45
0100000001001010000000000011000100111010101010*01000000000010010000010010000100000000001010001000010000001110000100010010 46
01000000001100001001000000000010110101010111010*0100000010000000100000000000010000000101010100000000100000001000011100110 47
010000000010100000000100100001011010101010101010*000000000000001100001000010001010000000101000000011000000010010010001001 48
0011000000000101100100000000000010100000001000010*01010111010011010011001101010000000101000100000000000000000000010100000 49
00110000000000101000100000000101010010000100000000*0101010101110101100110011101000000010000000000000101010000000000000000 50
001010000000010001000010000100001000101000010000010*010101110011001000100000010100111100110000001000000000000000000000001 51
0010100000000010001000000100100100010100100000000010*11010101100110000001000001011101011001000000000000000000000001010000 52
00100100000001000001000001001000100001101000000001011*0101010011000100001000001010100000000011010100100000000000001010000 53
001001000000001000101001000000010100010000001000001010*010101101100010000100000100010000000100101111000000101000000000000 54
0010001000000100010001000000001010100000100001000101010*01011011000000100000100001000000001110100000010011001100000000000 55
00100010000000101001001000000001000000010010000101101010*0101100100001000000000000100101000110000000001100110000010100000 56
001000010000110100000001000000001000000100100000010101010*010111001000010000000001001000000000110001001000000011101000100 57
0010000100000010000000101001000100000010010100000011101010*01100100000101000010000011000000001001000010000000100110000001 58
00100000100001100000000001100000100100000000101001010101010*0011000010010010000000000010010001001000000101010100000100100 59
001000001000001001000000001000110010000000010100001010111010*100100000000100100000000100001010110000000010000110000011000 60
0010000001001011000000000000100100000001000001000010101011101*00101000000001000001000000100000010101000001000001100100101 61
00100000010001000000100000010100100010000100001001110101010100*1000000000001100000000011000000000010101010100000100010010 62
001000000010010000100001000001001100000000001000110101110101001*000000000100001000010000001000000101000000111000010001001 63
0010000000100010000001001000001110000000000000011010101010101100*00001000010010010000000110000000010100000001010001000110 64
00011000000101010010000000000001001100000000000001001000000000000*0111001101010111001011001000000000010100000001000001010 65
000110000000100111000000000000000100100100000000001100000100010000*100110010101101110100110000010001000000000000100000100 66
0001010000010100100100000000000101000010000000000010010000000000011*00110010101110000000000011010100110100000001000001010 67
00010100000000110000100000100000001101000000001001000010000100000100*1011101010100000000010101101011000001010000000000000 68
000100100000000100000110100000001010000100000000110000001000000011001*001111010010100000100010000010001100110010000000000 69
0001001000000000100001100001000001000010100100000011000100100000001100*10010111001001000000100001000010011001000000000001 70
00010001000000101000000100100000010100000010001000100000010100000011101*0010101000001000010001100000001001010011001000000 71
000100010000000100000000110010000010010011000000010011000010000001001100*101011000110000000001000000010000000100111010000 72
0001000010000001001000010010000001100000000110000100001000001001010011001*01010000010100000000010100000010101010000011000 73
00010000100000001000010011000000110000000000100010100000000100001011011100*0101010000010100000001010000100000110000100100 74
000100000100000100001000000011000010100001000100011000000000011001001100110*010000000010100000000100101011000001000100001 75
0001000001000000110000000001001001100000000001100010000100001010001100110010*01000000001001010100010000000100100100010010 76
00010000001000010000001000010010001000100001000101010000001000001100111011010*0000001000010000001000100000001000001000111 77
000100000010000010000000010011000100010010000000101011000000000100110011101010*000100000001000000001000000010000011011001 78
0000110000010100010010000000000100001100000000000001001000000000011110000000000*00110100110100101011010100000001000001010 79
00001100000000000011010010000000100100100000000010001100000000001101010000100000*1001011101011010110100000000010000000000 80
000010100000100100100100000000000001000110000000000010010100010001100010000000001*001011001100010001010011001000100000100 81
0000101000000000010000100100100000001101100000000001110010000000001001001000001100*10100110010000000001100110000001010000 82
00001001000000000110000110000000010010000100100000010010001000010010000011000001001*0100110001000100010000101100110000000 83
000010010000000000100011000100000001001000110000000110000110000001000011000001001100*011001000101000001000000011001000001 84
0000100010000000110100000010000000001000001100010101000010001000001000000100000100110*01110100010000000010000010010111000 85
00001000100000000010100001000100000110000100100000101000000100100100000000110000110010*1001000001000101110000100000100100 86
000010000100000010110000000100000001000000100011010010001000001001000000000010001100111*001100000010000000100000110110010 87
0000100001000000010001001000100010001000000001001001000000000100101001000011000110110100*10000000110000001000011000100001 88
00001000001000100100000000100010000110000000001100010000000100001010100100000101001101001*0001000000100001011000001000110 89
000010000010000001100000000001100011000000000100100010010000100101000000000010101100101100*010100001000000010100010001001 90
0000011000000000100111000000000000000100101000010100001110000000000010100000000101000101000*00101011010011001000010100000 91
00000110000000000101001000000010001000110000010000000101100010000001010000001000101000000010*1110100101100110100000000000 92
000001010000001000010000101000000001001001000010000001000011000000011001100000001001000001001*010100110001010100110000000 93
0000010100000000010010010000001000100100001001000000001101001000000010010000100100001000001110*01011001000000111001000000 94
00000100100010010001000000100000000000110001000000000100010011000011000001000000110001000000110*0101100010000010100011100 95
000001001000000000001010010100000000011000011000000100100011000000001010001001010000101000010010*011000100000100000100101 96
0000010001000000001100010000100001000010000011000000011000000101000100000101000010010000100011010*00100001101001000100001 97
00000100010000000000110010010000100001000000001010000010000000101000110000101001100000011001001010*1000000100010100010010 98
000001000010100100001000000001000000010100000000100000100100010100101000000000110100000000110011101*000000010000110001101 99
0000010000100000000110000000011000001010010000010010010000000010100100000001010010000010010011010100*01010001000001000110 100
00000011000101000000010010000001000000001100000000000001001000000101001010000001010100000001010000000*0111001101110001010 101
000000110000000000001011000001000000100101100000001000001100001000000101000100000010101000001010000010*110110011001000000 102
0000001010010100000000100100000100000001000010000000000010010000010101000010000100100010000010001000011*00110101000101110 103
00000010100000000000110000100100000010001101000000100001000010100000001001010000010001100001000100001110*1001010000011000 104
000000100100001000000100001010000001000010000110000000010001010000001011000100000100000011010100010001001*011001000100001 105
0000001001000000001000110001000001000001000010100000001010000011000001000100100000110001000010000110001100*11000100010010 106
00000010001000100000001000100100000100010000001010000000100100010000110100000010001000000110110000010011011*0000010001001 107
000000100010000000100101000000100100000010001001000000110000000110000010010001000101000001010000010011001110*000001000110 108
0000000110000000010000001100001000100000010011000000000100111000000000001010100000010010001011101000010100000*00110100100 109
00000001100000000000010110100000100000000011000010000000010010001000010101100000100011001000001100100010100000*1001011000 110
000000010101010000000001000010010000000000100100000000000100010001010001000100010000100010000010010001110100001*001101011 111
0000000101001001000000001001000000000001010000100000000001100110001000001000100001010001000001010011010000100100*10010110 112
00000001001000001001000010000100000000000110000111000000101000010000000010000010000101010011010000010100000101001*0101001 113
000000010010000000000001010010100000010010100001000011000100000010000001100001100010100001000010000010100000101100*010110 114
0000000011000000100100000100100000000000001011010100000010010100000000000011000000000111100100001100000101000101010*00101 115
00000000110000000000000001111000000001001001001000001100000010100000000011001010001001010000000100100000101000101010*1010 116
000000001011010000000000001001010000000000010000100000000000100101010000010000110000010000100001000101011001001101001*011 117
0000000010101001000000000100001000000001000010010000000001010100101000000010010001000010010000011001100100001100101100*10 118
00000000011101000000000000010011000000000000001100000000000000101101000000001101000000010100000000101101001010011010111*0 119
000000000110000000000010000111000000001000010100100100000010010100000010000101100000100010100000110100000101000101010100* 120

Vertex orbits and group generators of graph:
  0  0  2  2  2  0  6  0  2  0  2  0  2  2  2  6  6  2  2  2  0  2  2  0  2  0  0  2  0  0  0  0  0  0  0  6  6  2  0  2  2  2  0  2  2  0  2  2  2  0  2  2  0  6  6  0  0  2  2  2  0  0  0  0  2  2  0  0  0  0  0  2  2  2  0  2  2  0  2  2  2  0  0  0  0  2  0  0  0  0  2  2  2  0  2  0  0  2  0  2  2  2  2  0  0  2  2  0  0  6  6  2  0  0  0  2  2  0  2  6  6
  0  1  2  3  4  5  6  7  8  9 10 11 12 13 14 15 16 17 18 19 20 21 22 23 24 25 26 27 28 29 30 31 32 33 34 35 36 37 38 39 40 41 42 43 44 45 46 47 48 49 50 51 52 53 54 55 56 57 58 59 60 61 62 63 64 65 66 67 68 69 70 71 72 73 74 75 76 77 78 79 80 81 82 83 84 85 86 87 88 89 90 91 92 93 94 95 96 97 98 99 100 101 102 103 104 105 106 107 108 109 110 111 112 113 114 115 116 117 118 119 120
  0  1  2  3  4  5  6  7  8  9 10 11 12 13 14 15 16 17 18 19 20 21 22 23 24 25 26 27 28 29 30 31 32 33 34 35 36 37 38 39 40 41 42 43 44 45 46 47 48 49 50 51 52 53 54 55 56 57 58 59 60 61 62 63 64 65 66 67 68 69 70 71 72 73 74 75 76 77 78 79 80 81 82 83 84 85 86 87 88 89 90 91 92 93 94 95 96 97 98 99 100 101 102 103 104 105 106 107 108 109 110 111 112 113 114 115 116 117 118 119 120
  9  0  8 10  3  7  6  1  4  5  2 28 27 116 115 120 119 75 76 111 112 105 106 45 46 88 87 97 98 61 62 25 26 30 29 16 15 24 23 22 21 12 11 18 17 20 19 13 14 117 118 73 74 110 109 104 103 43 44 85 86 96 95 60 59 78 77 114 113 107 108 47 48 90 89 99 100 63 64 72 71 70 69 34 33 65 66 67 68 49 50 101 102 42 41 84 83 94 93 58 57 40 39 82 81 91 92 56 55 36 35 37 38 31 32 79 80 52 51 53 54

