

    1: |Aut(M)| =  2,  Cycles:3(4:6:12) 
 "   0  1   2  3   4  5   6  7   8  9  10 11  12 13  14 15  16 17  18 19  20 21 "
 "   0  3   1  2   4  7   5  8   6  9  10 13  11 14  12 17  15 18  16 21  19 20 "
 "   0  5   1  4   2  7   3 10   6 11   8 13   9 16  12 15  14 19  17 20  18 21 "



    2: |Aut(M)| =  3,  Cycles:3(4:6:12) 
 "   0  1   2  3   4  5   6  7   8  9  10 11  12 13  14 15  16 17  18 19  20 21 "
 "   0  3   1  2   4  7   5  8   6  9  10 13  11 14  12 17  15 18  16 21  19 20 "
 "   0  5   1  4   2  7   3 10   6 11   8 13   9 16  12 19  14 17  15 20  18 21 "



    3: |Aut(M)| =  2,  Cycles:3(4:6:12) 
 "   0  1   2  3   4  5   6  7   8  9  10 11  12 13  14 15  16 17  18 19  20 21 "
 "   0  3   1  2   4  7   5  8   6  9  10 13  11 14  12 17  15 18  16 21  19 20 "
 "   0  5   1  4   2  7   3 10   6 11   8 13   9 16  12 21  14 19  15 20  17 18 "



    4: |Aut(M)| =  2,  Cycles:3(4:6:12) 
 "   0  1   2  3   4  5   6  7   8  9  10 11  12 13  14 15  16 17  18 19  20 21 "
 "   0  3   1  2   4  7   5  8   6  9  10 13  11 14  12 17  15 18  16 21  19 20 "
 "   0  5   1  4   2  7   3 10   6 11   8 15   9 12  13 20  14 17  16 19  18 21 "



    5: |Aut(M)| =  1,  Cycles:3(4:6:12) 
 "   0  1   2  3   4  5   6  7   8  9  10 11  12 13  14 15  16 17  18 19  20 21 "
 "   0  3   1  2   4  7   5  8   6  9  10 13  11 14  12 17  15 18  16 21  19 20 "
 "   0  5   1  4   2  7   3 10   6 11   8 15   9 16  12 19  13 20  14 21  17 18 "



    6: |Aut(M)| =  1,  Cycles:3(4:6:12) 
 "   0  1   2  3   4  5   6  7   8  9  10 11  12 13  14 15  16 17  18 19  20 21 "
 "   0  3   1  2   4  7   5  8   6  9  10 13  11 14  12 17  15 18  16 21  19 20 "
 "   0  5   1  4   2  7   3 10   6 11   8 15   9 18  12 21  13 14  16 19  17 20 "



    7: |Aut(M)| =  1,  Cycles:3(4:6:12) 
 "   0  1   2  3   4  5   6  7   8  9  10 11  12 13  14 15  16 17  18 19  20 21 "
 "   0  3   1  2   4  7   5  8   6  9  10 13  11 14  12 17  15 18  16 21  19 20 "
 "   0  5   1  4   2  7   3 10   6 11   8 15   9 20  12 21  13 16  14 19  17 18 "



    8: |Aut(M)| =  2,  Cycles:3(4:6:12) 
 "   0  1   2  3   4  5   6  7   8  9  10 11  12 13  14 15  16 17  18 19  20 21 "
 "   0  3   1  2   4  7   5  8   6  9  10 13  11 14  12 17  15 18  16 21  19 20 "
 "   0  5   1  4   2  7   3 10   6 11   8 17   9 20  12 15  13 16  14 19  18 21 "



    9: |Aut(M)| =  1,  Cycles:3(4:6:12) 
 "   0  1   2  3   4  5   6  7   8  9  10 11  12 13  14 15  16 17  18 19  20 21 "
 "   0  3   1  2   4  7   5  8   6  9  10 13  11 14  12 17  15 18  16 21  19 20 "
 "   0  5   1  4   2  7   3 10   6 11   8 17   9 20  12 21  13 18  14 19  15 16 "



   10: |Aut(M)| =  2,  Cycles:3(4:6:12) 
 "   0  1   2  3   4  5   6  7   8  9  10 11  12 13  14 15  16 17  18 19  20 21 "
 "   0  3   1  2   4  7   5  8   6  9  10 13  11 14  12 17  15 18  16 21  19 20 "
 "   0  5   1  4   2  7   3 10   6 11   8 19   9 20  12 21  13 14  15 16  17 18 "



   11: |Aut(M)| =  2,  Cycles:3(4:6:12) 
 "   0  1   2  3   4  5   6  7   8  9  10 11  12 13  14 15  16 17  18 19  20 21 "
 "   0  3   1  2   4  7   5  8   6  9  10 13  11 14  12 17  15 18  16 21  19 20 "
 "   0  5   1  4   2  7   3 10   6 11   8 21   9 16  12 19  13 14  15 20  17 18 "



   12: |Aut(M)| =  2,  Cycles:3(4:6:12) 
 "   0  1   2  3   4  5   6  7   8  9  10 11  12 13  14 15  16 17  18 19  20 21 "
 "   0  3   1  2   4  7   5  8   6  9  10 13  11 14  12 17  15 18  16 21  19 20 "
 "   0  5   1  4   2  7   3 10   6 13   8 11   9 20  12 21  14 19  15 16  17 18 "



   13: |Aut(M)| =  1,  Cycles:3(4:6:12) 
 "   0  1   2  3   4  5   6  7   8  9  10 11  12 13  14 15  16 17  18 19  20 21 "
 "   0  3   1  2   4  7   5  8   6  9  10 13  11 14  12 17  15 18  16 21  19 20 "
 "   0  5   1  4   2  7   3 10   6 13   8 15   9 16  11 20  12 19  14 17  18 21 "



   14: |Aut(M)| =  1,  Cycles:3(4:6:12) 
 "   0  1   2  3   4  5   6  7   8  9  10 11  12 13  14 15  16 17  18 19  20 21 "
 "   0  3   1  2   4  7   5  8   6  9  10 13  11 14  12 17  15 18  16 21  19 20 "
 "   0  5   1  4   2  7   3 10   6 13   8 17   9 18  11 20  12 15  14 21  16 19 "



   15: |Aut(M)| =  1,  Cycles:3(4:6:12) 
 "   0  1   2  3   4  5   6  7   8  9  10 11  12 13  14 15  16 17  18 19  20 21 "
 "   0  3   1  2   4  7   5  8   6  9  10 13  11 14  12 17  15 18  16 21  19 20 "
 "   0  5   1  4   2  7   3 10   6 13   8 19   9 12  11 18  14 21  15 16  17 20 "



   16: |Aut(M)| =  1,  Cycles:3(4:6:12) 
 "   0  1   2  3   4  5   6  7   8  9  10 11  12 13  14 15  16 17  18 19  20 21 "
 "   0  3   1  2   4  7   5  8   6  9  10 13  11 14  12 17  15 18  16 21  19 20 "
 "   0  5   1  4   2  7   3 10   6 13   8 21   9 14  11 16  12 19  15 20  17 18 "



   17: |Aut(M)| =  1,  Cycles:3(4:6:12) 
 "   0  1   2  3   4  5   6  7   8  9  10 11  12 13  14 15  16 17  18 19  20 21 "
 "   0  3   1  2   4  7   5  8   6  9  10 13  11 14  12 17  15 18  16 21  19 20 "
 "   0  5   1  4   2  7   3 10   6 15   8 19   9 14  11 18  12 21  13 16  17 20 "



   18: |Aut(M)| =  1,  Cycles:3(4:6:12) 
 "   0  1   2  3   4  5   6  7   8  9  10 11  12 13  14 15  16 17  18 19  20 21 "
 "   0  3   1  2   4  7   5  8   6  9  10 13  11 14  12 17  15 18  16 21  19 20 "
 "   0  5   1  4   2  7   3 10   6 15   8 21   9 12  11 16  13 20  14 19  17 18 "



   19: |Aut(M)| =  1,  Cycles:3(4:6:12) 
 "   0  1   2  3   4  5   6  7   8  9  10 11  12 13  14 15  16 17  18 19  20 21 "
 "   0  3   1  2   4  7   5  8   6  9  10 13  11 14  12 17  15 18  16 21  19 20 "
 "   0  5   1  4   2  7   3 10   6 15   8 21   9 16  11 12  13 18  14 19  17 20 "



   20: |Aut(M)| =  2,  Cycles:3(4:6:12) 
 "   0  1   2  3   4  5   6  7   8  9  10 11  12 13  14 15  16 17  18 19  20 21 "
 "   0  3   1  2   4  7   5  8   6  9  10 13  11 14  12 17  15 18  16 21  19 20 "
 "   0  5   1  4   2  7   3 10   6 17   8 15   9 20  11 18  12 19  13 16  14 21 "



   21: |Aut(M)| =  1,  Cycles:3(4:6:12) 
 "   0  1   2  3   4  5   6  7   8  9  10 11  12 13  14 15  16 17  18 19  20 21 "
 "   0  3   1  2   4  7   5  8   6  9  10 13  11 14  12 17  15 18  16 21  19 20 "
 "   0  5   1  4   2  7   3 10   6 17   8 19   9 16  11 18  12 21  13 14  15 20 "



   22: |Aut(M)| =  1,  Cycles:3(4:6:12) 
 "   0  1   2  3   4  5   6  7   8  9  10 11  12 13  14 15  16 17  18 19  20 21 "
 "   0  3   1  2   4  7   5  8   6  9  10 13  11 14  12 17  15 18  16 21  19 20 "
 "   0  5   1  4   2  7   3 10   6 17   8 21   9 14  11 12  13 18  15 20  16 19 "



   23: |Aut(M)| =  2,  Cycles:3(4:6:12) 
 "   0  1   2  3   4  5   6  7   8  9  10 11  12 13  14 15  16 17  18 19  20 21 "
 "   0  3   1  2   4  7   5  8   6  9  10 13  11 14  12 17  15 18  16 21  19 20 "
 "   0  5   1  4   2  7   3 10   6 21   8 19   9 20  11 18  12 15  13 16  14 17 "



   24: |Aut(M)| =  1,  Cycles:3(4:6:12) 
 "   0  1   2  3   4  5   6  7   8  9  10 11  12 13  14 15  16 17  18 19  20 21 "
 "   0  3   1  2   4  7   5  8   6  9  10 13  11 14  12 17  15 18  16 21  19 20 "
 "   0  5   1  4   2  9   3  6   7 10   8 13  11 18  12 19  14 21  15 16  17 20 "



   25: |Aut(M)| =  1,  Cycles:3(4:6:12) 
 "   0  1   2  3   4  5   6  7   8  9  10 11  12 13  14 15  16 17  18 19  20 21 "
 "   0  3   1  2   4  7   5  8   6  9  10 13  11 14  12 17  15 18  16 21  19 20 "
 "   0  5   1  4   2  9   3 10   6 11   7 18   8 13  12 19  14 21  15 16  17 20 "



   26: |Aut(M)| =  1,  Cycles:3(4:6:12) 
 "   0  1   2  3   4  5   6  7   8  9  10 11  12 13  14 15  16 17  18 19  20 21 "
 "   0  3   1  2   4  7   5  8   6  9  10 13  11 14  12 17  15 18  16 21  19 20 "
 "   0  5   1  4   2  9   3 10   6 13   7  8  11 18  12 19  14 21  15 16  17 20 "



   27: |Aut(M)| =  1,  Cycles:3(4:6:12) 
 "   0  1   2  3   4  5   6  7   8  9  10 11  12 13  14 15  16 17  18 19  20 21 "
 "   0  3   1  2   4  7   5  8   6  9  10 13  11 14  12 17  15 18  16 21  19 20 "
 "   0  5   1  4   2  9   3 10   6 13   7  8  11 20  12 21  14 19  15 16  17 18 "



   28: |Aut(M)| =  1,  Cycles:3(4:6:12) 
 "   0  1   2  3   4  5   6  7   8  9  10 11  12 13  14 15  16 17  18 19  20 21 "
 "   0  3   1  2   4  7   5  8   6  9  10 13  11 14  12 17  15 18  16 21  19 20 "
 "   0  5   1  4   2  9   3 10   6 15   7 20   8 13  11 16  12 19  14 21  17 18 "



   29: |Aut(M)| =  1,  Cycles:3(4:6:12) 
 "   0  1   2  3   4  5   6  7   8  9  10 11  12 13  14 15  16 17  18 19  20 21 "
 "   0  3   1  2   4  7   5  8   6  9  10 13  11 14  12 17  15 18  16 21  19 20 "
 "   0  5   1  4   2  9   3 10   6 17   7 14   8 13  11 20  12 19  15 16  18 21 "



   30: |Aut(M)| =  1,  Cycles:3(4:6:12) 
 "   0  1   2  3   4  5   6  7   8  9  10 11  12 13  14 15  16 17  18 19  20 21 "
 "   0  3   1  2   4  7   5  8   6  9  10 13  11 14  12 17  15 18  16 21  19 20 "
 "   0  5   1  4   2  9   3 10   6 19   7 16   8 13  11 20  12 15  14 21  17 18 "



   31: |Aut(M)| =  1,  Cycles:3(4:6:12) 
 "   0  1   2  3   4  5   6  7   8  9  10 11  12 13  14 15  16 17  18 19  20 21 "
 "   0  3   1  2   4  7   5  8   6  9  10 13  11 14  12 17  15 18  16 21  19 20 "
 "   0  5   1  4   2  9   3 10   6 21   7 12   8 13  11 20  14 19  15 16  17 18 "



   32: |Aut(M)| =  1,  Cycles:3(4:6:12) 
 "   0  1   2  3   4  5   6  7   8  9  10 11  12 13  14 15  16 17  18 19  20 21 "
 "   0  3   1  2   4  7   5  8   6  9  10 13  11 14  12 17  15 18  16 21  19 20 "
 "   0  5   1  4   2 11   3 12   6 13   7 14   8 15   9 10  16 19  17 20  18 21 "



   33: |Aut(M)| =  1,  Cycles:3(4:6:12) 
 "   0  1   2  3   4  5   6  7   8  9  10 11  12 13  14 15  16 17  18 19  20 21 "
 "   0  3   1  2   4  7   5  8   6  9  10 13  11 14  12 17  15 18  16 21  19 20 "
 "   0  5   1  4   2 11   3 12   6 13   7 14   8 19   9 20  10 17  15 16  18 21 "



   34: |Aut(M)| =  1,  Cycles:3(4:6:12) 
 "   0  1   2  3   4  5   6  7   8  9  10 11  12 13  14 15  16 17  18 19  20 21 "
 "   0  3   1  2   4  7   5  8   6  9  10 13  11 14  12 17  15 18  16 21  19 20 "
 "   0  5   1  4   2 11   3 12   6 13   7 20   8 17   9 14  10 19  15 16  18 21 "



   35: |Aut(M)| =  1,  Cycles:3(4:6:12) 
 "   0  1   2  3   4  5   6  7   8  9  10 11  12 13  14 15  16 17  18 19  20 21 "
 "   0  3   1  2   4  7   5  8   6  9  10 13  11 14  12 17  15 18  16 21  19 20 "
 "   0  5   1  4   2 11   3 12   6 15   7 10   8 17   9 18  13 20  14 21  16 19 "



   36: |Aut(M)| =  1,  Cycles:3(4:6:12) 
 "   0  1   2  3   4  5   6  7   8  9  10 11  12 13  14 15  16 17  18 19  20 21 "
 "   0  3   1  2   4  7   5  8   6  9  10 13  11 14  12 17  15 18  16 21  19 20 "
 "   0  5   1  4   2 11   3 12   6 15   7 18   8 17   9 20  10 21  13 16  14 19 "



   37: |Aut(M)| =  1,  Cycles:3(4:6:12) 
 "   0  1   2  3   4  5   6  7   8  9  10 11  12 13  14 15  16 17  18 19  20 21 "
 "   0  3   1  2   4  7   5  8   6  9  10 13  11 14  12 17  15 18  16 21  19 20 "
 "   0  5   1  4   2 11   3 12   6 15   7 20   8 17   9 18  10 19  13 16  14 21 "



   38: |Aut(M)| =  1,  Cycles:3(4:6:12) 
 "   0  1   2  3   4  5   6  7   8  9  10 11  12 13  14 15  16 17  18 19  20 21 "
 "   0  3   1  2   4  7   5  8   6  9  10 13  11 14  12 17  15 18  16 21  19 20 "
 "   0  5   1  4   2 11   3 12   6 15   7 20   8 17   9 18  10 21  13 14  16 19 "



   39: |Aut(M)| =  1,  Cycles:3(4:6:12) 
 "   0  1   2  3   4  5   6  7   8  9  10 11  12 13  14 15  16 17  18 19  20 21 "
 "   0  3   1  2   4  7   5  8   6  9  10 13  11 14  12 17  15 18  16 21  19 20 "
 "   0  5   1  4   2 11   3 12   6 17   7 14   8 13   9 20  10 19  15 16  18 21 "



   40: |Aut(M)| =  1,  Cycles:3(4:6:12) 
 "   0  1   2  3   4  5   6  7   8  9  10 11  12 13  14 15  16 17  18 19  20 21 "
 "   0  3   1  2   4  7   5  8   6  9  10 13  11 14  12 17  15 18  16 21  19 20 "
 "   0  5   1  4   2 11   3 12   6 17   7 14   8 21   9 18  10 19  13 20  15 16 "



   41: |Aut(M)| =  1,  Cycles:3(4:6:12) 
 "   0  1   2  3   4  5   6  7   8  9  10 11  12 13  14 15  16 17  18 19  20 21 "
 "   0  3   1  2   4  7   5  8   6  9  10 13  11 14  12 17  15 18  16 21  19 20 "
 "   0  5   1  4   2 11   3 12   6 19   7  8   9 18  10 21  13 16  14 17  15 20 "



   42: |Aut(M)| =  2,  Cycles:3(4:6:12) 
 "   0  1   2  3   4  5   6  7   8  9  10 11  12 13  14 15  16 17  18 19  20 21 "
 "   0  3   1  2   4  7   5  8   6  9  10 13  11 14  12 17  15 18  16 21  19 20 "
 "   0  5   1  4   2 11   3 14   6 13   7 16   8 21   9 18  10 15  12 19  17 20 "



   43: |Aut(M)| =  1,  Cycles:3(4:6:12) 
 "   0  1   2  3   4  5   6  7   8  9  10 11  12 13  14 15  16 17  18 19  20 21 "
 "   0  3   1  2   4  7   5  8   6  9  10 13  11 14  12 17  15 18  16 21  19 20 "
 "   0  5   1  4   2 11   3 14   6 13   7 18   8 15   9 16  10 21  12 19  17 20 "



   44: |Aut(M)| =  1,  Cycles:3(4:6:12) 
 "   0  1   2  3   4  5   6  7   8  9  10 11  12 13  14 15  16 17  18 19  20 21 "
 "   0  3   1  2   4  7   5  8   6  9  10 13  11 14  12 17  15 18  16 21  19 20 "
 "   0  5   1  4   2 11   3 14   6 13   7 20   8 19   9 10  12 21  15 16  17 18 "



   45: |Aut(M)| =  1,  Cycles:3(4:6:12) 
 "   0  1   2  3   4  5   6  7   8  9  10 11  12 13  14 15  16 17  18 19  20 21 "
 "   0  3   1  2   4  7   5  8   6  9  10 13  11 14  12 17  15 18  16 21  19 20 "
 "   0  5   1  4   2 11   3 14   6 13   7 20   8 19   9 16  10 21  12 15  17 18 "



   46: |Aut(M)| =  1,  Cycles:3(4:6:12) 
 "   0  1   2  3   4  5   6  7   8  9  10 11  12 13  14 15  16 17  18 19  20 21 "
 "   0  3   1  2   4  7   5  8   6  9  10 13  11 14  12 17  15 18  16 21  19 20 "
 "   0  5   1  4   2 11   3 14   6 15   7 16   8 21   9 12  10 19  13 20  17 18 "



   47: |Aut(M)| =  1,  Cycles:3(4:6:12) 
 "   0  1   2  3   4  5   6  7   8  9  10 11  12 13  14 15  16 17  18 19  20 21 "
 "   0  3   1  2   4  7   5  8   6  9  10 13  11 14  12 17  15 18  16 21  19 20 "
 "   0  5   1  4   2 11   3 14   6 17   7 18   8 15   9 12  10 21  13 20  16 19 "



   48: |Aut(M)| =  1,  Cycles:3(4:6:12) 
 "   0  1   2  3   4  5   6  7   8  9  10 11  12 13  14 15  16 17  18 19  20 21 "
 "   0  3   1  2   4  7   5  8   6  9  10 13  11 14  12 17  15 18  16 21  19 20 "
 "   0  5   1  4   2 11   3 14   6 17   7 20   8 19   9 12  10 15  13 16  18 21 "



   49: |Aut(M)| =  1,  Cycles:3(4:6:12) 
 "   0  1   2  3   4  5   6  7   8  9  10 11  12 13  14 15  16 17  18 19  20 21 "
 "   0  3   1  2   4  7   5  8   6  9  10 13  11 14  12 17  15 18  16 21  19 20 "
 "   0  5   1  4   2 11   3 14   6 17   7 20   8 19   9 12  10 21  13 18  15 16 "



   50: |Aut(M)| =  1,  Cycles:3(4:6:12) 
 "   0  1   2  3   4  5   6  7   8  9  10 11  12 13  14 15  16 17  18 19  20 21 "
 "   0  3   1  2   4  7   5  8   6  9  10 13  11 14  12 17  15 18  16 21  19 20 "
 "   0  5   1  4   2 11   3 14   6 17   7 20   8 19   9 16  10 15  12 21  13 18 "



   51: |Aut(M)| =  2,  Cycles:3(4:6:12) 
 "   0  1   2  3   4  5   6  7   8  9  10 11  12 13  14 15  16 17  18 19  20 21 "
 "   0  3   1  2   4  7   5  8   6  9  10 13  11 14  12 17  15 18  16 21  19 20 "
 "   0  5   1  4   2 11   3 14   6 19   7 16   8 21   9 12  10 15  13 18  17 20 "



   52: |Aut(M)| =  1,  Cycles:3(4:6:12) 
 "   0  1   2  3   4  5   6  7   8  9  10 11  12 13  14 15  16 17  18 19  20 21 "
 "   0  3   1  2   4  7   5  8   6  9  10 13  11 14  12 17  15 18  16 21  19 20 "
 "   0  5   1  4   2 11   3 16   6 13   7 14   8 19   9 10  12 15  17 20  18 21 "



   53: |Aut(M)| =  1,  Cycles:3(4:6:12) 
 "   0  1   2  3   4  5   6  7   8  9  10 11  12 13  14 15  16 17  18 19  20 21 "
 "   0  3   1  2   4  7   5  8   6  9  10 13  11 14  12 17  15 18  16 21  19 20 "
 "   0  5   1  4   2 11   3 16   6 13   7 14   8 19   9 20  10 21  12 15  17 18 "



   54: |Aut(M)| =  1,  Cycles:3(4:6:12) 
 "   0  1   2  3   4  5   6  7   8  9  10 11  12 13  14 15  16 17  18 19  20 21 "
 "   0  3   1  2   4  7   5  8   6  9  10 13  11 14  12 17  15 18  16 21  19 20 "
 "   0  5   1  4   2 11   3 16   6 13   7 18   8 21   9 10  12 19  14 17  15 20 "



   55: |Aut(M)| =  1,  Cycles:3(4:6:12) 
 "   0  1   2  3   4  5   6  7   8  9  10 11  12 13  14 15  16 17  18 19  20 21 "
 "   0  3   1  2   4  7   5  8   6  9  10 13  11 14  12 17  15 18  16 21  19 20 "
 "   0  5   1  4   2 11   3 16   6 13   7 18   8 21   9 14  10 15  12 19  17 20 "



   56: |Aut(M)| =  1,  Cycles:3(4:6:12) 
 "   0  1   2  3   4  5   6  7   8  9  10 11  12 13  14 15  16 17  18 19  20 21 "
 "   0  3   1  2   4  7   5  8   6  9  10 13  11 14  12 17  15 18  16 21  19 20 "
 "   0  5   1  4   2 11   3 16   6 15   7 12   8 21   9 18  10 17  13 20  14 19 "



   57: |Aut(M)| =  1,  Cycles:3(4:6:12) 
 "   0  1   2  3   4  5   6  7   8  9  10 11  12 13  14 15  16 17  18 19  20 21 "
 "   0  3   1  2   4  7   5  8   6  9  10 13  11 14  12 17  15 18  16 21  19 20 "
 "   0  5   1  4   2 11   3 16   6 15   7 12   8 21   9 18  10 19  13 14  17 20 "



   58: |Aut(M)| =  1,  Cycles:3(4:6:12) 
 "   0  1   2  3   4  5   6  7   8  9  10 11  12 13  14 15  16 17  18 19  20 21 "
 "   0  3   1  2   4  7   5  8   6  9  10 13  11 14  12 17  15 18  16 21  19 20 "
 "   0  5   1  4   2 11   3 16   6 15   7 20   8 21   9 18  10 17  12 19  13 14 "



   59: |Aut(M)| =  1,  Cycles:3(4:6:12) 
 "   0  1   2  3   4  5   6  7   8  9  10 11  12 13  14 15  16 17  18 19  20 21 "
 "   0  3   1  2   4  7   5  8   6  9  10 13  11 14  12 17  15 18  16 21  19 20 "
 "   0  5   1  4   2 11   3 16   6 17   7  8   9 18  10 19  12 15  13 20  14 21 "



   60: |Aut(M)| =  1,  Cycles:3(4:6:12) 
 "   0  1   2  3   4  5   6  7   8  9  10 11  12 13  14 15  16 17  18 19  20 21 "
 "   0  3   1  2   4  7   5  8   6  9  10 13  11 14  12 17  15 18  16 21  19 20 "
 "   0  5   1  4   2 11   3 16   6 19   7 12   8 21   9 14  10 15  13 18  17 20 "



   61: |Aut(M)| =  1,  Cycles:3(4:6:12) 
 "   0  1   2  3   4  5   6  7   8  9  10 11  12 13  14 15  16 17  18 19  20 21 "
 "   0  3   1  2   4  7   5  8   6  9  10 13  11 14  12 17  15 18  16 21  19 20 "
 "   0  5   1  4   2 11   3 18   6 13   7 14   8 21   9 10  12 15  16 19  17 20 "



   62: |Aut(M)| =  1,  Cycles:3(4:6:12) 
 "   0  1   2  3   4  5   6  7   8  9  10 11  12 13  14 15  16 17  18 19  20 21 "
 "   0  3   1  2   4  7   5  8   6  9  10 13  11 14  12 17  15 18  16 21  19 20 "
 "   0  5   1  4   2 11   3 18   6 13   7 14   8 21   9 16  10 15  12 19  17 20 "



   63: |Aut(M)| =  1,  Cycles:3(4:6:12) 
 "   0  1   2  3   4  5   6  7   8  9  10 11  12 13  14 15  16 17  18 19  20 21 "
 "   0  3   1  2   4  7   5  8   6  9  10 13  11 14  12 17  15 18  16 21  19 20 "
 "   0  5   1  4   2 11   3 18   6 13   7 20   8 15   9 10  12 21  14 17  16 19 "



   64: |Aut(M)| =  1,  Cycles:3(4:6:12) 
 "   0  1   2  3   4  5   6  7   8  9  10 11  12 13  14 15  16 17  18 19  20 21 "
 "   0  3   1  2   4  7   5  8   6  9  10 13  11 14  12 17  15 18  16 21  19 20 "
 "   0  5   1  4   2 11   3 18   6 17   7 14   8 19   9 12  10 21  13 20  15 16 "



   65: |Aut(M)| =  1,  Cycles:3(4:6:12) 
 "   0  1   2  3   4  5   6  7   8  9  10 11  12 13  14 15  16 17  18 19  20 21 "
 "   0  3   1  2   4  7   5  8   6  9  10 13  11 14  12 17  15 18  16 21  19 20 "
 "   0  5   1  4   2 11   3 18   6 17   7 14   8 21   9 12  10 15  13 20  16 19 "



   66: |Aut(M)| =  1,  Cycles:3(4:6:12) 
 "   0  1   2  3   4  5   6  7   8  9  10 11  12 13  14 15  16 17  18 19  20 21 "
 "   0  3   1  2   4  7   5  8   6  9  10 13  11 14  12 17  15 18  16 21  19 20 "
 "   0  5   1  4   2 11   3 18   6 17   7 14   8 21   9 12  10 19  13 16  15 20 "



   67: |Aut(M)| =  1,  Cycles:3(4:6:12) 
 "   0  1   2  3   4  5   6  7   8  9  10 11  12 13  14 15  16 17  18 19  20 21 "
 "   0  3   1  2   4  7   5  8   6  9  10 13  11 14  12 17  15 18  16 21  19 20 "
 "   0  5   1  4   2 11   3 18   6 17   7 20   8 15   9 12  10 19  13 16  14 21 "



   68: |Aut(M)| =  1,  Cycles:3(4:6:12) 
 "   0  1   2  3   4  5   6  7   8  9  10 11  12 13  14 15  16 17  18 19  20 21 "
 "   0  3   1  2   4  7   5  8   6  9  10 13  11 14  12 17  15 18  16 21  19 20 "
 "   0  5   1  4   2 11   3 18   6 17   7 20   8 15   9 12  10 21  13 14  16 19 "



   69: |Aut(M)| =  1,  Cycles:3(4:6:12) 
 "   0  1   2  3   4  5   6  7   8  9  10 11  12 13  14 15  16 17  18 19  20 21 "
 "   0  3   1  2   4  7   5  8   6  9  10 13  11 14  12 17  15 18  16 21  19 20 "
 "   0  5   1  4   2 11   3 18   6 19   7 14   8 17   9 12  10 21  13 16  15 20 "



   70: |Aut(M)| =  1,  Cycles:3(4:6:12) 
 "   0  1   2  3   4  5   6  7   8  9  10 11  12 13  14 15  16 17  18 19  20 21 "
 "   0  3   1  2   4  7   5  8   6  9  10 13  11 14  12 17  15 18  16 21  19 20 "
 "   0  5   1  4   2 11   3 18   6 21   7 14   8 17   9 12  10 19  13 20  15 16 "



   71: |Aut(M)| =  1,  Cycles:3(4:6:12) 
 "   0  1   2  3   4  5   6  7   8  9  10 11  12 13  14 15  16 17  18 19  20 21 "
 "   0  3   1  2   4  7   5  8   6  9  10 13  11 14  12 17  15 18  16 21  19 20 "
 "   0  5   1  4   2 11   3 20   6 13   7  8   9 10  12 21  14 19  15 16  17 18 "



   72: |Aut(M)| =  1,  Cycles:3(4:6:12) 
 "   0  1   2  3   4  5   6  7   8  9  10 11  12 13  14 15  16 17  18 19  20 21 "
 "   0  3   1  2   4  7   5  8   6  9  10 13  11 14  12 17  15 18  16 21  19 20 "
 "   0  5   1  4   2 11   3 20   6 13   7  8   9 12  10 17  14 19  15 16  18 21 "



   73: |Aut(M)| =  1,  Cycles:3(4:6:12) 
 "   0  1   2  3   4  5   6  7   8  9  10 11  12 13  14 15  16 17  18 19  20 21 "
 "   0  3   1  2   4  7   5  8   6  9  10 13  11 14  12 17  15 18  16 21  19 20 "
 "   0  5   1  4   2 11   3 20   6 13   7 10   8 19   9 16  12 15  14 21  17 18 "



   74: |Aut(M)| =  1,  Cycles:3(4:6:12) 
 "   0  1   2  3   4  5   6  7   8  9  10 11  12 13  14 15  16 17  18 19  20 21 "
 "   0  3   1  2   4  7   5  8   6  9  10 13  11 14  12 17  15 18  16 21  19 20 "
 "   0  5   1  4   2 11   3 20   6 13   7 14   8 17   9 10  12 15  16 19  18 21 "



   75: |Aut(M)| =  2,  Cycles:3(4:6:12) 
 "   0  1   2  3   4  5   6  7   8  9  10 11  12 13  14 15  16 17  18 19  20 21 "
 "   0  3   1  2   4  7   5  8   6  9  10 13  11 14  12 17  15 18  16 21  19 20 "
 "   0  5   1  4   2 11   3 20   6 13   7 16   8 19   9 14  10 21  12 15  17 18 "



   76: |Aut(M)| =  1,  Cycles:3(4:6:12) 
 "   0  1   2  3   4  5   6  7   8  9  10 11  12 13  14 15  16 17  18 19  20 21 "
 "   0  3   1  2   4  7   5  8   6  9  10 13  11 14  12 17  15 18  16 21  19 20 "
 "   0  5   1  4   2 11   3 20   6 17   7 10   8 19   9 12  13 18  14 21  15 16 "



   77: |Aut(M)| =  1,  Cycles:3(4:6:12) 
 "   0  1   2  3   4  5   6  7   8  9  10 11  12 13  14 15  16 17  18 19  20 21 "
 "   0  3   1  2   4  7   5  8   6  9  10 13  11 14  12 17  15 18  16 21  19 20 "
 "   0  5   1  4   2 11   3 20   6 17   7 14   8 13   9 10  12 19  15 16  18 21 "



   78: |Aut(M)| =  1,  Cycles:3(4:6:12) 
 "   0  1   2  3   4  5   6  7   8  9  10 11  12 13  14 15  16 17  18 19  20 21 "
 "   0  3   1  2   4  7   5  8   6  9  10 13  11 14  12 17  15 18  16 21  19 20 "
 "   0  5   1  6   2  7   3 10   4 17   8 13   9 18  11 16  12 19  14 21  15 20 "



   79: |Aut(M)| =  1,  Cycles:3(4:6:12) 
 "   0  1   2  3   4  5   6  7   8  9  10 11  12 13  14 15  16 17  18 19  20 21 "
 "   0  3   1  2   4  7   5  8   6  9  10 13  11 14  12 17  15 18  16 21  19 20 "
 "   0  5   1  6   2  7   3 10   4 21   8 13   9 12  11 20  14 19  15 16  17 18 "



   80: |Aut(M)| =  1,  Cycles:3(4:6:12) 
 "   0  1   2  3   4  5   6  7   8  9  10 11  12 13  14 15  16 17  18 19  20 21 "
 "   0  3   1  2   4  7   5  8   6  9  10 13  11 14  12 17  15 18  16 21  19 20 "
 "   0  5   1  6   2 11   3 10   4  9   7 18   8 13  12 19  14 21  15 16  17 20 "



   81: |Aut(M)| =  1,  Cycles:3(4:6:12) 
 "   0  1   2  3   4  5   6  7   8  9  10 11  12 13  14 15  16 17  18 19  20 21 "
 "   0  3   1  2   4  7   5  8   6  9  10 13  11 14  12 17  15 18  16 21  19 20 "
 "   0  5   1  6   2 11   3 10   4 13   7 20   8 17   9 14  12 19  15 16  18 21 "



   82: |Aut(M)| =  1,  Cycles:3(4:6:12) 
 "   0  1   2  3   4  5   6  7   8  9  10 11  12 13  14 15  16 17  18 19  20 21 "
 "   0  3   1  2   4  7   5  8   6  9  10 13  11 14  12 17  15 18  16 21  19 20 "
 "   0  5   1  6   2 11   3 10   4 15   7 16   8 13   9 18  12 19  14 21  17 20 "



   83: |Aut(M)| =  1,  Cycles:3(4:6:12) 
 "   0  1   2  3   4  5   6  7   8  9  10 11  12 13  14 15  16 17  18 19  20 21 "
 "   0  3   1  2   4  7   5  8   6  9  10 13  11 14  12 17  15 18  16 21  19 20 "
 "   0  5   1  6   2 11   3 10   4 15   7 18   8 13   9 20  12 21  14 17  16 19 "



   84: |Aut(M)| =  1,  Cycles:3(4:6:12) 
 "   0  1   2  3   4  5   6  7   8  9  10 11  12 13  14 15  16 17  18 19  20 21 "
 "   0  3   1  2   4  7   5  8   6  9  10 13  11 14  12 17  15 18  16 21  19 20 "
 "   0  5   1  6   2 11   3 10   4 15   7 18   8 19   9 14  12 21  13 16  17 20 "



   85: |Aut(M)| =  1,  Cycles:3(4:6:12) 
 "   0  1   2  3   4  5   6  7   8  9  10 11  12 13  14 15  16 17  18 19  20 21 "
 "   0  3   1  2   4  7   5  8   6  9  10 13  11 14  12 17  15 18  16 21  19 20 "
 "   0  5   1  6   2 11   3 10   4 19   7 20   8 17   9 14  12 21  13 18  15 16 "



   86: |Aut(M)| =  2,  Cycles:3(4:6:12) 
 "   0  1   2  3   4  5   6  7   8  9  10 11  12 13  14 15  16 17  18 19  20 21 "
 "   0  3   1  2   4  7   5  8   6  9  10 13  11 14  12 17  15 18  16 21  19 20 "
 "   0  5   1  6   2 11   3 12   4 13   7 10   8 15   9 14  16 19  17 20  18 21 "



   87: |Aut(M)| =  2,  Cycles:3(4:6:12) 
 "   0  1   2  3   4  5   6  7   8  9  10 11  12 13  14 15  16 17  18 19  20 21 "
 "   0  3   1  2   4  7   5  8   6  9  10 13  11 14  12 17  15 18  16 21  19 20 "
 "   0  5   1  6   2 11   3 12   4 13   7 10   8 17   9 18  14 21  15 20  16 19 "



   88: |Aut(M)| =  1,  Cycles:3(4:6:12) 
 "   0  1   2  3   4  5   6  7   8  9  10 11  12 13  14 15  16 17  18 19  20 21 "
 "   0  3   1  2   4  7   5  8   6  9  10 13  11 14  12 17  15 18  16 21  19 20 "
 "   0  5   1  6   2 11   3 16   4 15   7 18   8 19   9 14  10 17  12 21  13 20 "



   89: |Aut(M)| =  1,  Cycles:3(4:6:12) 
 "   0  1   2  3   4  5   6  7   8  9  10 11  12 13  14 15  16 17  18 19  20 21 "
 "   0  3   1  2   4  7   5  8   6  9  10 13  11 14  12 17  15 18  16 21  19 20 "
 "   0  5   1  6   2 11   3 16   4 15   7 18   8 21   9 20  10 17  12 19  13 14 "



   90: |Aut(M)| =  1,  Cycles:3(4:6:12) 
 "   0  1   2  3   4  5   6  7   8  9  10 11  12 13  14 15  16 17  18 19  20 21 "
 "   0  3   1  2   4  7   5  8   6  9  10 13  11 14  12 17  15 18  16 21  19 20 "
 "   0  5   1  6   2 11   3 20   4  9   7 16   8 19  10 21  12 15  13 14  17 18 "



   91: |Aut(M)| =  1,  Cycles:3(4:6:12) 
 "   0  1   2  3   4  5   6  7   8  9  10 11  12 13  14 15  16 17  18 19  20 21 "
 "   0  3   1  2   4  7   5  8   6  9  10 13  11 14  12 17  15 18  16 21  19 20 "
 "   0  5   1  6   2 11   3 20   4 15   7 12   8 19   9 18  10 21  13 16  14 17 "



   92: |Aut(M)| =  1,  Cycles:3(4:6:12) 
 "   0  1   2  3   4  5   6  7   8  9  10 11  12 13  14 15  16 17  18 19  20 21 "
 "   0  3   1  2   4  7   5  8   6  9  10 13  11 14  12 17  15 18  16 21  19 20 "
 "   0  5   1  6   2 11   3 20   4 17   7 12   8 15   9 14  10 21  13 18  16 19 "



   93: |Aut(M)| =  1,  Cycles:3(4:6:12) 
 "   0  1   2  3   4  5   6  7   8  9  10 11  12 13  14 15  16 17  18 19  20 21 "
 "   0  3   1  2   4  7   5  8   6  9  10 13  11 14  12 17  15 18  16 21  19 20 "
 "   0  5   1  6   2 11   3 20   4 17   7 14   8 19   9 18  10 21  12 15  13 16 "



   94: |Aut(M)| =  2,  Cycles:3(4:6:12) 
 "   0  1   2  3   4  5   6  7   8  9  10 11  12 13  14 15  16 17  18 19  20 21 "
 "   0  3   1  2   4  7   5  8   6  9  10 13  11 14  12 17  15 18  16 21  19 20 "
 "   0  5   1  8   2  9   3 10   4 19   6 21   7 20  11 18  12 15  13 16  14 17 "



   95: |Aut(M)| =  1,  Cycles:3(4:6:12) 
 "   0  1   2  3   4  5   6  7   8  9  10 11  12 13  14 15  16 17  18 19  20 21 "
 "   0  3   1  2   4  7   5  8   6  9  10 13  11 14  12 17  15 18  16 21  19 20 "
 "   0  5   1  8   2 11   3 10   4 15   6 21   7 12   9 16  13 20  14 19  17 18 "



   96: |Aut(M)| =  1,  Cycles:3(4:6:12) 
 "   0  1   2  3   4  5   6  7   8  9  10 11  12 13  14 15  16 17  18 19  20 21 "
 "   0  3   1  2   4  7   5  8   6  9  10 13  11 14  12 17  15 18  16 21  19 20 "
 "   0  5   1  8   2 11   3 10   4 17   6 15   7 20   9 18  12 19  13 16  14 21 "



   97: |Aut(M)| =  1,  Cycles:3(4:6:12) 
 "   0  1   2  3   4  5   6  7   8  9  10 11  12 13  14 15  16 17  18 19  20 21 "
 "   0  3   1  2   4  7   5  8   6  9  10 13  11 14  12 17  15 18  16 21  19 20 "
 "   0  5   1  8   2 11   3 16   4  9   6 15   7 18  10 19  12 21  13 20  14 17 "



   98: |Aut(M)| =  1,  Cycles:3(4:6:12) 
 "   0  1   2  3   4  5   6  7   8  9  10 11  12 13  14 15  16 17  18 19  20 21 "
 "   0  3   1  2   4  7   5  8   6  9  10 13  11 14  12 17  15 18  16 21  19 20 "
 "   0  5   1  8   2 11   3 16   4 19   6 21   7 20   9 14  10 17  12 15  13 18 "



   99: |Aut(M)| =  1,  Cycles:3(4:6:12) 
 "   0  1   2  3   4  5   6  7   8  9  10 11  12 13  14 15  16 17  18 19  20 21 "
 "   0  3   1  2   4  7   5  8   6  9  10 13  11 14  12 17  15 18  16 21  19 20 "
 "   0  5   1  8   2 11   3 20   4  9   6 13   7 10  12 15  14 21  16 19  17 18 "



  100: |Aut(M)| =  1,  Cycles:3(4:6:12) 
 "   0  1   2  3   4  5   6  7   8  9  10 11  12 13  14 15  16 17  18 19  20 21 "
 "   0  3   1  2   4  7   5  8   6  9  10 13  11 14  12 17  15 18  16 21  19 20 "
 "   0  5   1  8   2 11   3 20   4  9   6 13   7 10  12 19  14 17  15 16  18 21 "



  101: |Aut(M)| =  2,  Cycles:3(4:6:12) 
 "   0  1   2  3   4  5   6  7   8  9  10 11  12 13  14 15  16 17  18 19  20 21 "
 "   0  3   1  2   4  7   5  8   6  9  10 13  11 14  12 17  15 18  16 21  19 20 "
 "   0  5   1  8   2 11   3 20   4 17   6 19   7 18   9 14  10 21  12 15  13 16 "



  102: |Aut(M)| =  1,  Cycles:3(4:6:12) 
 "   0  1   2  3   4  5   6  7   8  9  10 11  12 13  14 15  16 17  18 19  20 21 "
 "   0  3   1  2   4  7   5  8   6  9  10 13  11 14  12 17  15 18  16 21  19 20 "
 "   0  5   1  8   2 11   3 20   4 21   6 13   7 18   9 10  12 19  14 17  15 16 "



  103: |Aut(M)| =  1,  Cycles:3(4:6:12) 
 "   0  1   2  3   4  5   6  7   8  9  10 11  12 13  14 15  16 17  18 19  20 21 "
 "   0  3   1  2   4  7   5  8   6  9  10 13  11 14  12 17  15 18  16 21  19 20 "
 "   0  5   1 10   2  7   3 12   4 15   6 13   8 17   9 16  11 20  14 19  18 21 "



  104: |Aut(M)| =  1,  Cycles:3(4:6:12) 
 "   0  1   2  3   4  5   6  7   8  9  10 11  12 13  14 15  16 17  18 19  20 21 "
 "   0  3   1  2   4  7   5  8   6  9  10 13  11 14  12 17  15 18  16 21  19 20 "
 "   0  5   1 10   2  7   3 12   4 19   6 13   8 17   9 18  11 16  14 21  15 20 "



  105: |Aut(M)| =  1,  Cycles:3(4:6:12) 
 "   0  1   2  3   4  5   6  7   8  9  10 11  12 13  14 15  16 17  18 19  20 21 "
 "   0  3   1  2   4  7   5  8   6  9  10 13  11 14  12 17  15 18  16 21  19 20 "
 "   0  5   1 10   2  7   3 16   4 11   6 13   8 21   9 20  12 15  14 19  17 18 "



  106: |Aut(M)| =  2,  Cycles:3(4:6:12) 
 "   0  1   2  3   4  5   6  7   8  9  10 11  12 13  14 15  16 17  18 19  20 21 "
 "   0  3   1  2   4  7   5  8   6  9  10 13  11 14  12 17  15 18  16 21  19 20 "
 "   0  5   1 10   2  7   3 16   4 13   6 17   8 19   9 12  11 18  14 21  15 20 "



  107: |Aut(M)| =  1,  Cycles:3(4:6:12) 
 "   0  1   2  3   4  5   6  7   8  9  10 11  12 13  14 15  16 17  18 19  20 21 "
 "   0  3   1  2   4  7   5  8   6  9  10 13  11 14  12 17  15 18  16 21  19 20 "
 "   0  5   1 10   2  7   3 20   4  9   6 21   8 19  11 12  13 18  14 17  15 16 "



  108: |Aut(M)| =  1,  Cycles:3(4:6:12) 
 "   0  1   2  3   4  5   6  7   8  9  10 11  12 13  14 15  16 17  18 19  20 21 "
 "   0  3   1  2   4  7   5  8   6  9  10 13  11 14  12 17  15 18  16 21  19 20 "
 "   0  5   1 10   2 11   3 16   4 19   6 13   7 14   8 21   9 20  12 15  17 18 "



  109: |Aut(M)| =  1,  Cycles:3(4:6:12) 
 "   0  1   2  3   4  5   6  7   8  9  10 11  12 13  14 15  16 17  18 19  20 21 "
 "   0  3   1  2   4  7   5  8   6  9  10 13  11 14  12 17  15 18  16 21  19 20 "
 "   0  5   1 10   2 11   3 16   4 19   6 21   7 20   8 15   9 12  13 14  17 18 "



  110: |Aut(M)| =  1,  Cycles:3(4:6:12) 
 "   0  1   2  3   4  5   6  7   8  9  10 11  12 13  14 15  16 17  18 19  20 21 "
 "   0  3   1  2   4  7   5  8   6  9  10 13  11 14  12 17  15 18  16 21  19 20 "
 "   0  5   1 10   2 11   3 18   4 13   6 21   7 16   8 15   9 14  12 19  17 20 "



  111: |Aut(M)| =  1,  Cycles:3(4:6:12) 
 "   0  1   2  3   4  5   6  7   8  9  10 11  12 13  14 15  16 17  18 19  20 21 "
 "   0  3   1  2   4  7   5  8   6  9  10 13  11 14  12 17  15 18  16 21  19 20 "
 "   0  5   1 10   2 11   3 18   4 17   6 13   7 12   8 15   9 20  14 21  16 19 "



  112: |Aut(M)| =  1,  Cycles:3(4:6:12) 
 "   0  1   2  3   4  5   6  7   8  9  10 11  12 13  14 15  16 17  18 19  20 21 "
 "   0  3   1  2   4  7   5  8   6  9  10 13  11 14  12 17  15 18  16 21  19 20 "
 "   0  5   1 10   2 11   3 18   4 17   6 21   7 12   8 15   9 14  13 20  16 19 "



  113: |Aut(M)| =  2,  Cycles:3(4:6:12) 
 "   0  1   2  3   4  5   6  7   8  9  10 11  12 13  14 15  16 17  18 19  20 21 "
 "   0  3   1  2   4  7   5  8   6  9  10 13  11 14  12 17  15 18  16 21  19 20 "
 "   0  5   1 10   2 13   3 12   4  9   6 11   7 14   8 15  16 19  17 20  18 21 "



  114: |Aut(M)| =  1,  Cycles:3(4:6:12) 
 "   0  1   2  3   4  5   6  7   8  9  10 11  12 13  14 15  16 17  18 19  20 21 "
 "   0  3   1  2   4  7   5  8   6  9  10 13  11 14  12 17  15 18  16 21  19 20 "
 "   0  5   1 10   2 13   3 12   4  9   6 15   7 18   8 21  11 16  14 19  17 20 "



  115: |Aut(M)| =  2,  Cycles:3(4:6:12) 
 "   0  1   2  3   4  5   6  7   8  9  10 11  12 13  14 15  16 17  18 19  20 21 "
 "   0  3   1  2   4  7   5  8   6  9  10 13  11 14  12 17  15 18  16 21  19 20 "
 "   0  5   1 10   2 13   3 12   4  9   6 17   7 18   8 15  11 20  14 21  16 19 "



  116: |Aut(M)| =  1,  Cycles:3(4:6:12) 
 "   0  1   2  3   4  5   6  7   8  9  10 11  12 13  14 15  16 17  18 19  20 21 "
 "   0  3   1  2   4  7   5  8   6  9  10 13  11 14  12 17  15 18  16 21  19 20 "
 "   0  5   1 10   2 13   3 12   4  9   6 19   7 20   8 15  11 16  14 17  18 21 "



  117: |Aut(M)| =  2,  Cycles:3(4:6:12) 
 "   0  1   2  3   4  5   6  7   8  9  10 11  12 13  14 15  16 17  18 19  20 21 "
 "   0  3   1  2   4  7   5  8   6  9  10 13  11 14  12 17  15 18  16 21  19 20 "
 "   0  5   1 10   2 13   3 12   4  9   6 21   7 16   8 15  11 18  14 19  17 20 "



  118: |Aut(M)| =  1,  Cycles:3(4:6:12) 
 "   0  1   2  3   4  5   6  7   8  9  10 11  12 13  14 15  16 17  18 19  20 21 "
 "   0  3   1  2   4  7   5  8   6  9  10 13  11 14  12 17  15 18  16 21  19 20 "
 "   0  5   1 10   2 13   3 12   4 15   6 11   7 16   8 19   9 20  14 17  18 21 "



  119: |Aut(M)| =  3,  Cycles:3(4:6:12) 
 "   0  1   2  3   4  5   6  7   8  9  10 11  12 13  14 15  16 17  18 19  20 21 "
 "   0  3   1  2   4  7   5  8   6  9  10 13  11 14  12 17  15 18  16 21  19 20 "
 "   0  5   1 10   2 13   3 12   4 15   6 11   7 20   8 19   9 16  14 21  17 18 "



  120: |Aut(M)| =  6,  Cycles:3(4:6:12) 
 "   0  1   2  3   4  5   6  7   8  9  10 11  12 13  14 15  16 17  18 19  20 21 "
 "   0  3   1  2   4  7   5  8   6  9  10 13  11 14  12 17  15 18  16 21  19 20 "
 "   0  5   1 10   2 13   3 12   4 15   6 19   7 16   8 21   9 14  11 20  17 18 "



  121: |Aut(M)| =  1,  Cycles:3(4:6:12) 
 "   0  1   2  3   4  5   6  7   8  9  10 11  12 13  14 15  16 17  18 19  20 21 "
 "   0  3   1  2   4  7   5  8   6  9  10 13  11 14  12 17  15 18  16 21  19 20 "
 "   0  5   1 10   2 13   3 14   4 11   6 15   7 20   8 17   9 16  12 19  18 21 "



  122: |Aut(M)| =  1,  Cycles:3(4:6:12) 
 "   0  1   2  3   4  5   6  7   8  9  10 11  12 13  14 15  16 17  18 19  20 21 "
 "   0  3   1  2   4  7   5  8   6  9  10 13  11 14  12 17  15 18  16 21  19 20 "
 "   0  5   1 10   2 13   3 14   4 11   6 15   7 20   8 21   9 12  16 19  17 18 "



  123: |Aut(M)| =  1,  Cycles:3(4:6:12) 
 "   0  1   2  3   4  5   6  7   8  9  10 11  12 13  14 15  16 17  18 19  20 21 "
 "   0  3   1  2   4  7   5  8   6  9  10 13  11 14  12 17  15 18  16 21  19 20 "
 "   0  5   1 10   2 13   3 14   4 11   6 17   7 16   8 15   9 20  12 19  18 21 "



  124: |Aut(M)| =  1,  Cycles:3(4:6:12) 
 "   0  1   2  3   4  5   6  7   8  9  10 11  12 13  14 15  16 17  18 19  20 21 "
 "   0  3   1  2   4  7   5  8   6  9  10 13  11 14  12 17  15 18  16 21  19 20 "
 "   0  5   1 10   2 13   3 14   4 11   6 17   7 18   8 21   9 20  12 19  15 16 "



  125: |Aut(M)| =  1,  Cycles:3(4:6:12) 
 "   0  1   2  3   4  5   6  7   8  9  10 11  12 13  14 15  16 17  18 19  20 21 "
 "   0  3   1  2   4  7   5  8   6  9  10 13  11 14  12 17  15 18  16 21  19 20 "
 "   0  5   1 10   2 13   3 14   4 11   6 19   7 18   8 21   9 12  15 16  17 20 "



  126: |Aut(M)| =  1,  Cycles:3(4:6:12) 
 "   0  1   2  3   4  5   6  7   8  9  10 11  12 13  14 15  16 17  18 19  20 21 "
 "   0  3   1  2   4  7   5  8   6  9  10 13  11 14  12 17  15 18  16 21  19 20 "
 "   0  5   1 10   2 13   3 14   4 11   6 21   7 12   8 15   9 20  16 19  17 18 "



  127: |Aut(M)| =  1,  Cycles:3(4:6:12) 
 "   0  1   2  3   4  5   6  7   8  9  10 11  12 13  14 15  16 17  18 19  20 21 "
 "   0  3   1  2   4  7   5  8   6  9  10 13  11 14  12 17  15 18  16 21  19 20 "
 "   0  5   1 10   2 13   3 14   4 11   6 21   7 12   8 19   9 18  15 16  17 20 "



  128: |Aut(M)| =  1,  Cycles:3(4:6:12) 
 "   0  1   2  3   4  5   6  7   8  9  10 11  12 13  14 15  16 17  18 19  20 21 "
 "   0  3   1  2   4  7   5  8   6  9  10 13  11 14  12 17  15 18  16 21  19 20 "
 "   0  5   1 10   2 13   3 14   4 11   6 21   7 20   8 17   9 18  12 19  15 16 "



  129: |Aut(M)| =  1,  Cycles:3(4:6:12) 
 "   0  1   2  3   4  5   6  7   8  9  10 11  12 13  14 15  16 17  18 19  20 21 "
 "   0  3   1  2   4  7   5  8   6  9  10 13  11 14  12 17  15 18  16 21  19 20 "
 "   0  5   1 10   2 13   3 16   4 11   6 17   7 20   8 19   9 18  12 15  14 21 "



  130: |Aut(M)| =  1,  Cycles:3(4:6:12) 
 "   0  1   2  3   4  5   6  7   8  9  10 11  12 13  14 15  16 17  18 19  20 21 "
 "   0  3   1  2   4  7   5  8   6  9  10 13  11 14  12 17  15 18  16 21  19 20 "
 "   0  5   1 10   2 13   3 16   4 11   6 19   7 18   8 15   9 12  14 21  17 20 "



  131: |Aut(M)| =  1,  Cycles:3(4:6:12) 
 "   0  1   2  3   4  5   6  7   8  9  10 11  12 13  14 15  16 17  18 19  20 21 "
 "   0  3   1  2   4  7   5  8   6  9  10 13  11 14  12 17  15 18  16 21  19 20 "
 "   0  5   1 10   2 13   3 16   4 11   6 21   7 20   8 15   9 12  14 19  17 18 "



  132: |Aut(M)| =  1,  Cycles:3(4:6:12) 
 "   0  1   2  3   4  5   6  7   8  9  10 11  12 13  14 15  16 17  18 19  20 21 "
 "   0  3   1  2   4  7   5  8   6  9  10 13  11 14  12 17  15 18  16 21  19 20 "
 "   0  5   1 10   2 13   3 16   4 11   6 21   7 20   8 17   9 18  12 15  14 19 "



  133: |Aut(M)| =  2,  Cycles:3(4:6:12) 
 "   0  1   2  3   4  5   6  7   8  9  10 11  12 13  14 15  16 17  18 19  20 21 "
 "   0  3   1  2   4  7   5  8   6  9  10 13  11 14  12 17  15 18  16 21  19 20 "
 "   0  5   1 10   2 13   3 18   4 11   6 21   7 20   8 17   9 12  14 19  15 16 "



  134: |Aut(M)| =  1,  Cycles:3(4:6:12) 
 "   0  1   2  3   4  5   6  7   8  9  10 11  12 13  14 15  16 17  18 19  20 21 "
 "   0  3   1  2   4  7   5  8   6  9  10 13  11 14  12 17  15 18  16 21  19 20 "
 "   0  5   1 10   2 13   3 18   4 15   6 11   7 20   8 17   9 16  12 19  14 21 "



  135: |Aut(M)| =  1,  Cycles:3(4:6:12) 
 "   0  1   2  3   4  5   6  7   8  9  10 11  12 13  14 15  16 17  18 19  20 21 "
 "   0  3   1  2   4  7   5  8   6  9  10 13  11 14  12 17  15 18  16 21  19 20 "
 "   0  5   1 10   2 13   3 18   4 15   6 17   7 14   8 21   9 20  11 16  12 19 "



  136: |Aut(M)| =  2,  Cycles:3(4:6:12) 
 "   0  1   2  3   4  5   6  7   8  9  10 11  12 13  14 15  16 17  18 19  20 21 "
 "   0  3   1  2   4  7   5  8   6  9  10 13  11 14  12 17  15 18  16 21  19 20 "
 "   0  5   1 10   2 13   3 18   4 15   6 21   7 20   8 17   9 14  11 16  12 19 "



  137: |Aut(M)| =  1,  Cycles:3(4:6:12) 
 "   0  1   2  3   4  5   6  7   8  9  10 11  12 13  14 15  16 17  18 19  20 21 "
 "   0  3   1  2   4  7   5  8   6  9  10 13  11 14  12 17  15 18  16 21  19 20 "
 "   0  5   1 10   2 13   3 20   4 11   6 15   7  8   9 12  14 21  16 19  17 18 "



  138: |Aut(M)| =  1,  Cycles:3(4:6:12) 
 "   0  1   2  3   4  5   6  7   8  9  10 11  12 13  14 15  16 17  18 19  20 21 "
 "   0  3   1  2   4  7   5  8   6  9  10 13  11 14  12 17  15 18  16 21  19 20 "
 "   0  5   1 10   2 13   3 20   4 11   6 15   7 12   8 17   9 16  14 19  18 21 "



  139: |Aut(M)| =  1,  Cycles:3(4:6:12) 
 "   0  1   2  3   4  5   6  7   8  9  10 11  12 13  14 15  16 17  18 19  20 21 "
 "   0  3   1  2   4  7   5  8   6  9  10 13  11 14  12 17  15 18  16 21  19 20 "
 "   0  5   1 10   2 13   3 20   4 11   6 21   7  8   9 18  12 19  14 17  15 16 "



  140: |Aut(M)| =  1,  Cycles:3(4:6:12) 
 "   0  1   2  3   4  5   6  7   8  9  10 11  12 13  14 15  16 17  18 19  20 21 "
 "   0  3   1  2   4  7   5  8   6  9  10 13  11 14  12 17  15 18  16 21  19 20 "
 "   0  5   1 10   2 15   3 12   4 11   6 19   7 14   8 17   9 16  13 20  18 21 "



  141: |Aut(M)| =  1,  Cycles:3(4:6:12) 
 "   0  1   2  3   4  5   6  7   8  9  10 11  12 13  14 15  16 17  18 19  20 21 "
 "   0  3   1  2   4  7   5  8   6  9  10 13  11 14  12 17  15 18  16 21  19 20 "
 "   0  5   1 10   2 15   3 12   4 11   6 21   7 14   8 13   9 20  16 19  17 18 "



  142: |Aut(M)| =  6,  Cycles:3(4:6:12) 
 "   0  1   2  3   4  5   6  7   8  9  10 11  12 13  14 15  16 17  18 19  20 21 "
 "   0  3   1  2   4  7   5  8   6  9  10 13  11 14  12 17  15 18  16 21  19 20 "
 "   0  5   1 10   2 15   3 20   4 11   6 17   7 14   8 19   9 18  12 21  13 16 "



  143: |Aut(M)| =  3,  Cycles:3(4:6:12) 
 "   0  1   2  3   4  5   6  7   8  9  10 11  12 13  14 15  16 17  18 19  20 21 "
 "   0  3   1  2   4  7   5  8   6  9  10 13  11 14  12 17  15 18  16 21  19 20 "
 "   0  5   1 10   2 17   3 18   4 19   6 13   7 12   8 15   9 20  11 16  14 21 "



  144: |Aut(M)| =  6,  Cycles:3(4:6:12) 
 "   0  1   2  3   4  5   6  7   8  9  10 11  12 13  14 15  16 17  18 19  20 21 "
 "   0  3   1  2   4  7   5  8   6  9  10 13  11 14  12 17  15 18  16 21  19 20 "
 "   0  5   1 10   2 19   3 12   4 11   6 13   7 14   8 17   9 16  15 20  18 21 "

