

    1: |Aut(M)| =  1344,  Cycles:21(4:4)
 "   0  1   2  3   4  5   6  7 "
 "   0  2   1  3   4  6   5  7 "
 "   0  3   1  2   4  7   5  6 "
 "   0  4   1  5   2  6   3  7 "
 "   0  5   1  4   2  7   3  6 "
 "   0  6   1  7   2  4   3  5 "
 "   0  7   1  6   2  5   3  4 "


Orbits and generators of the Aut(M) acting on elements:
0  0  0  0  0  0  0  0
0  1  2  3  4  5  6  7
0  1  2  3  5  4  7  6
0  1  3  2  4  5  7  6
0  2  1  3  4  6  5  7
1  0  2  3  4  5  7  6

Orbits and generators of Aut(M) acting on matrix rows, |Aut(R)| = 168:
0  0  0  0  0  0  0
0  1  2  3  4  5  6
0  1  2  4  3  6  5
0  2  1  3  4  6  5
1  0  2  3  5  4  6

Orbits and generators of Aut(M) acting on k-sets, |Aut(K)| = 1344:
0  0  0  0  0  0  0  0  0  0  0  0  0  0  0  0  0  0  0  0  0  0  0  0  0  0  0  0
0  1  2  3  4  5  6  7  8  9 10 11 12 13 14 15 16 17 18 19 20 21 22 23 24 25 26 27
0  1  2  3  4  5  7  6  8  9 11 10 16 17 18 19 12 13 14 15 24 25 26 27 20 21 22 23
0  1  2  3  5  4  6  7  9  8 10 11 17 16 19 18 13 12 15 14 25 24 27 26 21 20 23 22
0  1  3  2  4  5  6  7  8  9 11 10 20 21 22 23 24 25 26 27 12 13 14 15 16 17 18 19
0  2  1  3 12 13 14 15 16 17 18 19  4  5  6  7  8  9 10 11 20 21 22 23 24 25 27 26
1  0  2  3  4  5  6  7  9  8 10 11 22 23 20 21 26 27 24 25 14 15 12 13 18 19 16 17

SRG #1 of type 1 with parameters (v,k,λ μ) = (28,15,6,10): |Aut(G)| = 40320
It's a rank 3 graph with (α, β) = (3, 15)
*111111111111111000000000000  0
1*11111100000000111111110000  1
11*1000011110000111100001111  2
111*000000001111000011111111  3
1100*10011001100110011001111  4
11001*0000110011001100111111  5
110000*111000011110000111111  6
1100001*00111100001111001111  7
10101010*0101010001111111100  8
101010100*010101001111110011  9
1010010110*00101110011110011 10
10100101010*1010110011111100 11
100110011001*001111100110011 12
1001100101100*10111100111100 13
10010110100101*0111111000011 14
100101100110100*111111001100 15
0110101000111111*01010101010 16
01101010001111110*0101010101 17
011001011100111110*001010101 18
0110010111001111010*10101010 19
01011001111100111001*0010101 20
010110011111001101100*101010 21
0101011011111100100101*00101 22
01010110111111000110100*1010 23
001111111001010110010101*001 24
0011111110010101011010100*10 25
00111111011010101001010101*0 26
001111110110101001101010100* 27

Vertex orbits and group generators of graph:
  0  0  0  0  0  0  0  0  0  0  0  0  0  0  0  0  0  0  0  0  0  0  0  0  0  0  0  0
  0  1  1  1  1  1  1  1  1  1  1  1  1  1  1  1 16 16 16 16 16 16 16 16 16 16 16 16
  0  1  2  3  4  5  6  7  8  9 10 11 12 13 14 15 16 17 18 19 20 21 22 23 24 25 26 27
  0  1  2  3  4  5  6  7  8  9 10 11 12 13 14 15 17 16 19 18 21 20 23 22 25 24 27 26
  0  1  2  3  4  5  6  7  9  8 11 10 13 12 15 14 16 17 18 19 20 21 22 23 26 27 24 25
  0  1  2  3  5  4  7  6 11 10  9  8 14 15 12 13 19 18 17 16 22 23 20 21 24 25 26 27
  0  1  3  2  4  5  7  6 12 13 15 14  8  9 11 10 20 21 23 22 16 17 19 18 27 26 25 24
  0  2  1  3 11  9 10  8  7  5  6  4 12 14 13 15 16 17 18 19 24 25 26 27 20 21 22 23
  1  0  2  3  4  5  6  7 16 17 18 19 20 21 22 23  8  9 10 11 12 13 14 15 24 26 25 27

