

    1: |Aut(M)| =  6,  Cycles:12(8:12) 12(20) 
 "   0  1  2  3   4  5  6  7   8  9 10 11  12 13 14 15  16 17 18 19 "
 "   0  5 10 15   1  4 11 18   2  7 12 17   3  9 14 16   6  8 13 19 "



    2: |Aut(M)| =  24,  Cycles:24(20) 
 "   0  1  2  3   4  5  6  7   8  9 10 11  12 13 14 15  16 17 18 19 "
 "   0  5 10 15   1  6  8 19   2  7 12 17   3  9 14 16   4 11 13 18 "



    3: |Aut(M)| =  40,  Cycles:24(20) 
 "   0  1  2  3   4  5  6  7   8  9 10 11  12 13 14 15  16 17 18 19 "
 "   0  5 10 15   1  6 11 16   2  7 12 17   3  8 13 18   4  9 14 19 "

