

    1: |Aut(M)| =  432,  Cycles:36(4:6)
 "   0  1   2  3   4  5   6  7   8  9 "
 "   0  2   1  3   4  6   5  8   7  9 "
 "   0  3   1  2   4  9   5  7   6  8 "
 "   0  4   1  5   2  6   3  9   7  8 "
 "   0  5   1  4   2  8   3  7   6  9 "
 "   0  6   1  7   2  4   3  8   5  9 "
 "   0  7   1  6   2  9   3  5   4  8 "
 "   0  8   1  9   2  5   3  6   4  7 "
 "   0  9   1  8   2  7   3  4   5  6 "


Orbits and generators of the Aut(M) acting on elements:
0  1  1  1  1  1  1  1  1  1
0  1  2  3  4  5  6  7  8  9
0  1  2  3  5  4  8  9  6  7
0  1  3  2  4  5  9  8  7  6
0  2  1  3  4  6  5  8  7  9

Orbits and generators of Aut(M) acting on matrix rows, |Aut(R)| = 432:
0  0  0  0  0  0  0  0  0
0  1  2  3  4  5  6  7  8
0  1  2  4  3  7  8  5  6
0  2  1  3  4  8  7  6  5
1  0  2  3  5  4  7  6  8

Orbits and generators of Aut(M) acting on k-sets, |Aut(K)| = 432:
0  1  1  1  1  0  1  1  1  1  0  1  1  1  1  0  1  1  1  1  0  1  1  1  1  0  1  1  1  1  0  1  1  1  1  0  1  1  1  1  0  1  1  1  1
0  1  2  3  4  5  6  7  8  9 10 11 12 13 14 15 16 17 18 19 20 21 22 23 24 25 26 27 28 29 30 31 32 33 34 35 36 37 38 39 40 41 42 43 44
0  1  2  3  4 10 11 13 12 14  5  6  8  7  9 20 21 23 22 24 15 16 18 17 19 30 31 33 32 34 25 26 28 27 29 40 41 43 42 44 35 36 38 37 39
0  1  2  4  3  5  6  8  7  9 10 11 13 12 14 20 21 22 23 24 15 16 17 18 19 35 36 37 38 39 40 41 42 43 44 25 26 27 28 29 30 31 32 33 34
0  1  3  2  4  5  6  7  9  8 10 11 14 13 12 25 26 27 28 29 30 31 32 33 34 15 16 17 18 19 20 21 22 23 24 40 41 42 43 44 35 36 37 38 39
0  2  1  3  4 15 16 17 18 19 20 21 22 23 24  5  6  7  8  9 10 11 12 13 14 25 26 27 29 28 30 31 34 33 32 40 41 43 44 42 35 36 39 37 38
5  6  7  8  9  0  1  2  3  4 10 11 12 14 13 15 17 16 18 19 25 27 26 28 29 20 22 21 23 24 35 37 36 38 39 30 32 31 33 34 40 42 41 43 44

SRG #1 of type 1 with parameters (v,k,λ μ) = (45,28,15,21): |Aut(G)| = 3628800
It's a rank 3 graph with (α, β) = (45, 105)
*11111111111111111111111111110000000000000000  0
1*1111111111111110000000000001111111111110000  1
11*111111000000001111111100001111111100001111  2
111*10000111100001111000011111111000011111111  3
1111*0000000011110000111111110000111111111111  4
11100*100110011001100110011111100110011111111  5
111001*00001100110011001111110011001111111111  6
1110000*1110000111100001111111100001111111111  7
11100001*001111000011110011110011110011111111  8
110101010*01010100011111111000011111111001111  9
1101010100*0101010011111100110011111100111111 10
11010010110*001011100111100111100111100111111 11
110100101010*10101100111111001100111111001111 12
1100110011001*0011111001100111111001100111111 13
11001100101100*101111001111001111001111001111 14
110010110100101*01111110000111111110000111111 15
1100101100110100*1111110011001111110011001111 16
10110101000111111*010101010100011111111111100 17
101101010001111110*01010101010011111111110011 18
1011001011100111110*0010101011100111111110011 19
10110010111001111010*101010101100111111111100 20
101011001111100111001*00101011111001111110011 21
1010110011111001101100*1010101111001111111100 22
10101011011111100100101*001011111110011110011 23
101010110111111000110100*10101111110011111100 24
1001111111001010110010101*0011111111100110011 25
10011111110010101011010100*101111111100111100 26
100111111011010101001010101*01111111111000011 27
1001111110110101001101010100*1111111111001100 28
01110101000111111001111111111*010101010101010 29
011101010001111110011111111110*01010101010101 30
0111001011100111111001111111110*0010101010101 31
01110010111001111110011111111010*101010101010 32
011011001111100111111001111111001*00101010101 33
0110110011111001111110011111101100*1010101010 34
01101011011111100111111001111100101*001010101 35
011010110111111001111110011110110100*10101010 36
0101111111001010111111111001110010101*0010101 37
01011111110010101111111110011011010100*101010 38
010111111011010101111111111001001010101*00101 39
0101111110110101011111111110001101010100*1010 40
00111111111111111100101010101100101010101*001 41
001111111111111111001010101010110101010100*10 42
0011111111111111101101010101010010101010101*0 43
00111111111111111011010101010011010101010100* 44

Vertex orbits and group generators of graph:
  0  0  0  0  0  0  0  0  0  0  0  0  0  0  0  0  0  0  0  0  0  0  0  0  0  0  0  0  0  0  0  0  0  0  0  0  0  0  0  0  0  0  0  0  0
  0  1  1  1  1  1  1  1  1  1  1  1  1  1  1  1  1  1  1  1  1  1  1  1  1  1  1  1  1 29 29 29 29 29 29 29 29 29 29 29 29 29 29 29 29
  0  1  2  3  4  5  6  7  8  9 10 11 12 13 14 15 16 17 18 19 20 21 22 23 24 25 26 27 28 29 30 31 32 33 34 35 36 37 38 39 40 41 42 43 44
  0  1  2  3  4  5  6  7  8  9 10 11 12 13 14 15 16 17 18 19 20 21 22 23 24 25 26 27 28 30 29 32 31 34 33 36 35 38 37 40 39 42 41 44 43
  0  1  2  3  4  5  6  7  8  9 10 11 12 13 14 15 16 18 17 20 19 22 21 24 23 26 25 28 27 29 30 31 32 33 34 35 36 37 38 39 40 43 44 41 42
  0  1  2  3  4  5  6  7  8 10  9 12 11 14 13 16 15 17 18 19 20 21 22 23 24 27 28 25 26 29 30 31 32 33 34 35 36 39 40 37 38 41 42 43 44
  0  1  2  3  4  6  5  8  7 12 11 10  9 15 16 13 14 20 19 18 17 23 24 21 22 25 26 27 28 32 31 30 29 35 36 33 34 37 38 39 40 41 42 43 44
  0  1  2  4  3  5  6  8  7 13 14 16 15  9 10 12 11 21 22 24 23 17 18 20 19 28 27 26 25 33 34 36 35 29 30 32 31 40 39 38 37 44 43 42 41
  0  1  3  2  4 12 10 11  9  8  6  7  5 13 15 14 16 17 18 19 20 25 26 27 28 21 22 23 24 29 30 31 32 37 38 39 40 33 34 35 36 41 42 43 44
  0  2  1  3  4  5  6  7  8 17 18 19 20 21 22 23 24  9 10 11 12 13 14 15 16 25 27 26 28 29 30 31 32 33 34 35 36 41 42 43 44 37 38 39 40
  1  0  2  3  4  5  6  7  8  9 10 11 12 13 14 15 16 29 30 31 32 33 34 35 36 37 38 39 40 17 18 19 20 21 22 23 24 25 26 27 28 41 43 42 44

