

    1: |Aut(M)| =  400,  Cycles:240(20)
 "   0  1  2  3   4  5  6  7   8  9 10 11  12 13 14 15  16 17 18 19 "
 "   0  5 10 15   1  6 11 16   2  7 12 17   3  8 13 18   4  9 14 19 "
 "   0  6 13 19   1  7  8 14   2  9 15 16   3  4 10 17   5 11 12 18 "
 "   0  7  9 18   1 10 12 19   2  4 11 13   3  5 14 16   6  8 15 17 "
 "   0 11 14 17   1  4 15 18   2  5  8 19   3  6  9 12   7 10 13 16 "


SRG #1 of type 1 with parameters (v,k,λ μ) = (25, 8,3,2): |Aut(G)| = 28800
It's a rank 3 graph with (α, β) = (3, 0)
*111111110000000000000000  0
1*11100001111000000000000  1
11*1100000000111100000000  2
111*100000000000011110000  3
1111*00000000000000001111  4
10000*1111000100010001000  5
100001*110100010001000100  6
1000011*10010001000100010  7
10000111*0001000100010001  8
010001000*111100010001000  9
0100001001*11010001000100 10
01000001011*1001000100010 11
010000001111*000100010001 12
0010010001000*11110001000 13
00100010001001*1101000100 14
001000010001011*100100010 15
0010000010001111*00010001 16
00010100010001000*1111000 17
000100100010001001*110100 18
0001000100010001011*10010 19
00010000100010001111*0001 20
000011000100010001000*111 21
0000101000100010001001*11 22
00001001000100010001011*1 23
000010001000100010001111* 24

Vertex orbits and group generators of graph:
  0  0  0  0  0  0  0  0  0  0  0  0  0  0  0  0  0  0  0  0  0  0  0  0  0
  0  1  1  1  1  1  1  1  1  9  9  9  9  9  9  9  9  9  9  9  9  9  9  9  9
  0  1  2  3  4  5  6  7  8  9 10 11 12 13 14 15 16 17 18 19 20 21 22 23 24
  0  1  2  3  4  5  6  8  7  9 10 12 11 13 14 16 15 17 18 20 19 21 22 24 23
  0  1  2  3  4  5  7  6  8  9 11 10 12 13 15 14 16 17 19 18 20 21 23 22 24
  0  1  2  3  4  6  5  7  8 10  9 11 12 14 13 15 16 18 17 19 20 22 21 23 24
  0  1  2  4  3  5  6  7  8  9 10 11 12 13 14 15 16 21 22 23 24 17 18 19 20
  0  1  3  2  4  5  6  7  8  9 10 11 12 17 18 19 20 13 14 15 16 21 22 23 24
  0  2  1  3  4  5  6  7  8 13 14 15 16  9 10 11 12 17 18 19 20 21 22 23 24
  1  0  2  3  4 12 11 10  9  8  7  6  5 16 15 14 13 20 19 18 17 24 23 22 21

