BIBD( 12,  44, 11,  3,  2)

        |Aut(D)|          Nd:             Ns: 
    ________________________________________________
             1       242885893        88593070
             2          106395           22010
             3            1845             716
             4            1220             384
             6             254              47
             8             133              51
             9               3               0
            11               5               5
            12              27               6
            16              28               8
            18               5               0
            24               7               2
            32               9               4
            36               2               0
            48               6               2
            54               1               0
            64               2               1
            72               2               0
           128               2               2
           144               1               0
           192               3               1
           432               1               0
           576               1               0
          1536               1               1
    ________________________________________________
         Total:      242995846        88616310

 242995846 matrices constructed in  1:01:19:59.02
  88616310 matrices have no replicated blocks
 524313567 matrices were fully constructed
        15 threads were used
