

    1: |Aut(M)| =  84,  Cycles:78(14)
 "   0  1   2  3   4  5   6  7   8  9  10 11  12 13 "
 "   0  2   1  4   3  6   5  8   7 10   9 12  11 13 "
 "   0  3   1  5   2  7   4  9   6 11   8 13  10 12 "
 "   0  4   1  3   2  8   5  7   6 12   9 11  10 13 "
 "   0  5   1  2   3  9   4  6   7 13   8 10  11 12 "
 "   0  6   1  8   2  4   3 10   5 12   7 11   9 13 "
 "   0  7   1  9   2 11   3  5   4 13   6 10   8 12 "
 "   0  8   1  7   2 12   3  4   5 11   6 13   9 10 "
 "   0  9   1  6   2  5   3 13   4 10   7 12   8 11 "
 "   0 10   1 12   2  6   3 11   4  8   5 13   7  9 "
 "   0 11   1 13   2 10   3  7   4 12   5  9   6  8 "
 "   0 12   1 11   2 13   3  8   4  7   5 10   6  9 "
 "   0 13   1 10   2  9   3 12   4 11   5  6   7  8 "


Orbits and generators of the Aut(M) acting on elements:
0  0  0  0  0  0  0  0  0  0  0  0  0  0
0  1  2  3  4  5  6  7  8  9 10 11 12 13
0  1  3  2  5  4  7  6  9  8 11 10 13 12
1  0  4  5  2  3  8  9  6  7 12 13 10 11

Orbits and generators of Aut(M) acting on matrix rows, |Aut(R)| = 84:
0  0  0  3  3  0  0  3  3  0  0  3  3
0  1  2  3  4  5  6  7  8  9 10 11 12
0  1  2  4  3  5  6  8  7  9 10 12 11
0  2  1  3  4  6  5  7  8 10  9 11 12
1  0  5  3  4  2  9  7  8  6 10 11 12

Orbits and generators of Aut(M) acting on k-sets, |Aut(K)| = 84:
0  1  1  1  1  1  1  1  1  1  1  1  1  0  1  1  1  1  1  1  0 21 21 21 21 21 21 21 21 21 21 21 21 21 21  1  1  0  1  1  1  1  1  1  1  0  1  1  1 21 21 21 21 21 21 21 21 21 21 21 21 21 21  1  1  1  1  1  1  0  1  1  1  1  1  1  0 21 21 21 21 21 21 21 21 21 21 21 21 21 21
0  1  2  3  4  5  6  7  8  9 10 11 12 13 14 15 16 17 18 19 20 21 22 23 24 25 26 27 28 29 30 31 32 33 34 35 36 37 38 39 40 41 42 43 44 45 46 47 48 49 50 51 52 53 54 55 56 57 58 59 60 61 62 63 64 65 66 67 68 69 70 71 72 73 74 75 76 77 78 79 80 81 82 83 84 85 86 87 88 89 90
0  1  2  3  4  5  6 14 15 16 17 18 19 20  7  8  9 10 11 12 13 28 29 30 31 32 33 34 21 22 23 24 25 26 27 42 43 45 44 46 47 48 35 36 38 37 39 40 41 56 57 59 58 60 61 62 49 50 52 51 53 54 55 70 71 73 72 75 74 76 63 64 66 65 68 67 69 84 85 87 86 89 88 90 77 78 80 79 82 81 83
0  2  1  4  3  6  5  8  7 10  9 12 11 13 15 14 17 16 19 18 20 29 28 31 30 33 32 34 22 21 24 23 26 25 27 36 35 37 39 38 41 40 43 42 46 45 44 48 47 57 56 60 58 59 62 61 50 49 52 53 51 55 54 64 63 67 68 65 66 69 71 70 74 75 72 73 76 85 84 88 89 86 87 90 78 77 81 82 79 80 83
13  7  8 11 12  9 10 44 46 42 43 47 48 45 70 71 72 74 73 75 76 88 84 86 85 90 87 89 78 79 77 81 82 83 80 40 41 37 35 36 38 39  5  6  1  0  2  3  4 26 27 23 21 22 24 25 34 32 29 28 31 33 30 18 19 16 14 17 15 20 66 68 65 63 67 64 69 62 59 58 56 60 57 61 53 54 51 49 52 50 55
SRG #1 of type 1 with parameters (v,k,λ μ) = (91,66,45,55): |Aut(G)| = 87178291200
It's a rank 3 graph with (α, β) = (630, 990)
*111111111111111111111111111111111111111111111111111111111111111111000000000000000000000000  0
1*11111111111111111111111111111111111111111111100000000000000000000111111111111111111110000  1
11*1111111111111111111111111111000000000000000011111111111111110000111111111111111100001111  2
111*111111111111111000000000000111111111111000011111111111100001111111111111111000011111111  3
1111*11111100000000111111110000111111110000111111111111000011111111111111110000111111111111  4
11111*1000011110000111100001111111100001111111111110000111111111111111100001111111111111111  5
111111*000000001111000011111111000011111111111100001111111111111111000011111111111111111111  6
1111100*10011001100110011001111110011001111111111001100111111111111110011001111111111111111  7
11111001*0000110011001100111111001100111111111100110011111111111111001100111111111111111111  8
111110000*111000011110000111111110000111111111111000011111111111111110000111111111111111111  9
1111100001*00111100001111001111001111001111111100111100111111111111001111001111111111111111 10
11110101010*0101010001111111100001111111100111100111111110011111111001111111100111111111111 11
111101010100*010101001111110011001111110011111100111111001111111111001111110011111111111111 12
1111010010110*00101110011110011110011110011111111001111001111111111110011110011111111111111 13
11110100101010*1010110011111100110011111100111111001111110011111111110011111100111111111111 14
111100110011001*001111100110011111100110011111111110011001111111111111100110011111111111111 15
1111001100101100*10111100111100111100111100111111110011110011111111111100111100111111111111 16
11110010110100101*0111111000011111111000011111111111100001111111111111111000011111111111111 17
111100101100110100*111111001100111111001100111111111100110011111111111111001100111111111111 18
1110110101000111111*01010101010001111111111110000111111111111001111001111111111110011111111 19
11101101010001111110*0101010101001111111111001100111111111100111111001111111111001111111111 20
111011001011100111110*001010101110011111111001111001111111100111111110011111111001111111111 21
1110110010111001111010*10101010110011111111110011001111111111001111110011111111110011111111 22
11101011001111100111001*0010101111100111111001111110011111100111111111100111111001111111111 23
111010110011111001101100*101010111100111111110011110011111111001111111100111111110011111111 24
1110101011011111100100101*00101111111001111001111111100111100111111111111001111001111111111 25
11101010110111111000110100*1010111111001111110011111100111111001111111111001111110011111111 26
111001111111001010110010101*001111111110011001111111111001100111111111111110011001111111111 27
1110011111110010101011010100*10111111110011110011111111001111001111111111110011110011111111 28
11100111111011010101001010101*0111111111100001111111111110000111111111111111100001111111111 29
111001111110110101001101010100*111111111100110011111111110011001111111111111100110011111111 30
1101110101000111111001111111111*01010101010101000111111111111111100001111111111111111001111 31
11011101010001111110011111111110*0101010101010100111111111111110011001111111111111100111111 32
110111001011100111111001111111110*001010101010111001111111111110011110011111111111100111111 33
1101110010111001111110011111111010*10101010101011001111111111111100110011111111111111001111 34
11011011001111100111111001111111001*0010101010111110011111111110011111100111111111100111111 35
110110110011111001111110011111101100*101010101011110011111111111100111100111111111111001111 36
1101101011011111100111111001111100101*00101010111111100111111110011111111001111111100111111 37
11011010110111111001111110011110110100*1010101011111100111111111100111111001111111111001111 38
110101111111001010111111111001110010101*001010111111111001111110011111111110011111100111111 39
1101011111110010101111111110011011010100*10101011111111001111111100111111110011111111001111 40
11010111111011010101111111111001001010101*0010111111111110011110011111111111100111100111111 41
110101111110110101011111111110001101010100*101011111111110011111100111111111100111111001111 42
1100111111111111111100101010101100101010101*00111111111111100110011111111111111001100111111 43
11001111111111111111001010101010110101010100*1011111111111100111100111111111111001111001111 44
110011111111111111101101010101010010101010101*011111111111111000011111111111111110000111111 45
1100111111111111111011010101010011010101010100*11111111111111001100111111111111110011001111 46
10111101010001111110011111111110011111111111111*0101010101010101010001111111111111111111100 47
101111010100011111100111111111100111111111111110*010101010101010101001111111111111111110011 48
1011110010111001111110011111111110011111111111110*00101010101010101110011111111111111110011 49
10111100101110011111100111111111100111111111111010*1010101010101010110011111111111111111100 50
101110110011111001111110011111111110011111111111001*001010101010101111100111111111111110011 51
1011101100111110011111100111111111100111111111101100*10101010101010111100111111111111111100 52
10111010110111111001111110011111111110011111111100101*0010101010101111111001111111111110011 53
101110101101111110011111100111111111100111111110110100*101010101010111111001111111111111100 54
1011011111110010101111111110011111111110011111110010101*00101010101111111110011111111110011 55
10110111111100101011111111100111111111100111111011010100*1010101010111111110011111111111100 56
101101111110110101011111111110011111111110011111001010101*001010101111111111100111111110011 57
1011011111101101010111111111100111111111100111101101010100*10101010111111111100111111111100 58
10101111111111111111001010101011111111111110011100101010101*0010101111111111111001111110011 59
101011111111111111110010101010111111111111100110110101010100*101010111111111111001111111100 60
1010111111111111111011010101010111111111111110010010101010101*00101111111111111110011110011 61
10101111111111111110110101010101111111111111100011010101010100*1010111111111111110011111100 62
100111111111111111111111111111110010101010101011001010101010101*001111111111111111100110011 63
1001111111111111111111111111111100101010101010101101010101010100*10111111111111111100111100 64
10011111111111111111111111111110110101010101010100101010101010101*0111111111111111111000011 65
100111111111111111111111111111101101010101010100110101010101010100*111111111111111111001100 66
0111110101000111111001111111111001111111111111100111111111111111111*01010101010101010101010 67
01111101010001111110011111111110011111111111111001111111111111111110*0101010101010101010101 68
011111001011100111111001111111111001111111111111100111111111111111110*001010101010101010101 69
0111110010111001111110011111111110011111111111111001111111111111111010*10101010101010101010 70
01111011001111100111111001111111111001111111111111100111111111111111001*0010101010101010101 71
011110110011111001111110011111111110011111111111111001111111111111101100*101010101010101010 72
0111101011011111100111111001111111111001111111111111100111111111111100101*00101010101010101 73
01111010110111111001111110011111111110011111111111111001111111111110110100*1010101010101010 74
011101111111001010111111111001111111111001111111111111100111111111110010101*001010101010101 75
0111011111110010101111111110011111111110011111111111111001111111111011010100*10101010101010 76
01110111111011010101111111111001111111111001111111111111100111111111001010101*0010101010101 77
011101111110110101011111111110011111111110011111111111111001111111101101010100*101010101010 78
0110111111111111111100101010101111111111111001111111111111100111111100101010101*00101010101 79
01101111111111111111001010101011111111111110011111111111111001111110110101010100*1010101010 80
011011111111111111101101010101011111111111111001111111111111100111110010101010101*001010101 81
0110111111111111111011010101010111111111111110011111111111111001111011010101010100*10101010 82
01011111111111111111111111111111001010101010101111111111111111100111001010101010101*0010101 83
010111111111111111111111111111110010101010101011111111111111111001101101010101010100*101010 84
0101111111111111111111111111111011010101010101011111111111111111100100101010101010101*00101 85
01011111111111111111111111111110110101010101010111111111111111111000110101010101010100*1010 86
001111111111111111111111111111111111111111111111001010101010101010110010101010101010101*001 87
0011111111111111111111111111111111111111111111110010101010101010101011010101010101010100*10 88
00111111111111111111111111111111111111111111111011010101010101010101001010101010101010101*0 89
001111111111111111111111111111111111111111111110110101010101010101001101010101010101010100* 90

Vertex orbits and group generators of graph:
  0  0  0  0  0  0  0  0  0  0  0  0  0  0  0  0  0  0  0  0  0  0  0  0  0  0  0  0  0  0  0  0  0  0  0  0  0  0  0  0  0  0  0  0  0  0  0  0  0  0  0  0  0  0  0  0  0  0  0  0  0  0  0  0  0  0  0  0  0  0  0  0  0  0  0  0  0  0  0  0  0  0  0  0  0  0  0  0  0  0  0
  0  1  1  1  1  1  1  1  1  1  1  1  1  1  1  1  1  1  1  1  1  1  1  1  1  1  1  1  1  1  1  1  1  1  1  1  1  1  1  1  1  1  1  1  1  1  1  1  1  1  1  1  1  1  1  1  1  1  1  1  1  1  1  1  1  1  1 67 67 67 67 67 67 67 67 67 67 67 67 67 67 67 67 67 67 67 67 67 67 67 67
  0  1  2  3  4  5  6  7  8  9 10 11 12 13 14 15 16 17 18 19 20 21 22 23 24 25 26 27 28 29 30 31 32 33 34 35 36 37 38 39 40 41 42 43 44 45 46 47 48 49 50 51 52 53 54 55 56 57 58 59 60 61 62 63 64 65 66 67 68 69 70 71 72 73 74 75 76 77 78 79 80 81 82 83 84 85 86 87 88 89 90
  0  1  2  3  4  5  6  7  8  9 10 11 12 13 14 15 16 17 18 19 20 21 22 23 24 25 26 27 28 29 30 31 32 33 34 35 36 37 38 39 40 41 42 43 44 45 46 47 48 49 50 51 52 53 54 55 56 57 58 59 60 61 62 63 64 65 66 68 67 70 69 72 71 74 73 76 75 78 77 80 79 82 81 84 83 86 85 88 87 90 89
  0  1  2  3  4  5  6  7  8  9 10 11 12 13 14 15 16 17 18 19 20 21 22 23 24 25 26 27 28 29 30 31 32 33 34 35 36 37 38 39 40 41 42 43 44 45 46 48 47 50 49 52 51 54 53 56 55 58 57 60 59 62 61 64 63 66 65 67 68 69 70 71 72 73 74 75 76 77 78 79 80 81 82 83 84 85 86 89 90 87 88
  0  1  2  3  4  5  6  7  8  9 10 11 12 13 14 15 16 17 18 19 20 21 22 23 24 25 26 27 28 29 30 32 31 34 33 36 35 38 37 40 39 42 41 44 43 46 45 47 48 49 50 51 52 53 54 55 56 57 58 59 60 61 62 65 66 63 64 67 68 69 70 71 72 73 74 75 76 77 78 79 80 81 82 85 86 83 84 87 88 89 90
  0  1  2  3  4  5  6  7  8  9 10 11 12 13 14 15 16 17 18 20 19 22 21 24 23 26 25 28 27 30 29 31 32 33 34 35 36 37 38 39 40 41 42 45 46 43 44 47 48 49 50 51 52 53 54 55 56 57 58 61 62 59 60 63 64 65 66 67 68 69 70 71 72 73 74 75 76 77 78 81 82 79 80 83 84 85 86 87 88 89 90
  0  1  2  3  4  5  6  7  8  9 10 12 11 14 13 16 15 18 17 19 20 21 22 23 24 25 26 29 30 27 28 31 32 33 34 35 36 37 38 41 42 39 40 43 44 45 46 47 48 49 50 51 52 53 54 57 58 55 56 59 60 61 62 63 64 65 66 67 68 69 70 71 72 73 74 77 78 75 76 79 80 81 82 83 84 85 86 87 88 89 90
  0  1  2  3  4  5  6  8  7 10  9 14 13 12 11 17 18 15 16 22 21 20 19 25 26 23 24 27 28 29 30 34 33 32 31 37 38 35 36 39 40 41 42 43 44 45 46 50 49 48 47 53 54 51 52 55 56 57 58 59 60 61 62 63 64 65 66 70 69 68 67 73 74 71 72 75 76 77 78 79 80 81 82 83 84 85 86 87 88 89 90
  0  1  2  3  4  6  5  7  8 10  9 15 16 18 17 11 12 14 13 23 24 26 25 19 20 22 21 30 29 28 27 35 36 38 37 31 32 34 33 42 41 40 39 46 45 44 43 51 52 54 53 47 48 50 49 58 57 56 55 62 61 60 59 66 65 64 63 71 72 74 73 67 68 70 69 78 77 76 75 82 81 80 79 86 85 84 83 90 89 88 87
  0  1  2  3  5  4  6 14 12 13 11 10  8  9  7 15 17 16 18 19 20 21 22 27 28 29 30 23 24 25 26 31 32 33 34 39 40 41 42 35 36 37 38 43 44 45 46 47 48 49 50 55 56 57 58 51 52 53 54 59 60 61 62 63 64 65 66 67 68 69 70 75 76 77 78 71 72 73 74 79 80 81 82 83 84 85 86 87 88 89 90
  0  1  2  4  3  5  6  7  8  9 10 19 20 21 22 23 24 25 26 11 12 13 14 15 16 17 18 27 29 28 30 31 32 33 34 35 36 37 38 43 44 45 46 39 40 41 42 47 48 49 50 51 52 53 54 59 60 61 62 55 56 57 58 63 64 65 66 67 68 69 70 71 72 73 74 79 80 81 82 75 76 77 78 83 84 85 86 87 88 89 90
  0  1  3  2  4  5  6  7  8  9 10 11 12 13 14 15 16 17 18 31 32 33 34 35 36 37 38 39 40 41 42 19 20 21 22 23 24 25 26 27 28 29 30 43 45 44 46 47 48 49 50 51 52 53 54 55 56 57 58 63 64 65 66 59 60 61 62 67 68 69 70 71 72 73 74 75 76 77 78 83 84 85 86 79 80 81 82 87 88 89 90
  0  2  1  3  4  5  6  7  8  9 10 11 12 13 14 15 16 17 18 19 20 21 22 23 24 25 26 27 28 29 30 47 48 49 50 51 52 53 54 55 56 57 58 59 60 61 62 31 32 33 34 35 36 37 38 39 40 41 42 43 44 45 46 63 65 64 66 67 68 69 70 71 72 73 74 75 76 77 78 79 80 81 82 87 88 89 90 83 84 85 86
  1  0  2  3  4  5  6  7  8  9 10 11 12 13 14 15 16 17 18 19 20 21 22 23 24 25 26 27 28 29 30 31 32 33 34 35 36 37 38 39 40 41 42 43 44 45 46 67 68 69 70 71 72 73 74 75 76 77 78 79 80 81 82 83 84 85 86 47 48 49 50 51 52 53 54 55 56 57 58 59 60 61 62 63 64 65 66 87 89 88 90



    2: |Aut(M)| =  4,  Cycles:78(14)
 "   0  1   2  3   4  5   6  7   8  9  10 11  12 13 "
 "   0  2   1  4   3  6   5  8   7 10   9 12  11 13 "
 "   0  3   1  5   2  7   4  9   6 11   8 13  10 12 "
 "   0  4   1  3   2  8   5  7   6 12   9 11  10 13 "
 "   0  5   1  2   3  9   4  6   7 13   8 10  11 12 "
 "   0  6   1  8   2 12   3  5   4 10   7 11   9 13 "
 "   0  7   1  9   2  4   3 13   5 11   6 10   8 12 "
 "   0  8   1  7   2 11   3  4   5 12   6 13   9 10 "
 "   0  9   1  6   2  5   3 10   4 13   7 12   8 11 "
 "   0 10   1 12   2 13   3  7   4 11   5  9   6  8 "
 "   0 11   1 13   2  6   3 12   4  8   5 10   7  9 "
 "   0 12   1 11   2 10   3  8   4  7   5 13   6  9 "
 "   0 13   1 10   2  9   3 11   4 12   5  6   7  8 "


Orbits and generators of the Aut(M) acting on elements:
0  0  2  2  2  2  6  6  6  6 10 10 10 10
0  1  2  3  4  5  6  7  8  9 10 11 12 13
0  1  3  2  5  4  7  6  9  8 11 10 13 12
1  0  4  5  2  3  8  9  6  7 12 13 10 11

Orbits and generators of Aut(M) acting on matrix rows, |Aut(R)| = 4:
0  1  1  3  3  5  5  7  7  9  9 11 11
0  1  2  3  4  5  6  7  8  9 10 11 12
0  1  2  4  3  5  6  8  7  9 10 12 11
0  2  1  3  4  6  5  7  8 10  9 11 12

Orbits and generators of Aut(M) acting on k-sets, |Aut(K)| = 4:
0  1  1  3  3  5  5  7  7  9  9 11 11 13  7  7  9  9 11 11 13 21 21 23 23 25 25 27 21 21 23 23 25 25 27 35 35 37 38 37 40 40 35 35 38 37 37 40 40 49 49 51 52 51 54 54 49 49 52 51 51 54 54 63 63 65 66 65 66 69 63 63 66 65 66 65 69 77 77 79 80 80 79 83 77 77 80 79 79 80 83
0  1  2  3  4  5  6  7  8  9 10 11 12 13 14 15 16 17 18 19 20 21 22 23 24 25 26 27 28 29 30 31 32 33 34 35 36 37 38 39 40 41 42 43 44 45 46 47 48 49 50 51 52 53 54 55 56 57 58 59 60 61 62 63 64 65 66 67 68 69 70 71 72 73 74 75 76 77 78 79 80 81 82 83 84 85 86 87 88 89 90
0  1  2  3  4  5  6 14 15 16 17 18 19 20  7  8  9 10 11 12 13 28 29 30 31 32 33 34 21 22 23 24 25 26 27 42 43 45 44 46 47 48 35 36 38 37 39 40 41 56 57 59 58 60 61 62 49 50 52 51 53 54 55 70 71 73 72 75 74 76 63 64 66 65 68 67 69 84 85 87 86 89 88 90 77 78 80 79 82 81 83
0  2  1  4  3  6  5  8  7 10  9 12 11 13 15 14 17 16 19 18 20 29 28 31 30 33 32 34 22 21 24 23 26 25 27 36 35 39 38 37 41 40 43 42 44 46 45 48 47 57 56 60 58 59 62 61 50 49 52 53 51 55 54 64 63 67 68 65 66 69 71 70 74 75 72 73 76 85 84 88 89 86 87 90 78 77 81 82 79 80 83

    3: |Aut(M)| =  12,  Cycles:78(14)
 "   0  1   2  3   4  5   6  7   8  9  10 11  12 13 "
 "   0  2   1  4   3  6   5  8   7 10   9 12  11 13 "
 "   0  3   1  5   2  7   4  9   6 11   8 13  10 12 "
 "   0  4   1  3   2  8   5  7   6 12   9 11  10 13 "
 "   0  5   1  2   3  9   4  6   7 13   8 10  11 12 "
 "   0  6   1  9   2  5   3 10   4 13   7 12   8 11 "
 "   0  7   1  8   2 11   3  4   5 12   6 13   9 10 "
 "   0  8   1  6   2 12   3  5   4 10   7 11   9 13 "
 "   0  9   1  7   2  4   3 13   5 11   6 10   8 12 "
 "   0 10   1 12   2 13   3  7   4 11   5  9   6  8 "
 "   0 11   1 13   2  6   3 12   4  8   5 10   7  9 "
 "   0 12   1 11   2 10   3  8   4  7   5 13   6  9 "
 "   0 13   1 10   2  9   3 11   4 12   5  6   7  8 "


Orbits and generators of the Aut(M) acting on elements:
0  0  2  2  2  2  2  2  2  2  2  2  2  2
0  1  2  3  4  5  6  7  8  9 10 11 12 13
0  1  3  2  5  4  7  6  9  8 11 10 13 12
1  0  4  5  2  3  8  9  6  7 12 13 10 11

Orbits and generators of Aut(M) acting on matrix rows, |Aut(R)| = 12:
0  1  1  3  3  3  3  1  1  1  1  3  3
0  1  2  3  4  5  6  7  8  9 10 11 12
0  1  2  4  3  6  5  7  8  9 10 12 11
0  2  1  3  4  5  6  8  7 10  9 11 12

Orbits and generators of Aut(M) acting on k-sets, |Aut(K)| = 12:
0  1  1  1  1  1  1  7  7  9  9 11 11 13  7  7  9  9 11 11 13 21 21 23 23 25 25 27 21 21 23 23 25 25 27 21 21 27 25 25 23 23 21 21 25 27 25 23 23  7  7 11 13 11  9  9  7  7 13 11 11  9  9  7  7  9 11  9 11 13  7  7 11  9 11  9 13 21 21 23 25 25 23 27 21 21 25 23 23 25 27
0  1  2  3  4  5  6  7  8  9 10 11 12 13 14 15 16 17 18 19 20 21 22 23 24 25 26 27 28 29 30 31 32 33 34 35 36 37 38 39 40 41 42 43 44 45 46 47 48 49 50 51 52 53 54 55 56 57 58 59 60 61 62 63 64 65 66 67 68 69 70 71 72 73 74 75 76 77 78 79 80 81 82 83 84 85 86 87 88 89 90
0  1  2  3  4  5  6 14 15 16 17 18 19 20  7  8  9 10 11 12 13 28 29 30 31 32 33 34 21 22 23 24 25 26 27 42 43 45 44 46 47 48 35 36 38 37 39 40 41 56 57 59 58 60 61 62 49 50 52 51 53 54 55 70 71 73 72 75 74 76 63 64 66 65 68 67 69 84 85 87 86 89 88 90 77 78 80 79 82 81 83
0  2  1  4  3  6  5  8  7 10  9 12 11 13 15 14 17 16 19 18 20 29 28 31 30 33 32 34 22 21 24 23 26 25 27 43 42 45 46 44 48 47 36 35 39 37 38 41 40 50 49 53 52 51 55 54 57 56 58 60 59 62 61 64 63 67 68 65 66 69 71 70 74 75 72 73 76 85 84 88 89 86 87 90 78 77 81 82 79 80 83

    4: |Aut(M)| =  6,  Cycles:78(14)
 "   0  1   2  3   4  5   6  7   8  9  10 11  12 13 "
 "   0  2   1  4   3  6   5  8   7 10   9 12  11 13 "
 "   0  3   1  5   2  7   4  9   6 11   8 13  10 12 "
 "   0  4   1  3   2  8   5  7   6 12   9 11  10 13 "
 "   0  5   1  2   3  9   4  6   7 13   8 10  11 12 "
 "   0  6   1 11   2 10   3  4   5 12   7  8   9 13 "
 "   0  7   1 10   2  5   3 11   4 13   6  9   8 12 "
 "   0  8   1 12   2  9   3  5   4 10   6 13   7 11 "
 "   0  9   1 13   2  4   3  8   5 11   6 10   7 12 "
 "   0 10   1  6   2 13   3  7   4 12   5  9   8 11 "
 "   0 11   1  7   2  6   3 12   4  8   5 13   9 10 "
 "   0 12   1  9   2 11   3 13   4  7   5 10   6  8 "
 "   0 13   1  8   2 12   3 10   4 11   5  6   7  9 "


Orbits and generators of the Aut(M) acting on elements:
0  1  2  2  4  4  2  2  2  2  4  4  4  4
0  1  2  3  4  5  6  7  8  9 10 11 12 13
0  1  3  2  5  4  7  6  9  8 11 10 13 12

Orbits and generators of Aut(M) acting on matrix rows, |Aut(R)| = 6:
0  1  1  3  3  1  1  1  1  3  3  3  3
0  1  2  3  4  5  6  7  8  9 10 11 12
0  2  1  4  3  6  5  8  7 10  9 12 11

Orbits and generators of Aut(M) acting on k-sets, |Aut(K)| = 6:
0  1  2  1  1  2  2  7  8  9 10 11 12 13  7  8  9 10 11 12 13 21 22 23 24 25 26 27 21 22 23 24 25 26 27  7  8 10 12 13  9 11  7  8 12 10 13  9 11  7  8  9 11 13 10 12  7  8 11  9 13 12 10 21 22 26 23 27 25 24 21 22 23 26 25 27 24 21 22 25 24 26 27 23 21 22 24 25 27 26 23
0  1  2  3  4  5  6  7  8  9 10 11 12 13 14 15 16 17 18 19 20 21 22 23 24 25 26 27 28 29 30 31 32 33 34 35 36 37 38 39 40 41 42 43 44 45 46 47 48 49 50 51 52 53 54 55 56 57 58 59 60 61 62 63 64 65 66 67 68 69 70 71 72 73 74 75 76 77 78 79 80 81 82 83 84 85 86 87 88 89 90
0  1  2  3  4  5  6 14 15 16 17 18 19 20  7  8  9 10 11 12 13 28 29 30 31 32 33 34 21 22 23 24 25 26 27 42 43 45 44 46 47 48 35 36 38 37 39 40 41 56 57 59 58 60 62 61 49 50 52 51 53 55 54 70 71 73 72 75 74 76 63 64 66 65 68 67 69 84 85 87 86 89 88 90 77 78 80 79 82 81 83
0  3  5  4  1  6  2 35 36 40 37 41 38 39 42 43 47 45 48 44 46 70 71 72 76 74 73 75 63 64 66 69 68 65 67 49 50 54 55 53 51 52 56 57 61 62 60 59 58  7  8  9 11 13 10 12 14 15 18 16 20 19 17 84 85 89 90 88 87 86 77 78 83 81 79 82 80 21 22 25 24 26 27 23 28 29 31 32 34 33 30


    5: |Aut(M)| =  6,  Cycles:78(14)
 "   0  1   2  3   4  5   6  7   8  9  10 11  12 13 "
 "   0  2   1  4   3  6   5  8   7 10   9 12  11 13 "
 "   0  3   1  5   2  7   4  9   6 11   8 13  10 12 "
 "   0  4   1  3   2  8   5  7   6 13   9 10  11 12 "
 "   0  5   1  2   3  9   4  6   7 12   8 11  10 13 "
 "   0  6   1 10   2 11   3  5   4 12   7  8   9 13 "
 "   0  7   1 11   2  4   3 10   5 13   6  9   8 12 "
 "   0  8   1 13   2  9   3  4   5 10   6 12   7 11 "
 "   0  9   1 12   2  5   3  8   4 11   6 10   7 13 "
 "   0 10   1  7   2  6   3 13   4  8   5 12   9 11 "
 "   0 11   1  6   2 12   3  7   4 13   5  9   8 10 "
 "   0 12   1  8   2 13   3 11   4 10   5  6   7  9 "
 "   0 13   1  9   2 10   3 12   4  7   5 11   6  8 "


Orbits and generators of the Aut(M) acting on elements:
0  1  2  2  4  4  2  2  2  2  4  4  4  4
0  1  2  3  4  5  6  7  8  9 10 11 12 13
0  1  3  2  5  4  7  6  9  8 11 10 13 12

Orbits and generators of Aut(M) acting on matrix rows, |Aut(R)| = 6:
0  1  1  3  3  1  1  1  1  3  3  3  3
0  1  2  3  4  5  6  7  8  9 10 11 12
0  2  1  4  3  6  5  8  7 10  9 12 11

Orbits and generators of Aut(M) acting on k-sets, |Aut(K)| = 6:
0  1  2  1  1  2  2  7  8  9 10 11 12 13  7  8  9 10 11 12 13 21 22 23 24 25 26 27 21 22 23 24 25 26 27  7  8 10 12 13  9 11  7  8 12 10 13  9 11  7  8  9 11 13 10 12  7  8 11  9 13 12 10 21 22 23 26 25 27 24 21 22 26 23 27 25 24 21 22 24 25 27 26 23 21 22 25 24 26 27 23
0  1  2  3  4  5  6  7  8  9 10 11 12 13 14 15 16 17 18 19 20 21 22 23 24 25 26 27 28 29 30 31 32 33 34 35 36 37 38 39 40 41 42 43 44 45 46 47 48 49 50 51 52 53 54 55 56 57 58 59 60 61 62 63 64 65 66 67 68 69 70 71 72 73 74 75 76 77 78 79 80 81 82 83 84 85 86 87 88 89 90
0  1  2  3  4  5  6 14 15 16 17 18 19 20  7  8  9 10 11 12 13 28 29 30 31 32 33 34 21 22 23 24 25 26 27 42 43 45 44 46 47 48 35 36 38 37 39 40 41 56 57 59 58 60 62 61 49 50 52 51 53 55 54 70 71 73 72 75 74 76 63 64 66 65 68 67 69 84 85 87 86 89 88 90 77 78 80 79 82 81 83
0  3  5  4  1  6  2 35 36 40 37 41 38 39 42 43 47 45 48 44 46 63 64 65 69 67 66 68 70 71 73 76 75 72 74 49 50 54 55 53 51 52 56 57 61 62 60 59 58  7  8  9 11 13 10 12 14 15 18 16 20 19 17 84 85 90 88 86 89 87 77 78 82 83 81 80 79 28 29 31 32 34 33 30 21 22 25 24 26 27 23

    6: |Aut(M)| =  6,  Cycles:78(14)
 "   0  1   2  3   4  5   6  7   8  9  10 11  12 13 "
 "   0  2   1  4   3  6   5  8   7 10   9 12  11 13 "
 "   0  3   1  5   2  7   4  9   6 11   8 13  10 12 "
 "   0  4   1  3   2  8   5  7   6 13   9 10  11 12 "
 "   0  5   1  2   3  9   4  6   7 12   8 11  10 13 "
 "   0  6   1 11   2  9   3 13   4 10   5 12   7  8 "
 "   0  7   1 10   2 12   3  8   4 13   5 11   6  9 "
 "   0  8   1 12   2  6   3 10   4 11   5  9   7 13 "
 "   0  9   1 13   2 11   3  7   4  8   5 10   6 12 "
 "   0 10   1  6   2 13   3  5   4  7   8 12   9 11 "
 "   0 11   1  7   2  4   3 12   5  6   8 10   9 13 "
 "   0 12   1  9   2 10   3  4   5 13   6  8   7 11 "
 "   0 13   1  8   2  5   3 11   4 12   6 10   7  9 "


Orbits and generators of the Aut(M) acting on elements:
0  1  2  2  4  4  4  4  4  4  2  2  2  2
0  1  2  3  4  5  6  7  8  9 10 11 12 13
0  1  3  2  5  4  7  6  9  8 11 10 13 12

Orbits and generators of Aut(M) acting on matrix rows, |Aut(R)| = 6:
0  1  1  3  3  3  3  3  3  1  1  1  1
0  1  2  3  4  5  6  7  8  9 10 11 12
0  2  1  4  3  6  5  8  7 10  9 12 11

Orbits and generators of Aut(M) acting on k-sets, |Aut(K)| = 6:
0  1  2  2  2  1  1  7  8  9 10 11 12 13  7  8  9 10 11 12 13 21 22 23 24 25 26 27 21 22 23 24 25 26 27 21 22 25 27 23 26 24 21 22 27 25 26 23 24 21 22 26 27 25 24 23 21 22 27 26 24 25 23  7  8 13 12 10 11  9  7  8 12 13 10  9 11  7  8 13 11  9 10 12  7  8 11 13  9 12 10
0  1  2  3  4  5  6  7  8  9 10 11 12 13 14 15 16 17 18 19 20 21 22 23 24 25 26 27 28 29 30 31 32 33 34 35 36 37 38 39 40 41 42 43 44 45 46 47 48 49 50 51 52 53 54 55 56 57 58 59 60 61 62 63 64 65 66 67 68 69 70 71 72 73 74 75 76 77 78 79 80 81 82 83 84 85 86 87 88 89 90
0  1  2  3  4  5  6 14 15 16 17 18 19 20  7  8  9 10 11 12 13 28 29 30 31 32 33 34 21 22 23 24 25 26 27 42 43 45 44 47 46 48 35 36 38 37 40 39 41 56 57 59 58 61 60 62 49 50 52 51 54 53 55 70 71 73 72 74 76 75 63 64 66 65 67 69 68 84 85 87 86 88 90 89 77 78 80 79 81 83 82
0  5  3  4  2  6  1 63 64 69 67 68 66 65 70 71 75 74 76 72 73 35 36 39 41 37 40 38 42 43 47 48 45 46 44 56 57 61 58 62 59 60 49 50 52 53 51 55 54 21 22 26 27 25 24 23 28 29 34 33 31 32 30 77 78 79 83 82 80 81 84 85 89 87 90 88 86 14 15 20 18 16 17 19  7  8 11 13  9 12 10

    7: |Aut(M)| =  2,  Cycles:78(14)
 "   0  1   2  3   4  5   6  7   8  9  10 11  12 13 "
 "   0  2   1  4   3  6   5  8   7 10   9 12  11 13 "
 "   0  3   1  5   2  7   4  9   6 11   8 13  10 12 "
 "   0  4   1  3   2  8   5 10   6 12   7 11   9 13 "
 "   0  5   1 13   2  4   3  7   6  8   9 10  11 12 "
 "   0  6   1  9   2 11   3  4   5 12   7 13   8 10 "
 "   0  7   1 10   2  5   3 11   4 13   6  9   8 12 "
 "   0  8   1 12   2  9   3 10   4 11   5  7   6 13 "
 "   0  9   1  2   3  5   4  6   7 12   8 11  10 13 "
 "   0 10   1  8   2  6   3 13   4 12   5 11   7  9 "
 "   0 11   1  6   2 12   3  9   4 10   5 13   7  8 "
 "   0 12   1 11   2 13   3  8   4  7   5  9   6 10 "
 "   0 13   1  7   2 10   3 12   4  8   5  6   9 11 "


Orbits and generators of the Aut(M) acting on elements:
0  1  2  0  1  5  2  7  8  5 10  7  8 10
0  1  2  3  4  5  6  7  8  9 10 11 12 13
3  4  6  0  1  9  2 11 12  5 13  7  8 10

Orbits and generators of Aut(M) acting on matrix rows, |Aut(R)| = 2:
0  1  2  3  4  0  6  7  8  9  4 11  7
0  1  2  3  4  5  6  7  8  9 10 11 12
5  1  2  3 10  0  6 12  8  9  4 11  7

Orbits and generators of Aut(M) acting on k-sets, |Aut(K)| = 2:
0  1  2  3  4  5  6  7  8  7 10 11 10 11 14 15 16 15 16 19 19 21 21 23 24 23 26 24 28 29 30 31 32 33 34  1  2  3  0  4  5  6 42 43 44 42 43 44 48 49 50 51 52 53 54 55 56 57 56 57 60 60 62 63 64 65 63 64 68 68 31 30 32 28 29 33 34 77 78 79 77 78 82 79 52 53 55 49 50 51 54
0  1  2  3  4  5  6  7  8  9 10 11 12 13 14 15 16 17 18 19 20 21 22 23 24 25 26 27 28 29 30 31 32 33 34 35 36 37 38 39 40 41 42 43 44 45 46 47 48 49 50 51 52 53 54 55 56 57 58 59 60 61 62 63 64 65 66 67 68 69 70 71 72 73 74 75 76 77 78 79 80 81 82 83 84 85 86 87 88 89 90
38 35 36 37 39 40 41  9  8  7 12 13 10 11 14 17 18 15 16 20 19 22 21 25 27 23 26 24 73 74 71 70 72 75 76  1  2  3  0  4  5  6 45 46 47 42 43 44 48 87 88 89 84 85 90 86 58 59 56 57 61 60 62 66 67 65 63 64 69 68 31 30 32 28 29 33 34 80 81 83 77 78 82 79 52 53 55 49 50 51 54

    8: |Aut(M)| =  2,  Cycles:78(14)
 "   0  1   2  3   4  5   6  7   8  9  10 11  12 13 "
 "   0  2   1  4   3  6   5  8   7 10   9 12  11 13 "
 "   0  3   1  5   2  7   4  9   6 11   8 13  10 12 "
 "   0  4   1  3   2  8   5 13   6 12   7 11   9 10 "
 "   0  5   1  2   3  9   4 12   6 10   7 13   8 11 "
 "   0  6   1 11   2  5   3 12   4 10   7  8   9 13 "
 "   0  7   1 10   2 13   3  4   5 11   6  9   8 12 "
 "   0  8   1  7   2  6   3 10   4 13   5  9  11 12 "
 "   0  9   1  6   2 11   3  7   4  8   5 12  10 13 "
 "   0 10   1 12   2  9   3 13   4 11   5  7   6  8 "
 "   0 11   1 13   2 12   3  8   4  6   5 10   7  9 "
 "   0 12   1  8   2 10   3  5   4  7   6 13   9 11 "
 "   0 13   1  9   2  4   3 11   5  6   7 12   8 10 "


Orbits and generators of the Aut(M) acting on elements:
0  1  2  2  4  4  6  6  8  8 10 10 12 12
0  1  2  3  4  5  6  7  8  9 10 11 12 13
0  1  3  2  5  4  7  6  9  8 11 10 13 12

Orbits and generators of Aut(M) acting on matrix rows, |Aut(R)| = 2:
0  1  1  3  3  5  5  7  7  9  9 11 11
0  1  2  3  4  5  6  7  8  9 10 11 12
0  2  1  4  3  6  5  8  7 10  9 12 11

Orbits and generators of Aut(M) acting on k-sets, |Aut(K)| = 2:
0  1  2  3  4  5  6  7  8  9 10 11 12 13  7  8  9 10 11 12 13 21 22 23 24 25 26 27 21 22 23 24 26 25 27 35 36 37 38 39 40 41 35 36 38 37 39 40 41 49 50 51 52 53 54 55 49 50 52 51 54 53 55 63 64 65 66 67 68 69 63 64 66 65 68 67 69 77 78 79 80 81 82 83 77 78 80 79 81 82 83
0  1  2  3  4  5  6  7  8  9 10 11 12 13 14 15 16 17 18 19 20 21 22 23 24 25 26 27 28 29 30 31 32 33 34 35 36 37 38 39 40 41 42 43 44 45 46 47 48 49 50 51 52 53 54 55 56 57 58 59 60 61 62 63 64 65 66 67 68 69 70 71 72 73 74 75 76 77 78 79 80 81 82 83 84 85 86 87 88 89 90
0  1  2  3  4  5  6 14 15 16 17 18 19 20  7  8  9 10 11 12 13 28 29 30 31 33 32 34 21 22 23 24 26 25 27 42 43 45 44 46 47 48 35 36 38 37 39 40 41 56 57 59 58 61 60 62 49 50 52 51 54 53 55 70 71 73 72 75 74 76 63 64 66 65 68 67 69 84 85 87 86 88 89 90 77 78 80 79 81 82 83


    9: |Aut(M)| =  3,  Cycles:78(14)
 "   0  1   2  3   4  5   6  7   8  9  10 11  12 13 "
 "   0  2   1  4   3  6   5  8   7 10   9 12  11 13 "
 "   0  3   1  5   2  7   4  9   6 11   8 13  10 12 "
 "   0  4   1  3   2  9   5 11   6  8   7 12  10 13 "
 "   0  5   1  2   3 11   4 12   6  9   7 13   8 10 "
 "   0  6   1 10   2 13   3  5   4 11   7  9   8 12 "
 "   0  7   1  8   2 11   3 13   4  6   5 12   9 10 "
 "   0  8   1 11   2 12   3  9   4  7   5 13   6 10 "
 "   0  9   1 13   2  5   3  7   4 10   6 12   8 11 "
 "   0 10   1 12   2  8   3  4   5  6   7 11   9 13 "
 "   0 11   1  9   2 10   3 12   4  8   5  7   6 13 "
 "   0 12   1  7   2  6   3  8   4 13   5 10   9 11 "
 "   0 13   1  6   2  4   3 10   5  9   7  8  11 12 "


Orbits and generators of the Aut(M) acting on elements:
0  1  2  3  0  5  3  3  8  5  2  5  2  0
0  1  2  3  4  5  6  7  8  9 10 11 12 13
4  1 10  7 13 11  3  6  8  5 12  9  2  0

Orbits and generators of Aut(M) acting on matrix rows, |Aut(R)| = 3:
0  0  2  3  4  4  6  2  0  4  2  3  3
0  1  2  3  4  5  6  7  8  9 10 11 12
1  8  7 11  5  9  6 10  0  4  2 12  3

Orbits and generators of Aut(M) acting on k-sets, |Aut(K)| = 3:
0  1  2  3  4  5  6  6  0  3  4  1  5  2 14 15 16 17 18 19 20 21 22 23 24 25 26 27 28 29 30 31 32 33 34 33 29 31 32 28 30 34 42 43 44 42 42 44 44 19 15 20 18 14 17 16  2  0  5  3  6  1  4 31 29 34 33 30 32 28 17 15 20 16 19 18 14 27 22 26 25 21 23 24 21 22 27 26 24 25 23
0  1  2  3  4  5  6  7  8  9 10 11 12 13 14 15 16 17 18 19 20 21 22 23 24 25 26 27 28 29 30 31 32 33 34 35 36 37 38 39 40 41 42 43 44 45 46 47 48 49 50 51 52 53 54 55 56 57 58 59 60 61 62 63 64 65 66 67 68 69 70 71 72 73 74 75 76 77 78 79 80 81 82 83 84 85 86 87 88 89 90
8 11 13  9 10 12  7 60 57 59 62 61 58 56 53 50 55 54 52 49 51 81 78 82 83 80 79 77 39 36 40 37 38 35 41 66 64 63 68 69 67 65 46 43 48 42 45 44 47 74 71 72 75 76 70 73  2  0  5  3  6  1  4 31 29 34 33 30 32 28 17 15 20 16 19 18 14 86 85 87 89 84 90 88 21 22 27 26 24 25 23


   10: |Aut(M)| =  2,  Cycles:78(14)
 "   0  1   2  3   4  5   6  7   8  9  10 11  12 13 "
 "   0  2   1  4   3  6   5  8   7 10   9 12  11 13 "
 "   0  3   1  5   2  7   4  9   6 11   8 13  10 12 "
 "   0  4   1  3   2 10   5 12   6  8   7 11   9 13 "
 "   0  5   1  2   3 11   4 13   6 10   7  9   8 12 "
 "   0  6   1  8   2  5   3 12   4  7   9 11  10 13 "
 "   0  7   1  9   2 13   3  4   5  6   8 10  11 12 "
 "   0  8   1 10   2  9   3  7   4 11   5 13   6 12 "
 "   0  9   1 11   2  6   3  8   4 12   5 10   7 13 "
 "   0 10   1 13   2 11   3  5   4  8   6  9   7 12 "
 "   0 11   1 12   2  4   3 10   5  9   6 13   7  8 "
 "   0 12   1  7   2  8   3 13   4  6   5 11   9 10 "
 "   0 13   1  6   2 12   3  9   4 10   5  7   8 11 "


Orbits and generators of the Aut(M) acting on elements:
0  1  2  2  4  4  6  6  8  8 10 10 12 12
0  1  2  3  4  5  6  7  8  9 10 11 12 13
0  1  3  2  5  4  7  6  9  8 11 10 13 12

Orbits and generators of Aut(M) acting on matrix rows, |Aut(R)| = 2:
0  1  1  3  3  5  5  7  7  9  9 11 11
0  1  2  3  4  5  6  7  8  9 10 11 12
0  2  1  4  3  6  5  8  7 10  9 12 11

Orbits and generators of Aut(M) acting on k-sets, |Aut(K)| = 2:
0  1  2  3  4  5  6  7  8  9 10 11 12 13  7  8  9 10 11 12 13 21 22 23 24 25 26 27 21 22 23 24 26 25 27 35 36 37 38 39 40 41 35 36 38 37 39 40 41 49 50 51 52 53 54 55 49 50 52 51 54 53 55 63 64 65 66 67 68 69 63 64 66 65 67 69 68 77 78 79 80 81 82 83 77 78 80 79 82 81 83
0  1  2  3  4  5  6  7  8  9 10 11 12 13 14 15 16 17 18 19 20 21 22 23 24 25 26 27 28 29 30 31 32 33 34 35 36 37 38 39 40 41 42 43 44 45 46 47 48 49 50 51 52 53 54 55 56 57 58 59 60 61 62 63 64 65 66 67 68 69 70 71 72 73 74 75 76 77 78 79 80 81 82 83 84 85 86 87 88 89 90
0  1  2  3  4  5  6 14 15 16 17 18 19 20  7  8  9 10 11 12 13 28 29 30 31 33 32 34 21 22 23 24 26 25 27 42 43 45 44 46 47 48 35 36 38 37 39 40 41 56 57 59 58 61 60 62 49 50 52 51 54 53 55 70 71 73 72 74 76 75 63 64 66 65 67 69 68 84 85 87 86 89 88 90 77 78 80 79 82 81 83

   11: |Aut(M)| =  12,  Cycles:78(14)
 "   0  1   2  3   4  5   6  7   8  9  10 11  12 13 "
 "   0  2   1  4   3  6   5  8   7 10   9 12  11 13 "
 "   0  3   1  5   2  7   4  9   6 11   8 13  10 12 "
 "   0  4   1  3   2 10   5 12   6  8   7 11   9 13 "
 "   0  5   1  2   3 11   4 13   6 10   7  9   8 12 "
 "   0  6   1  8   2 13   3  7   4 10   5  9  11 12 "
 "   0  7   1  9   2  6   3 12   4  8   5 11  10 13 "
 "   0  8   1  7   2 12   3  5   4 11   6 13   9 10 "
 "   0  9   1  6   2  4   3 13   5 10   7 12   8 11 "
 "   0 10   1 13   2  5   3  8   4  7   6 12   9 11 "
 "   0 11   1 12   2  9   3  4   5  6   7 13   8 10 "
 "   0 12   1 10   2 11   3  9   4  6   5 13   7  8 "
 "   0 13   1 11   2  8   3 10   4 12   5  7   6  9 "


Orbits and generators of the Aut(M) acting on elements:
0  1  2  2  2  2  2  2  2  2  2  2  2  2
0  1  2  3  4  5  6  7  8  9 10 11 12 13
0  1  3  2  5  4  7  6  9  8 11 10 13 12

Orbits and generators of Aut(M) acting on matrix rows, |Aut(R)| = 12:
0  1  1  1  1  1  1  1  1  1  1  1  1
0  1  2  3  4  5  6  7  8  9 10 11 12
0  2  1  4  3  6  5  8  7 10  9 12 11

Orbits and generators of Aut(M) acting on k-sets, |Aut(K)| = 12:
0  1  1  1  1  1  1  7  8  9 10 11 12 13  7  8  9 10 11 12 13  7  8 10  9 13 12 11  7  8 10  9 12 13 11  7  8 11  9 12 10 13  7  8  9 11 10 12 13  7  8 12 13 11 10  9  7  8 13 12 11 10  9  7  8 13 11 12 10  9  7  8 11 13 12 10  9  7  8 10 12 11  9 13  7  8 12 10  9 11 13
0  1  2  3  4  5  6  7  8  9 10 11 12 13 14 15 16 17 18 19 20 21 22 23 24 25 26 27 28 29 30 31 32 33 34 35 36 37 38 39 40 41 42 43 44 45 46 47 48 49 50 51 52 53 54 55 56 57 58 59 60 61 62 63 64 65 66 67 68 69 70 71 72 73 74 75 76 77 78 79 80 81 82 83 84 85 86 87 88 89 90
0  1  2  3  4  5  6 14 15 16 17 18 19 20  7  8  9 10 11 12 13 28 29 30 31 33 32 34 21 22 23 24 26 25 27 42 43 45 44 47 46 48 35 36 38 37 40 39 41 56 57 59 58 60 61 62 49 50 52 51 53 54 55 70 71 73 72 74 75 76 63 64 66 65 67 68 69 84 85 87 86 89 88 90 77 78 80 79 82 81 83
0  2  1  6  5  4  3 21 22 24 23 27 26 25 28 29 31 30 34 32 33 14 15 17 16 20 19 18  7  8 10  9 12 13 11 77 78 81 82 80 79 83 84 85 88 89 87 86 90 63 64 67 65 66 68 69 70 71 73 74 72 75 76 56 57 58 60 59 61 62 49 50 53 52 51 54 55 42 43 46 47 45 44 48 35 36 39 40 38 37 41


   12: |Aut(M)| =  12,  Cycles:78(14)
 "   0  1   2  3   4  5   6  7   8  9  10 11  12 13 "
 "   0  2   1  4   3  6   5  8   7 10   9 12  11 13 "
 "   0  3   1  5   2  7   4  9   6 11   8 13  10 12 "
 "   0  4   1  3   2 12   5 11   6 10   7  8   9 13 "
 "   0  5   1  2   3 13   4 10   6  9   7 11   8 12 "
 "   0  6   1  9   2 10   3  4   5 12   7 13   8 11 "
 "   0  7   1  8   2  5   3 11   4 13   6 12   9 10 "
 "   0  8   1  6   2 11   3  7   4 12   5  9  10 13 "
 "   0  9   1  7   2  6   3 10   4  8   5 13  11 12 "
 "   0 10   1 12   2  4   3  8   5  7   6 13   9 11 "
 "   0 11   1 13   2  9   3  5   4  6   7 12   8 10 "
 "   0 12   1 11   2 13   3  9   4  7   5 10   6  8 "
 "   0 13   1 10   2  8   3 12   4 11   5  6   7  9 "


Orbits and generators of the Aut(M) acting on elements:
0  1  2  2  2  2  2  2  2  2  2  2  2  2
0  1  2  3  4  5  6  7  8  9 10 11 12 13
0  1  3  2  5  4  7  6  9  8 11 10 13 12

Orbits and generators of Aut(M) acting on matrix rows, |Aut(R)| = 12:
0  1  1  1  1  1  1  1  1  1  1  1  1
0  1  2  3  4  5  6  7  8  9 10 11 12
0  2  1  4  3  6  5  8  7 10  9 12 11

Orbits and generators of Aut(M) acting on k-sets, |Aut(K)| = 12:
0  1  1  1  1  1  1  7  8  9 10 11 12 13  7  8  9 10 11 12 13  7  8 10  9 11 13 12  7  8 10  9 13 11 12  7  8 12 13 11  9 10  7  8 13 12 11  9 10  7  8 12 10 11  9 13  7  8 10 12  9 11 13  7  8 13 11 12 10  9  7  8 11 13 12 10  9  7  8  9 11 12 10 13  7  8 11  9 10 12 13
0  1  2  3  4  5  6  7  8  9 10 11 12 13 14 15 16 17 18 19 20 21 22 23 24 25 26 27 28 29 30 31 32 33 34 35 36 37 38 39 40 41 42 43 44 45 46 47 48 49 50 51 52 53 54 55 56 57 58 59 60 61 62 63 64 65 66 67 68 69 70 71 72 73 74 75 76 77 78 79 80 81 82 83 84 85 86 87 88 89 90
0  1  2  3  4  5  6 14 15 16 17 18 19 20  7  8  9 10 11 12 13 28 29 30 31 33 32 34 21 22 23 24 26 25 27 42 43 45 44 46 47 48 35 36 38 37 39 40 41 56 57 59 58 61 60 62 49 50 52 51 54 53 55 70 71 73 72 74 75 76 63 64 66 65 67 68 69 84 85 87 86 89 88 90 77 78 80 79 82 81 83
0  2  1  5  6  3  4 21 22 24 23 25 27 26 28 29 31 30 33 34 32 14 15 17 16 18 20 19  7  8 10  9 13 11 12 70 71 74 73 72 76 75 63 64 65 67 66 69 68 77 78 81 82 80 79 83 84 85 88 89 87 86 90 35 36 38 39 37 41 40 42 43 46 44 45 48 47 56 57 60 61 59 58 62 49 50 53 54 52 51 55

   13: |Aut(M)| =  6,  Cycles:78(14)
 "   0  1   2  3   4  5   6  7   8  9  10 11  12 13 "
 "   0  2   1  4   3  6   5  8   7 10   9 12  11 13 "
 "   0  3   1  5   2  7   4  9   6 11   8 13  10 12 "
 "   0  4   1  7   2  9   3 12   5 11   6 13   8 10 "
 "   0  5   1  6   2 13   3  8   4 10   7 12   9 11 "
 "   0  6   1 13   2  8   3 10   4 12   5  9   7 11 "
 "   0  7   1 12   2 11   3  9   4  8   5 13   6 10 "
 "   0  8   1  3   2  4   5 10   6  9   7 13  11 12 "
 "   0  9   1  2   3  5   4 11   6 12   7  8  10 13 "
 "   0 10   1  9   2  6   3 11   4 13   5  7   8 12 "
 "   0 11   1  8   2 10   3  7   4  6   5 12   9 13 "
 "   0 12   1 11   2  5   3 13   4  7   6  8   9 10 "
 "   0 13   1 10   2 12   3  4   5  6   7  9   8 11 "


Orbits and generators of the Aut(M) acting on elements:
0  1  2  2  4  4  2  2  4  4  2  2  4  4
0  1  2  3  4  5  6  7  8  9 10 11 12 13
0  1  3  2  5  4  7  6  9  8 11 10 13 12

Orbits and generators of Aut(M) acting on matrix rows, |Aut(R)| = 6:
0  1  1  3  3  1  1  3  3  1  1  3  3
0  1  2  3  4  5  6  7  8  9 10 11 12
0  2  1  4  3  6  5  8  7 10  9 12 11

Orbits and generators of Aut(M) acting on k-sets, |Aut(K)| = 6:
0  1  2  1  2  1  2  7  8  9 10 11 12 13  7  8  9 10 11 12 13 21 22 23 24 25 26 27 21 22 24 23 25 26 27  7  8 13 11 10 12  9  7  8 11 13 12 10  9 21 22 26 24 25 27 23 21 22 26 24 27 25 23  7  8 11  9 12 13 10  7  8  9 11 13 12 10 21 22 27 25 23 24 26 21 22 25 27 23 24 26
0  1  2  3  4  5  6  7  8  9 10 11 12 13 14 15 16 17 18 19 20 21 22 23 24 25 26 27 28 29 30 31 32 33 34 35 36 37 38 39 40 41 42 43 44 45 46 47 48 49 50 51 52 53 54 55 56 57 58 59 60 61 62 63 64 65 66 67 68 69 70 71 72 73 74 75 76 77 78 79 80 81 82 83 84 85 86 87 88 89 90
0  1  2  3  4  5  6 14 15 16 17 18 19 20  7  8  9 10 11 12 13 28 29 31 30 32 33 34 21 22 24 23 25 26 27 42 43 45 44 47 46 48 35 36 38 37 40 39 41 56 57 58 59 61 60 62 49 50 51 52 54 53 55 70 71 73 72 75 74 76 63 64 66 65 68 67 69 84 85 87 86 88 89 90 77 78 80 79 81 82 83
0  3  6  5  2  1  4 35 36 41 39 38 40 37 42 43 48 47 44 46 45 84 85 88 89 86 90 87 77 78 82 81 80 83 79 70 71 74 73 76 75 72 63 64 65 68 67 69 66 21 22 26 24 25 27 23 28 29 33 30 34 32 31 14 15 18 16 19 20 17  7  8  9 11 13 12 10 56 57 60 61 62 59 58 49 50 53 54 55 52 51


   14: |Aut(M)| =  6,  Cycles:78(14)
 "   0  1   2  3   4  5   6  7   8  9  10 11  12 13 "
 "   0  2   1  4   3  6   5  8   7 10   9 12  11 13 "
 "   0  3   1  5   2  7   4  9   6 11   8 13  10 12 "
 "   0  4   1  7   2 12   3  5   6 10   8 11   9 13 "
 "   0  5   1  6   2  4   3 13   7 11   8 12   9 10 "
 "   0  6   1  9   2 11   3  4   5 13   7 12   8 10 "
 "   0  7   1  8   2  5   3 10   4 12   6 13   9 11 "
 "   0  8   1 12   2 10   3  7   4 13   5 11   6  9 "
 "   0  9   1 13   2  6   3 11   4 10   5 12   7  8 "
 "   0 10   1  2   3  9   4  8   5  6   7 13  11 12 "
 "   0 11   1  3   2  8   4  7   5  9   6 12  10 13 "
 "   0 12   1 11   2 13   3  8   4  6   5 10   7  9 "
 "   0 13   1 10   2  9   3 12   4 11   5  7   6  8 "


Orbits and generators of the Aut(M) acting on elements:
0  1  2  2  4  4  2  2  4  4  4  4  2  2
0  1  2  3  4  5  6  7  8  9 10 11 12 13
0  1  3  2  5  4  7  6  9  8 11 10 13 12

Orbits and generators of Aut(M) acting on matrix rows, |Aut(R)| = 6:
0  1  1  3  3  1  1  3  3  3  3  1  1
0  1  2  3  4  5  6  7  8  9 10 11 12
0  2  1  4  3  6  5  8  7 10  9 12 11

Orbits and generators of Aut(M) acting on k-sets, |Aut(K)| = 6:
0  1  2  1  2  2  1  7  8  9 10 11 12 13  7  8  9 10 11 12 13 21 22 23 24 25 26 27 21 22 24 23 25 27 26  7  8 12 13 11  9 10  7  8 13 12 11  9 10 21 22 27 23 25 26 24 21 22 23 27 26 25 24 21 22 25 26 27 23 24 21 22 25 27 26 23 24  7  8  9 11 12 10 13  7  8 11  9 10 12 13
0  1  2  3  4  5  6  7  8  9 10 11 12 13 14 15 16 17 18 19 20 21 22 23 24 25 26 27 28 29 30 31 32 33 34 35 36 37 38 39 40 41 42 43 44 45 46 47 48 49 50 51 52 53 54 55 56 57 58 59 60 61 62 63 64 65 66 67 68 69 70 71 72 73 74 75 76 77 78 79 80 81 82 83 84 85 86 87 88 89 90
0  1  2  3  4  5  6 14 15 16 17 18 19 20  7  8  9 10 11 12 13 28 29 31 30 32 34 33 21 22 24 23 25 27 26 42 43 45 44 46 47 48 35 36 38 37 39 40 41 56 57 59 58 61 60 62 49 50 52 51 54 53 55 70 71 72 74 73 75 76 63 64 65 67 66 68 69 84 85 87 86 89 88 90 77 78 80 79 82 81 83
0  3  4  6  5  2  1 35 36 40 41 39 37 38 42 43 47 48 46 45 44 56 57 58 62 61 60 59 49 50 55 52 53 51 54 77 78 81 83 80 79 82 84 85 90 89 86 87 88 63 64 67 68 65 66 69 70 71 75 73 74 72 76 28 29 32 34 33 31 30 21 22 25 27 26 23 24  7  8  9 11 12 10 13 14 15 18 16 17 19 20

   15: |Aut(M)| =  156,  Cycles:78(14)
 "   0  1   2  3   4  5   6  7   8  9  10 11  12 13 "
 "   0  2   1  4   3  6   5  8   7 10   9 12  11 13 "
 "   0  3   1  5   2  7   4  9   6 11   8 13  10 12 "
 "   0  4   1  8   2  6   3 10   5 12   7 13   9 11 "
 "   0  5   1  9   2 11   3  7   4 13   6 12   8 10 "
 "   0  6   1 12   2 10   3 13   4  8   5 11   7  9 "
 "   0  7   1 13   2 12   3 11   4 10   5  9   6  8 "
 "   0  8   1 11   2 13   3  9   4 12   5  7   6 10 "
 "   0  9   1 10   2  8   3 12   4  6   5 13   7 11 "
 "   0 10   1  7   2  9   3  5   4 11   6 13   8 12 "
 "   0 11   1  6   2  4   3  8   5 10   7 12   9 13 "
 "   0 12   1  3   2  5   4  7   6  9   8 11  10 13 "
 "   0 13   1  2   3  4   5  6   7  8   9 10  11 12 "


Orbits and generators of the Aut(M) acting on elements:
0  1  1  1  1  1  1  1  1  1  1  1  1  1
0  1  2  3  4  5  6  7  8  9 10 11 12 13
0  1  3  2  5  4  7  6  9  8 11 10 13 12
0  2  1  4  3  6  5  8  7 10  9 12 11 13

Orbits and generators of Aut(M) acting on matrix rows, |Aut(R)| = 156:
0  0  0  0  0  0  0  0  0  0  0  0  0
0  1  2  3  4  5  6  7  8  9 10 11 12
0  2  1  4  3  6  5  8  7 10  9 12 11
1  0  3  2  5  4  7  6  9  8 11 10 12

Orbits and generators of Aut(M) acting on k-sets, |Aut(K)| = 156:
0  1  1  1  1  1  1  0  1  1  1  1  1  1  0  1  1  1  1  1  1  0  1  1  1  1  1  1  0  1  1  1  1  1  1  0  1  1  1  1  1  1  0  1  1  1  1  1  1  0  1  1  1  1  1  1  0  1  1  1  1  1  1  0  1  1  1  1  1  1  0  1  1  1  1  1  1  0  1  1  1  1  1  1  0  1  1  1  1  1  1
0  1  2  3  4  5  6  7  8  9 10 11 12 13 14 15 16 17 18 19 20 21 22 23 24 25 26 27 28 29 30 31 32 33 34 35 36 37 38 39 40 41 42 43 44 45 46 47 48 49 50 51 52 53 54 55 56 57 58 59 60 61 62 63 64 65 66 67 68 69 70 71 72 73 74 75 76 77 78 79 80 81 82 83 84 85 86 87 88 89 90
0  1  2  3  4  5  6 14 15 16 17 18 19 20  7  8  9 10 11 12 13 28 29 31 30 32 33 34 21 22 24 23 25 26 27 42 43 45 44 47 46 48 35 36 38 37 40 39 41 56 57 59 58 61 60 62 49 50 52 51 54 53 55 70 71 73 72 74 75 76 63 64 66 65 67 68 69 84 85 86 87 88 89 90 77 78 79 80 81 82 83
0  2  4  6  5  3  1 21 22 25 27 26 24 23 28 29 32 34 33 30 31 49 50 53 54 52 51 55 56 57 60 61 58 59 62 77 78 80 79 82 81 83 84 85 86 87 88 89 90 70 71 72 74 73 76 75 63 64 67 66 69 65 68 42 43 46 47 48 44 45 35 36 39 40 41 38 37 14 15 17 19 20 18 16  7  8 10 12 13 11  9
7  8  9 10 11 12 13  0  1  2  3  4  5  6 21 23 22 24 25 26 27 14 16 15 17 18 19 20 35 37 36 39 38 40 41 28 30 29 32 31 33 34 49 51 50 53 52 55 54 42 44 43 46 45 48 47 63 65 64 67 66 68 69 56 58 57 60 59 61 62 77 79 78 80 81 82 83 70 72 71 73 74 75 76 84 85 86 87 88 89 90

   16: |Aut(M)| =  12,  Cycles:78(14)
 "   0  1   2  3   4  5   6  7   8  9  10 11  12 13 "
 "   0  2   1  4   3  6   5  8   7 10   9 12  11 13 "
 "   0  3   1  5   2  7   4  9   6 11   8 13  10 12 "
 "   0  4   1  8   2 13   3 11   5 12   6 10   7  9 "
 "   0  5   1  9   2 10   3 12   4 13   6  8   7 11 "
 "   0  6   1 12   2  9   3  7   4  8   5 11  10 13 "
 "   0  7   1 13   2  6   3  8   4 10   5  9  11 12 "
 "   0  8   1  7   2 12   3  5   4 11   6 13   9 10 "
 "   0  9   1  6   2  4   3 13   5 10   7 12   8 11 "
 "   0 10   1  2   3  4   5  6   7 13   8 12   9 11 "
 "   0 11   1  3   2  5   4  7   6 12   8 10   9 13 "
 "   0 12   1 10   2 11   3  9   4  6   5 13   7  8 "
 "   0 13   1 11   2  8   3 10   4 12   5  7   6  9 "


Orbits and generators of the Aut(M) acting on elements:
0  1  2  2  2  2  2  2  2  2  2  2  2  2
0  1  2  3  4  5  6  7  8  9 10 11 12 13
0  1  3  2  5  4  7  6  9  8 11 10 13 12

Orbits and generators of Aut(M) acting on matrix rows, |Aut(R)| = 12:
0  1  1  1  1  1  1  1  1  1  1  1  1
0  1  2  3  4  5  6  7  8  9 10 11 12
0  2  1  4  3  6  5  8  7 10  9 12 11

Orbits and generators of Aut(M) acting on k-sets, |Aut(K)| = 12:
0  1  1  1  1  1  1  7  8  9 10 11 12 13  7  8  9 10 11 12 13  7  8 11 13  9 12 10  7  8 13 11  9 10 12  7  8 11  9 13 12 10  7  8  9 11 12 13 10  7  8 12 13 11 10  9  7  8 13 12 11 10  9  7  8 10 12 13 11  9  7  8 10 12 13  9 11  7  8 10 12 11  9 13  7  8 12 10  9 11 13
0  1  2  3  4  5  6  7  8  9 10 11 12 13 14 15 16 17 18 19 20 21 22 23 24 25 26 27 28 29 30 31 32 33 34 35 36 37 38 39 40 41 42 43 44 45 46 47 48 49 50 51 52 53 54 55 56 57 58 59 60 61 62 63 64 65 66 67 68 69 70 71 72 73 74 75 76 77 78 79 80 81 82 83 84 85 86 87 88 89 90
0  1  2  3  4  5  6 14 15 16 17 18 19 20  7  8  9 10 11 12 13 28 29 31 30 32 34 33 21 22 24 23 25 27 26 42 43 45 44 47 46 48 35 36 38 37 40 39 41 56 57 59 58 60 61 62 49 50 52 51 53 54 55 70 71 72 73 74 76 75 63 64 65 66 67 69 68 84 85 87 86 89 88 90 77 78 80 79 82 81 83
0  2  4  6  3  1  5 21 22 25 27 23 26 24 28 29 32 33 31 34 30 49 50 53 52 55 51 54 56 57 58 60 62 61 59 77 78 81 82 83 80 79 84 85 88 89 86 90 87 42 43 46 47 45 48 44 35 36 39 40 37 41 38  7  8 10 12 13 11  9 14 15 17 19 20 16 18 63 64 65 66 68 69 67 70 71 73 72 75 76 74


   17: |Aut(M)| =  12,  Cycles:78(14)
 "   0  1   2  3   4  5   6  7   8  9  10 11  12 13 "
 "   0  2   1  4   3  6   5  8   7 10   9 12  11 13 "
 "   0  3   1  5   2  7   4  9   6 11   8 13  10 12 "
 "   0  4   1 13   2  8   3 11   5 10   6 12   7  9 "
 "   0  5   1 12   2 10   3  9   4 11   6  8   7 13 "
 "   0  6   1 10   2  4   3  8   5 11   7 12   9 13 "
 "   0  7   1 11   2  9   3  5   4 10   6 13   8 12 "
 "   0  8   1  6   2 11   3  7   4 12   5  9  10 13 "
 "   0  9   1  7   2  6   3 10   4  8   5 13  11 12 "
 "   0 10   1  3   2 12   4 13   5  6   7  8   9 11 "
 "   0 11   1  2   3 13   4  7   5 12   6  9   8 10 "
 "   0 12   1  9   2 13   3  4   5  7   6 10   8 11 "
 "   0 13   1  8   2  5   3 12   4  6   7 11   9 10 "


Orbits and generators of the Aut(M) acting on elements:
0  1  2  2  2  2  2  2  2  2  2  2  2  2
0  1  2  3  4  5  6  7  8  9 10 11 12 13
0  1  3  2  5  4  7  6  9  8 11 10 13 12

Orbits and generators of Aut(M) acting on matrix rows, |Aut(R)| = 12:
0  1  1  1  1  1  1  1  1  1  1  1  1
0  1  2  3  4  5  6  7  8  9 10 11 12
0  2  1  4  3  6  5  8  7 10  9 12 11

Orbits and generators of Aut(M) acting on k-sets, |Aut(K)| = 12:
0  1  1  1  1  1  1  7  8  9 10 11 12 13  7  8  9 10 11 12 13  7  8 13 11  9 10 12  7  8 11 13  9 12 10  7  8 12 13 10  9 11  7  8 13 12 10  9 11  7  8 12 10 11  9 13  7  8 10 12  9 11 13  7  8 10 12 13 11  9  7  8 10 13 12 11  9  7  8  9 11 13 12 10  7  8 11  9 13 12 10
0  1  2  3  4  5  6  7  8  9 10 11 12 13 14 15 16 17 18 19 20 21 22 23 24 25 26 27 28 29 30 31 32 33 34 35 36 37 38 39 40 41 42 43 44 45 46 47 48 49 50 51 52 53 54 55 56 57 58 59 60 61 62 63 64 65 66 67 68 69 70 71 72 73 74 75 76 77 78 79 80 81 82 83 84 85 86 87 88 89 90
0  1  2  3  4  5  6 14 15 16 17 18 19 20  7  8  9 10 11 12 13 28 29 31 30 32 34 33 21 22 24 23 25 27 26 42 43 45 44 46 47 48 35 36 38 37 39 40 41 56 57 59 58 61 60 62 49 50 52 51 54 53 55 70 71 72 74 73 75 76 63 64 65 67 66 68 69 84 85 87 86 88 89 90 77 78 80 79 81 82 83
0  2  6  5  3  1  4 21 22 25 26 24 27 23 28 29 32 34 30 33 31 84 85 88 86 87 90 89 77 78 80 81 79 82 83 63 64 66 67 65 69 68 70 71 73 74 72 76 75 35 36 37 39 41 40 38 42 43 46 45 47 48 44 14 15 17 19 20 18 16  7  8 10 13 12 11  9 56 57 60 61 62 59 58 49 50 53 54 55 51 52


   18: |Aut(M)| =  3,  Cycles:78(14)
 "   0  1   2  3   4  5   6  7   8  9  10 11  12 13 "
 "   0  2   1  4   3  6   5  8   7 10   9 12  11 13 "
 "   0  3   1  5   2  7   4  9   6 12   8 11  10 13 "
 "   0  4   1  3   2  8   5 12   6 11   7 13   9 10 "
 "   0  5   1 13   2 11   3  4   6 10   7  9   8 12 "
 "   0  6   1 10   2  9   3 13   4  8   5 11   7 12 "
 "   0  7   1 11   2  4   3  8   5 13   6  9  10 12 "
 "   0  8   1  7   2 10   3 12   4 13   5  6   9 11 "
 "   0  9   1 12   2 13   3 11   4  7   5 10   6  8 "
 "   0 10   1  9   2 12   3  5   4 11   6 13   7  8 "
 "   0 11   1  8   2  6   3 10   4 12   5  7   9 13 "
 "   0 12   1  6   2  5   3  9   4 10   7 11   8 13 "
 "   0 13   1  2   3  7   4  6   5  9   8 10  11 12 "


Orbits and generators of the Aut(M) acting on elements:
0  1  0  3  3  5  6  0  1  6  3 11  6  1
0  1  2  3  4  5  6  7  8  9 10 11 12 13
2 13  7  4 10  5  9  0  1 12  3 11  6  8

Orbits and generators of Aut(M) acting on matrix rows, |Aut(R)| = 3:
0  1  1  3  4  5  1  3  0  0  4  4  3
0  1  2  3  4  5  6  7  8  9 10 11 12
8  2  6  7 11  5  1 12  9  0  4 10  3

Orbits and generators of Aut(M) acting on k-sets, |Aut(K)| = 3:
0  1  2  3  4  5  6  7  8  9 10 11 12 13 11 10  7  9 12 13  8 21 22 23 24 25 26 27 28 29 30 31 32 33 34 35 36 35 36 36 40 35  7 13 11  8 10 12  9 26 23 21 27 22 24 25  3  4  0  5  1  2  6  1  6  3  2  5  4  0 30 29 33 31 32 28 34 33 34 28 32 31 30 29 23 26 21 27 24 22 25
0  1  2  3  4  5  6  7  8  9 10 11 12 13 14 15 16 17 18 19 20 21 22 23 24 25 26 27 28 29 30 31 32 33 34 35 36 37 38 39 40 41 42 43 44 45 46 47 48 49 50 51 52 53 54 55 56 57 58 59 60 61 62 63 64 65 66 67 68 69 70 71 72 73 74 75 76 77 78 79 80 81 82 83 84 85 86 87 88 89 90
58 60 61 56 57 59 62 16 20 17 15 14 18 19 44 46 42 48 47 43 45 51 53 50 54 55 49 52 79 83 82 81 80 77 78 37 38 41 39 36 40 35  7 13 11  8 10 12  9 85 84 86 87 89 88 90 65 68 69 67 63 66 64  1  6  3  2  5  4  0 30 29 33 31 32 28 34 72 76 75 74 73 70 71 23 26 21 27 24 22 25


   19: |Aut(M)| =  1,  Cycles:78(14)
 "   0  1   2  3   4  5   6  7   8  9  10 11  12 13 "
 "   0  2   1  4   3  6   5  8   7 10   9 12  11 13 "
 "   0  3   1  5   2  7   4  9   6 12   8 11  10 13 "
 "   0  4   1  7   2 11   3 12   5  9   6 10   8 13 "
 "   0  5   1 12   2 13   3 10   4  6   7  8   9 11 "
 "   0  6   1 11   2  9   3  4   5 12   7 13   8 10 "
 "   0  7   1 10   2  5   3 11   4 13   6  9   8 12 "
 "   0  8   1  2   3 13   4 10   5  6   7  9  11 12 "
 "   0  9   1 13   2  8   3  5   4  7   6 11  10 12 "
 "   0 10   1  6   2  4   3  8   5 11   7 12   9 13 "
 "   0 11   1  3   2 12   4  8   5  7   6 13   9 10 "
 "   0 12   1  9   2 10   3  7   4 11   5 13   6  8 "
 "   0 13   1  8   2  6   3  9   4 12   5 10   7 11 "



   20: |Aut(M)| =  3,  Cycles:78(14)
 "   0  1   2  3   4  5   6  7   8  9  10 11  12 13 "
 "   0  2   1  4   3  6   5  8   7 10   9 12  11 13 "
 "   0  3   1  5   2  7   4 10   6  9   8 13  11 12 "
 "   0  4   1  3   2 12   5 11   6 13   7  9   8 10 "
 "   0  5   1 12   2 11   3  8   4  7   6 10   9 13 "
 "   0  6   1  9   2 13   3 10   4 11   5  7   8 12 "
 "   0  7   1 11   2  4   3  9   5 13   6  8  10 12 "
 "   0  8   1  6   2  9   3 11   4 12   5 10   7 13 "
 "   0  9   1 13   2 10   3 12   4  8   5  6   7 11 "
 "   0 10   1  2   3  7   4 13   5  9   6 12   8 11 "
 "   0 11   1  8   2  6   3  5   4  9   7 12  10 13 "
 "   0 12   1 10   2  5   3 13   4  6   7  8   9 11 "
 "   0 13   1  7   2  8   3  4   5 12   6 11   9 10 "


Orbits and generators of the Aut(M) acting on elements:
0  1  2  3  0  3  1  3  0  9  9 11  9  1
0  1  2  3  4  5  6  7  8  9 10 11 12 13
4  6  2  5  8  7 13  3  0 12  9 11 10  1

Orbits and generators of Aut(M) acting on matrix rows, |Aut(R)| = 3:
0  1  0  3  4  5  1  3  3  5  5  0  1
0  1  2  3  4  5  6  7  8  9 10 11 12
2 12 11  7  4 10  1  8  3  5  9  0  6

Orbits and generators of Aut(M) acting on k-sets, |Aut(K)| = 3:
0  1  2  3  4  5  6  7  8  9 10 11 12 13  2  3  1  4  6  0  5 21 22 23 24 25 26 27 28 29 30 28 28 29 29 35 36 37 38 39 40 41 10 13  7 11  9  8 12 21 25 23 24 27 26 22 27 25 23 26 21 22 24 41 37 40 35 38 36 39 39 35 37 40 41 38 36  4  6  1  3  0  2  5  8  9  7 10 11 13 12
0  1  2  3  4  5  6  7  8  9 10 11 12 13 14 15 16 17 18 19 20 21 22 23 24 25 26 27 28 29 30 31 32 33 34 35 36 37 38 39 40 41 42 43 44 45 46 47 48 49 50 51 52 53 54 55 56 57 58 59 60 61 62 63 64 65 66 67 68 69 70 71 72 73 74 75 76 77 78 79 80 81 82 83 84 85 86 87 88 89 90
19 16 14 15 17 20 18 86 84 85 87 88 90 89 82 80 79 77 78 81 83 49 55 51 52 50 54 53 31 34 30 32 28 29 33 71 76 72 75 70 73 74 10 13  7 11  9  8 12 60 57 58 62 56 59 61 27 25 23 26 21 22 24 41 37 40 35 38 36 39 69 66 64 65 63 67 68  4  6  1  3  0  2  5 47 46 44 42 45 43 48


   21: |Aut(M)| =  1,  Cycles:78(14)
 "   0  1   2  3   4  5   6  7   8  9  10 11  12 13 "
 "   0  2   1  4   3  6   5  8   7 10   9 12  11 13 "
 "   0  3   1  5   2  7   4 10   6  9   8 13  11 12 "
 "   0  4   1  8   2  9   3 13   5  6   7 11  10 12 "
 "   0  5   1 10   2 11   3  9   4 12   6 13   7  8 "
 "   0  6   1  3   2 12   4 13   5 10   7  9   8 11 "
 "   0  7   1 11   2  8   3  4   5 13   6 12   9 10 "
 "   0  8   1 12   2 13   3 11   4  7   5  9   6 10 "
 "   0  9   1  2   3  7   4  6   5 11   8 12  10 13 "
 "   0 10   1  9   2  5   3 12   4  8   6 11   7 13 "
 "   0 11   1 13   2  6   3  5   4  9   7 12   8 10 "
 "   0 12   1  6   2 10   3  8   4 11   5  7   9 13 "
 "   0 13   1  7   2  4   3 10   5 12   6  8   9 11 "



   22: |Aut(M)| =  3,  Cycles:78(14)
 "   0  1   2  3   4  5   6  7   8  9  10 11  12 13 "
 "   0  2   1  4   3  6   5  8   7 10   9 12  11 13 "
 "   0  3   1  5   2  7   4 10   6  9   8 13  11 12 "
 "   0  4   1 12   2 13   3  9   5 10   6  8   7 11 "
 "   0  5   1  6   2  9   3 12   4 11   7 13   8 10 "
 "   0  6   1 10   2 12   3 11   4 13   5  9   7  8 "
 "   0  7   1 11   2  4   3 13   5  6   8 12   9 10 "
 "   0  8   1  3   2  6   4  7   5 11   9 13  10 12 "
 "   0  9   1  2   3  5   4  6   7 12   8 11  10 13 "
 "   0 10   1  9   2 11   3  7   4  8   5 13   6 12 "
 "   0 11   1 13   2  5   3  8   4 12   6 10   7  9 "
 "   0 12   1  8   2 10   3  4   5  7   6 13   9 11 "
 "   0 13   1  7   2  8   3 10   4  9   5 12   6 11 "


Orbits and generators of the Aut(M) acting on elements:
0  1  2  0  1  5  0  5  8  2  1  2 12  5
0  1  2  3  4  5  6  7  8  9 10 11 12 13
3 10 11  6  1  7  0 13  8  2  4  9 12  5

Orbits and generators of Aut(M) acting on matrix rows, |Aut(R)| = 3:
0  1  1  3  4  1  6  3  0  4  3  4  0
0  1  2  3  4  5  6  7  8  9 10 11 12
8  2  5 10 11  1  6  3 12  4  7  9  0

Orbits and generators of Aut(M) acting on k-sets, |Aut(K)| = 3:
0  1  2  3  4  5  6  7  8  9 10 11 12 13  9 11 13  8  7 10 12 21 22 23 24 25 26 27 28 29 30 31 32 33 34  9  8 12  7 11 13 10 42 43 43 42 42 47 43 26 21 24 25 23 27 22  1  5  3  0  6  4  2 29 32 30 28 34 33 31 24 25 27 26 22 21 23 31 34 32 29 33 28 30  3  2  4  0  5  6  1
0  1  2  3  4  5  6  7  8  9 10 11 12 13 14 15 16 17 18 19 20 21 22 23 24 25 26 27 28 29 30 31 32 33 34 35 36 37 38 39 40 41 42 43 44 45 46 47 48 49 50 51 52 53 54 55 56 57 58 59 60 61 62 63 64 65 66 67 68 69 70 71 72 73 74 75 76 77 78 79 80 81 82 83 84 85 86 87 88 89 90
59 56 62 58 61 57 60 18 17 14 19 15 20 16 35 39 40 36 38 41 37 75 74 76 70 71 73 72 82 80 83 77 79 81 78  9  8 12  7 11 13 10 46 44 48 42 45 47 43 26 21 24 25 23 27 22 90 88 84 87 89 86 85 29 32 30 28 34 33 31 51 52 54 49 55 50 53 69 67 64 63 68 66 65  3  2  4  0  5  6  1


   23: |Aut(M)| =  3,  Cycles:78(14)
 "   0  1   2  3   4  5   6  7   8  9  10 11  12 13 "
 "   0  2   1  4   3  6   5  8   7 10   9 12  11 13 "
 "   0  3   1  5   2  7   4 10   6 12   8 11   9 13 "
 "   0  4   1  6   2  5   3  9   7 11   8 13  10 12 "
 "   0  5   1 11   2 10   3 13   4  8   6  9   7 12 "
 "   0  6   1  8   2 13   3  4   5  7   9 10  11 12 "
 "   0  7   1 13   2  9   3 10   4  6   5 11   8 12 "
 "   0  8   1  7   2 11   3 12   4  9   5 10   6 13 "
 "   0  9   1 10   2  8   3  5   4 12   6 11   7 13 "
 "   0 10   1 12   2  6   3  8   4  7   5 13   9 11 "
 "   0 11   1  3   2 12   4 13   5  6   7  9   8 10 "
 "   0 12   1  2   3  7   4 11   5  9   6  8  10 13 "
 "   0 13   1  9   2  4   3 11   5 12   6 10   7  8 "


Orbits and generators of the Aut(M) acting on elements:
0  1  2  2  2  5  6  0  1  1  0  5 12  5
0  1  2  3  4  5  6  7  8  9 10 11 12 13
7  8  4  2  3 11  6 10  9  1  0 13 12  5

Orbits and generators of Aut(M) acting on matrix rows, |Aut(R)| = 3:
0  1  2  3  3  0  1  7  7  1  7  3  0
0  1  2  3  4  5  6  7  8  9 10 11 12
5  6  2  4 11 12  9  8 10  1  7  3  0

Orbits and generators of Aut(M) acting on k-sets, |Aut(K)| = 3:
0  1  2  3  4  5  6  7  8  9 10 11 12 13 14 15 14 14 18 15 15 21 22 23 24 25 26 27 25 26 21 23 24 22 27  3  4  2  1  5  0  6 11 10  8  7  9 13 12 49 50 51 52 53 54 55 50 49 53 51 52 55 54 11 12  9  8  7 13 10 54 53 52 51 55 49 50 27 24 21 23 26 22 25  5  4  1  2  6  3  0
0  1  2  3  4  5  6  7  8  9 10 11 12 13 14 15 16 17 18 19 20 21 22 23 24 25 26 27 28 29 30 31 32 33 34 35 36 37 38 39 40 41 42 43 44 45 46 47 48 49 50 51 52 53 54 55 56 57 58 59 60 61 62 63 64 65 66 67 68 69 70 71 72 73 74 75 76 77 78 79 80 81 82 83 84 85 86 87 88 89 90
40 38 37 35 36 39 41 45 44 46 43 42 48 47 17 20 14 16 18 15 19 30 33 31 32 28 29 34 83 81 79 80 78 82 77 89 85 87 86 84 90 88 63 69 66 67 65 68 64 57 56 59 60 58 62 61 76 75 71 73 72 74 70 11 12  9  8  7 13 10 54 53 52 51 55 49 50 27 24 21 23 26 22 25  5  4  1  2  6  3  0
