    1: |Aut(M)| = 84,  Cycles:78(14) 
 "    0   1    2   3    4   5    6   7    8   9   10  11   12  13 "
 "    0   2    1   4    3   6    5   8    7  10    9  12   11  13 "
 "    0   3    1   5    2   7    4   9    6  11    8  13   10  12 "
 "    0   4    1   3    2   8    5   7    6  12    9  11   10  13 "
 "    0   5    1   2    3   9    4   6    7  13    8  10   11  12 "
 "    0   6    1   8    2   4    3  10    5  12    7  11    9  13 "
 "    0   7    1   9    2  11    3   5    4  13    6  10    8  12 "
 "    0   8    1   7    2  12    3   4    5  11    6  13    9  10 "
 "    0   9    1   6    2   5    3  13    4  10    7  12    8  11 "
 "    0  10    1  12    2   6    3  11    4   8    5  13    7   9 "
 "    0  11    1  13    2  10    3   7    4  12    5   9    6   8 "
 "    0  12    1  11    2  13    3   8    4   7    5  10    6   9 "
 "    0  13    1  10    2   9    3  12    4  11    5   6    7   8 "
    2: |Aut(M)| = 4,  Cycles:78(14) 
 "    0   1    2   3    4   5    6   7    8   9   10  11   12  13 "
 "    0   2    1   4    3   6    5   8    7  10    9  12   11  13 "
 "    0   3    1   5    2   7    4   9    6  11    8  13   10  12 "
 "    0   4    1   3    2   8    5   7    6  12    9  11   10  13 "
 "    0   5    1   2    3   9    4   6    7  13    8  10   11  12 "
 "    0   6    1   8    2  12    3   5    4  10    7  11    9  13 "
 "    0   7    1   9    2   4    3  13    5  11    6  10    8  12 "
 "    0   8    1   7    2  11    3   4    5  12    6  13    9  10 "
 "    0   9    1   6    2   5    3  10    4  13    7  12    8  11 "
 "    0  10    1  12    2  13    3   7    4  11    5   9    6   8 "
 "    0  11    1  13    2   6    3  12    4   8    5  10    7   9 "
 "    0  12    1  11    2  10    3   8    4   7    5  13    6   9 "
 "    0  13    1  10    2   9    3  11    4  12    5   6    7   8 "
    3: |Aut(M)| = 12,  Cycles:78(14) 
 "    0   1    2   3    4   5    6   7    8   9   10  11   12  13 "
 "    0   2    1   4    3   6    5   8    7  10    9  12   11  13 "
 "    0   3    1   5    2   7    4   9    6  11    8  13   10  12 "
 "    0   4    1   3    2   8    5   7    6  12    9  11   10  13 "
 "    0   5    1   2    3   9    4   6    7  13    8  10   11  12 "
 "    0   6    1   9    2   5    3  10    4  13    7  12    8  11 "
 "    0   7    1   8    2  11    3   4    5  12    6  13    9  10 "
 "    0   8    1   6    2  12    3   5    4  10    7  11    9  13 "
 "    0   9    1   7    2   4    3  13    5  11    6  10    8  12 "
 "    0  10    1  12    2  13    3   7    4  11    5   9    6   8 "
 "    0  11    1  13    2   6    3  12    4   8    5  10    7   9 "
 "    0  12    1  11    2  10    3   8    4   7    5  13    6   9 "
 "    0  13    1  10    2   9    3  11    4  12    5   6    7   8 "
    4: |Aut(M)| = 6,  Cycles:78(14) 
 "    0   1    2   3    4   5    6   7    8   9   10  11   12  13 "
 "    0   2    1   4    3   6    5   8    7  10    9  12   11  13 "
 "    0   3    1   5    2   7    4   9    6  11    8  13   10  12 "
 "    0   4    1   3    2   8    5   7    6  12    9  11   10  13 "
 "    0   5    1   2    3   9    4   6    7  13    8  10   11  12 "
 "    0   6    1  11    2  10    3   4    5  12    7   8    9  13 "
 "    0   7    1  10    2   5    3  11    4  13    6   9    8  12 "
 "    0   8    1  12    2   9    3   5    4  10    6  13    7  11 "
 "    0   9    1  13    2   4    3   8    5  11    6  10    7  12 "
 "    0  10    1   6    2  13    3   7    4  12    5   9    8  11 "
 "    0  11    1   7    2   6    3  12    4   8    5  13    9  10 "
 "    0  12    1   9    2  11    3  13    4   7    5  10    6   8 "
 "    0  13    1   8    2  12    3  10    4  11    5   6    7   9 "
    5: |Aut(M)| = 6,  Cycles:78(14) 
 "    0   1    2   3    4   5    6   7    8   9   10  11   12  13 "
 "    0   2    1   4    3   6    5   8    7  10    9  12   11  13 "
 "    0   3    1   5    2   7    4   9    6  11    8  13   10  12 "
 "    0   4    1   3    2   8    5   7    6  13    9  10   11  12 "
 "    0   5    1   2    3   9    4   6    7  12    8  11   10  13 "
 "    0   6    1  10    2  11    3   5    4  12    7   8    9  13 "
 "    0   7    1  11    2   4    3  10    5  13    6   9    8  12 "
 "    0   8    1  13    2   9    3   4    5  10    6  12    7  11 "
 "    0   9    1  12    2   5    3   8    4  11    6  10    7  13 "
 "    0  10    1   7    2   6    3  13    4   8    5  12    9  11 "
 "    0  11    1   6    2  12    3   7    4  13    5   9    8  10 "
 "    0  12    1   8    2  13    3  11    4  10    5   6    7   9 "
 "    0  13    1   9    2  10    3  12    4   7    5  11    6   8 "
    6: |Aut(M)| = 6,  Cycles:78(14) 
 "    0   1    2   3    4   5    6   7    8   9   10  11   12  13 "
 "    0   2    1   4    3   6    5   8    7  10    9  12   11  13 "
 "    0   3    1   5    2   7    4   9    6  11    8  13   10  12 "
 "    0   4    1   3    2   8    5   7    6  13    9  10   11  12 "
 "    0   5    1   2    3   9    4   6    7  12    8  11   10  13 "
 "    0   6    1  11    2   9    3  13    4  10    5  12    7   8 "
 "    0   7    1  10    2  12    3   8    4  13    5  11    6   9 "
 "    0   8    1  12    2   6    3  10    4  11    5   9    7  13 "
 "    0   9    1  13    2  11    3   7    4   8    5  10    6  12 "
 "    0  10    1   6    2  13    3   5    4   7    8  12    9  11 "
 "    0  11    1   7    2   4    3  12    5   6    8  10    9  13 "
 "    0  12    1   9    2  10    3   4    5  13    6   8    7  11 "
 "    0  13    1   8    2   5    3  11    4  12    6  10    7   9 "
    7: |Aut(M)| = 2,  Cycles:78(14) 
 "    0   1    2   3    4   5    6   7    8   9   10  11   12  13 "
 "    0   2    1   4    3   6    5   8    7  10    9  12   11  13 "
 "    0   3    1   5    2   7    4   9    6  11    8  13   10  12 "
 "    0   4    1   3    2   8    5  10    6  12    7  11    9  13 "
 "    0   5    1  13    2   4    3   7    6   8    9  10   11  12 "
 "    0   6    1   9    2  11    3   4    5  12    7  13    8  10 "
 "    0   7    1  10    2   5    3  11    4  13    6   9    8  12 "
 "    0   8    1  12    2   9    3  10    4  11    5   7    6  13 "
 "    0   9    1   2    3   5    4   6    7  12    8  11   10  13 "
 "    0  10    1   8    2   6    3  13    4  12    5  11    7   9 "
 "    0  11    1   6    2  12    3   9    4  10    5  13    7   8 "
 "    0  12    1  11    2  13    3   8    4   7    5   9    6  10 "
 "    0  13    1   7    2  10    3  12    4   8    5   6    9  11 "
    8: |Aut(M)| = 2,  Cycles:78(14) 
 "    0   1    2   3    4   5    6   7    8   9   10  11   12  13 "
 "    0   2    1   4    3   6    5   8    7  10    9  12   11  13 "
 "    0   3    1   5    2   7    4   9    6  11    8  13   10  12 "
 "    0   4    1   3    2   8    5  13    6  12    7  11    9  10 "
 "    0   5    1   2    3   9    4  12    6  10    7  13    8  11 "
 "    0   6    1  11    2   5    3  12    4  10    7   8    9  13 "
 "    0   7    1  10    2  13    3   4    5  11    6   9    8  12 "
 "    0   8    1   7    2   6    3  10    4  13    5   9   11  12 "
 "    0   9    1   6    2  11    3   7    4   8    5  12   10  13 "
 "    0  10    1  12    2   9    3  13    4  11    5   7    6   8 "
 "    0  11    1  13    2  12    3   8    4   6    5  10    7   9 "
 "    0  12    1   8    2  10    3   5    4   7    6  13    9  11 "
 "    0  13    1   9    2   4    3  11    5   6    7  12    8  10 "
    9: |Aut(M)| = 3,  Cycles:78(14) 
 "    0   1    2   3    4   5    6   7    8   9   10  11   12  13 "
 "    0   2    1   4    3   6    5   8    7  10    9  12   11  13 "
 "    0   3    1   5    2   7    4   9    6  11    8  13   10  12 "
 "    0   4    1   3    2   9    5  11    6   8    7  12   10  13 "
 "    0   5    1   2    3  11    4  12    6   9    7  13    8  10 "
 "    0   6    1  10    2  13    3   5    4  11    7   9    8  12 "
 "    0   7    1   8    2  11    3  13    4   6    5  12    9  10 "
 "    0   8    1  11    2  12    3   9    4   7    5  13    6  10 "
 "    0   9    1  13    2   5    3   7    4  10    6  12    8  11 "
 "    0  10    1  12    2   8    3   4    5   6    7  11    9  13 "
 "    0  11    1   9    2  10    3  12    4   8    5   7    6  13 "
 "    0  12    1   7    2   6    3   8    4  13    5  10    9  11 "
 "    0  13    1   6    2   4    3  10    5   9    7   8   11  12 "
   10: |Aut(M)| = 2,  Cycles:78(14) 
 "    0   1    2   3    4   5    6   7    8   9   10  11   12  13 "
 "    0   2    1   4    3   6    5   8    7  10    9  12   11  13 "
 "    0   3    1   5    2   7    4   9    6  11    8  13   10  12 "
 "    0   4    1   3    2  10    5  12    6   8    7  11    9  13 "
 "    0   5    1   2    3  11    4  13    6  10    7   9    8  12 "
 "    0   6    1   8    2   5    3  12    4   7    9  11   10  13 "
 "    0   7    1   9    2  13    3   4    5   6    8  10   11  12 "
 "    0   8    1  10    2   9    3   7    4  11    5  13    6  12 "
 "    0   9    1  11    2   6    3   8    4  12    5  10    7  13 "
 "    0  10    1  13    2  11    3   5    4   8    6   9    7  12 "
 "    0  11    1  12    2   4    3  10    5   9    6  13    7   8 "
 "    0  12    1   7    2   8    3  13    4   6    5  11    9  10 "
 "    0  13    1   6    2  12    3   9    4  10    5   7    8  11 "
   11: |Aut(M)| = 12,  Cycles:78(14) 
 "    0   1    2   3    4   5    6   7    8   9   10  11   12  13 "
 "    0   2    1   4    3   6    5   8    7  10    9  12   11  13 "
 "    0   3    1   5    2   7    4   9    6  11    8  13   10  12 "
 "    0   4    1   3    2  10    5  12    6   8    7  11    9  13 "
 "    0   5    1   2    3  11    4  13    6  10    7   9    8  12 "
 "    0   6    1   8    2  13    3   7    4  10    5   9   11  12 "
 "    0   7    1   9    2   6    3  12    4   8    5  11   10  13 "
 "    0   8    1   7    2  12    3   5    4  11    6  13    9  10 "
 "    0   9    1   6    2   4    3  13    5  10    7  12    8  11 "
 "    0  10    1  13    2   5    3   8    4   7    6  12    9  11 "
 "    0  11    1  12    2   9    3   4    5   6    7  13    8  10 "
 "    0  12    1  10    2  11    3   9    4   6    5  13    7   8 "
 "    0  13    1  11    2   8    3  10    4  12    5   7    6   9 "
   12: |Aut(M)| = 12,  Cycles:78(14) 
 "    0   1    2   3    4   5    6   7    8   9   10  11   12  13 "
 "    0   2    1   4    3   6    5   8    7  10    9  12   11  13 "
 "    0   3    1   5    2   7    4   9    6  11    8  13   10  12 "
 "    0   4    1   3    2  12    5  11    6  10    7   8    9  13 "
 "    0   5    1   2    3  13    4  10    6   9    7  11    8  12 "
 "    0   6    1   9    2  10    3   4    5  12    7  13    8  11 "
 "    0   7    1   8    2   5    3  11    4  13    6  12    9  10 "
 "    0   8    1   6    2  11    3   7    4  12    5   9   10  13 "
 "    0   9    1   7    2   6    3  10    4   8    5  13   11  12 "
 "    0  10    1  12    2   4    3   8    5   7    6  13    9  11 "
 "    0  11    1  13    2   9    3   5    4   6    7  12    8  10 "
 "    0  12    1  11    2  13    3   9    4   7    5  10    6   8 "
 "    0  13    1  10    2   8    3  12    4  11    5   6    7   9 "
   13: |Aut(M)| = 6,  Cycles:78(14) 
 "    0   1    2   3    4   5    6   7    8   9   10  11   12  13 "
 "    0   2    1   4    3   6    5   8    7  10    9  12   11  13 "
 "    0   3    1   5    2   7    4   9    6  11    8  13   10  12 "
 "    0   4    1   7    2   9    3  12    5  11    6  13    8  10 "
 "    0   5    1   6    2  13    3   8    4  10    7  12    9  11 "
 "    0   6    1  13    2   8    3  10    4  12    5   9    7  11 "
 "    0   7    1  12    2  11    3   9    4   8    5  13    6  10 "
 "    0   8    1   3    2   4    5  10    6   9    7  13   11  12 "
 "    0   9    1   2    3   5    4  11    6  12    7   8   10  13 "
 "    0  10    1   9    2   6    3  11    4  13    5   7    8  12 "
 "    0  11    1   8    2  10    3   7    4   6    5  12    9  13 "
 "    0  12    1  11    2   5    3  13    4   7    6   8    9  10 "
 "    0  13    1  10    2  12    3   4    5   6    7   9    8  11 "
   14: |Aut(M)| = 6,  Cycles:78(14) 
 "    0   1    2   3    4   5    6   7    8   9   10  11   12  13 "
 "    0   2    1   4    3   6    5   8    7  10    9  12   11  13 "
 "    0   3    1   5    2   7    4   9    6  11    8  13   10  12 "
 "    0   4    1   7    2  12    3   5    6  10    8  11    9  13 "
 "    0   5    1   6    2   4    3  13    7  11    8  12    9  10 "
 "    0   6    1   9    2  11    3   4    5  13    7  12    8  10 "
 "    0   7    1   8    2   5    3  10    4  12    6  13    9  11 "
 "    0   8    1  12    2  10    3   7    4  13    5  11    6   9 "
 "    0   9    1  13    2   6    3  11    4  10    5  12    7   8 "
 "    0  10    1   2    3   9    4   8    5   6    7  13   11  12 "
 "    0  11    1   3    2   8    4   7    5   9    6  12   10  13 "
 "    0  12    1  11    2  13    3   8    4   6    5  10    7   9 "
 "    0  13    1  10    2   9    3  12    4  11    5   7    6   8 "
   15: |Aut(M)| = 156,  Cycles:78(14) 
 "    0   1    2   3    4   5    6   7    8   9   10  11   12  13 "
 "    0   2    1   4    3   6    5   8    7  10    9  12   11  13 "
 "    0   3    1   5    2   7    4   9    6  11    8  13   10  12 "
 "    0   4    1   8    2   6    3  10    5  12    7  13    9  11 "
 "    0   5    1   9    2  11    3   7    4  13    6  12    8  10 "
 "    0   6    1  12    2  10    3  13    4   8    5  11    7   9 "
 "    0   7    1  13    2  12    3  11    4  10    5   9    6   8 "
 "    0   8    1  11    2  13    3   9    4  12    5   7    6  10 "
 "    0   9    1  10    2   8    3  12    4   6    5  13    7  11 "
 "    0  10    1   7    2   9    3   5    4  11    6  13    8  12 "
 "    0  11    1   6    2   4    3   8    5  10    7  12    9  13 "
 "    0  12    1   3    2   5    4   7    6   9    8  11   10  13 "
 "    0  13    1   2    3   4    5   6    7   8    9  10   11  12 "
   16: |Aut(M)| = 12,  Cycles:78(14) 
 "    0   1    2   3    4   5    6   7    8   9   10  11   12  13 "
 "    0   2    1   4    3   6    5   8    7  10    9  12   11  13 "
 "    0   3    1   5    2   7    4   9    6  11    8  13   10  12 "
 "    0   4    1   8    2  13    3  11    5  12    6  10    7   9 "
 "    0   5    1   9    2  10    3  12    4  13    6   8    7  11 "
 "    0   6    1  12    2   9    3   7    4   8    5  11   10  13 "
 "    0   7    1  13    2   6    3   8    4  10    5   9   11  12 "
 "    0   8    1   7    2  12    3   5    4  11    6  13    9  10 "
 "    0   9    1   6    2   4    3  13    5  10    7  12    8  11 "
 "    0  10    1   2    3   4    5   6    7  13    8  12    9  11 "
 "    0  11    1   3    2   5    4   7    6  12    8  10    9  13 "
 "    0  12    1  10    2  11    3   9    4   6    5  13    7   8 "
 "    0  13    1  11    2   8    3  10    4  12    5   7    6   9 "
   17: |Aut(M)| = 12,  Cycles:78(14) 
 "    0   1    2   3    4   5    6   7    8   9   10  11   12  13 "
 "    0   2    1   4    3   6    5   8    7  10    9  12   11  13 "
 "    0   3    1   5    2   7    4   9    6  11    8  13   10  12 "
 "    0   4    1  13    2   8    3  11    5  10    6  12    7   9 "
 "    0   5    1  12    2  10    3   9    4  11    6   8    7  13 "
 "    0   6    1  10    2   4    3   8    5  11    7  12    9  13 "
 "    0   7    1  11    2   9    3   5    4  10    6  13    8  12 "
 "    0   8    1   6    2  11    3   7    4  12    5   9   10  13 "
 "    0   9    1   7    2   6    3  10    4   8    5  13   11  12 "
 "    0  10    1   3    2  12    4  13    5   6    7   8    9  11 "
 "    0  11    1   2    3  13    4   7    5  12    6   9    8  10 "
 "    0  12    1   9    2  13    3   4    5   7    6  10    8  11 "
 "    0  13    1   8    2   5    3  12    4   6    7  11    9  10 "
