CBIBD(  7,  3, { 2, 1})
 
<<<< Constructed Matrices: >>>> 
Matrix #   1    |Aut(M)| =      3:
222222222222221111111
111111000000001110000
110000111100001001100
101000100011101000011
010100010011010101010
001010011000110010110
000101001110100011001
000011100101010100101

Orbits and generating permutations:
 0 1 1 1 4 4 6 4
 0 1 2 3 4 5 6 7
 0 2 3 1 7 4 6 5

Matrix #   2    |Aut(M)| =     21:
222222222222221111111
111111000000001110000
110000111100001001100
101000100011101000011
010100010011010101010
001010011000110011001
000101001110100100101
000011100101010010110

Orbits and generating permutations:
 0 1 1 1 1 1 1 1
 0 1 2 3 4 5 6 7
 0 1 5 7 3 6 2 4
 0 2 3 1 7 4 6 5

Matrix #   3    |Aut(M)| =      3:
222222222222221111111
111111000000001110000
110000111100001001100
101000100011101000011
010100010011010101010
001010011000110100101
000101001110100011001
000011100101010010110

Orbits and generating permutations:
 0 1 2 3 2 2 1 1
 0 1 2 3 4 5 6 7
 0 6 5 3 2 4 7 1

Matrix #   4    |Aut(M)| =      6:
222222222222221111111
111111000000001110000
110000111100001001100
110000000011110101010
001100110011001000011
001010101000110010110
000101001110100011001
000011010101010100101

Orbits and generating permutations:
 0 1 1 1 4 5 4 4
 0 1 2 3 4 5 6 7
 0 1 3 2 7 5 6 4
 0 2 1 3 4 5 7 6

Matrix #   5    |Aut(M)| =      3:
222222222222221111111
111111000000001110000
110000111100001001100
110000000011110101010
001100110011001000011
001010101000110100101
000101001110100010110
000011010101010011001

Orbits and generating permutations:
 0 1 1 1 4 4 6 4
 0 1 2 3 4 5 6 7
 0 2 3 1 7 4 6 5

Matrix #   6    |Aut(M)| =      2:
222222222222221111111
111111000000001110000
110000111100001001100
110000000011110101010
001100110011001000011
001010101000110100101
000101001110100011001
000011010101010010110

Orbits and generating permutations:
 0 1 2 1 4 5 4 7
 0 1 2 3 4 5 6 7
 0 3 2 1 6 5 4 7

Matrix #   7    |Aut(M)| =      3:
222222222222221111111
111111000000001110000
110000111100001001100
110000000011110101010
001100110011001000011
001100001100110011001
000011101010100100101
000011010101010010110

Orbits and generating permutations:
 0 1 2 3 3 2 2 3
 0 1 2 3 4 5 6 7
 0 1 5 4 7 6 2 3

Matrix #   8    |Aut(M)| =     21:
222222222222221111111
111111000000001110000
110000111100001001100
110000000011110101010
001100110011001000011
001100001100110011001
000011110000110010110
000011001111000100101

Orbits and generating permutations:
 0 1 1 1 1 1 1 1
 0 1 2 3 4 5 6 7
 0 1 5 4 6 7 3 2
 0 2 3 1 5 7 6 4

Matrix #   9    |Aut(M)| =     24:
222222222222221111111
111111000000001110000
110000111100001001100
110000000011111000011
001100110011000101010
001010101000110010110
000101001110100011001
000011010101010100101

Orbits and generating permutations:
 0 1 1 1 4 4 4 4
 0 1 2 3 4 5 6 7
 0 1 2 3 5 4 7 6
 0 1 2 3 6 7 4 5
 0 1 3 2 4 6 5 7
 0 2 1 3 4 5 7 6

Matrix #  10    |Aut(M)| =     12:
222222222222221111111
111111000000001110000
110000111100001001100
110000000011111000011
001100110011000101010
001010101000110100101
000101001110100010110
000011010101010011001

Orbits and generating permutations:
 0 1 1 1 4 4 4 4
 0 1 2 3 4 5 6 7
 0 1 2 3 5 4 7 6
 0 1 2 3 6 7 4 5
 0 2 3 1 4 7 5 6

Matrix #  11    |Aut(M)| =      8:
222222222222221111111
111111000000001110000
110000111100001001100
110000000011111000011
001100110011000101010
001010101000110100101
000101001110100011001
000011010101010010110

Orbits and generating permutations:
 0 1 2 1 4 4 4 4
 0 1 2 3 4 5 6 7
 0 1 2 3 5 4 7 6
 0 1 2 3 6 7 4 5
 0 3 2 1 4 7 6 5

Matrix #  12    |Aut(M)| =      4:
222222222222221111111
111111000000001110000
110000111100001001100
110000000011111000011
001100110011000101010
001100001100110011001
000011101010100100101
000011010101010010110

Orbits and generating permutations:
 0 1 2 3 4 4 4 4
 0 1 2 3 4 5 6 7
 0 1 2 3 5 4 7 6
 0 1 2 3 6 7 4 5

Matrix #  13    |Aut(M)| =     12:
222222222222221111111
111111000000001110000
110000111100001001100
110000000011111000011
001100110011000101010
001100001100110011001
000011110000110010110
000011001111000100101

Orbits and generating permutations:
 0 1 1 1 4 4 4 4
 0 1 2 3 4 5 6 7
 0 1 2 3 5 4 7 6
 0 1 2 3 6 7 4 5
 0 2 3 1 4 6 7 5

Matrix #  14    |Aut(M)| =     24:
222222222222221111111
111111000000001110000
110000111100001001100
110000000011111000011
001100110011000101010
001100001100110100101
000011101010100011001
000011010101010010110

Orbits and generating permutations:
 0 1 2 2 2 2 2 2
 0 1 2 3 4 5 6 7
 0 1 2 3 5 4 7 6
 0 1 2 3 6 7 4 5
 0 1 3 2 4 5 7 6
 0 1 4 5 2 3 6 7

Matrix #  15    |Aut(M)| =     24:
222222222222221111111
111111000000001110000
110000111100001001100
110000000011111000011
001100110011000101010
001100001100110100101
000011110000110010110
000011001111000011001

Orbits and generating permutations:
 0 1 2 2 2 2 2 2
 0 1 2 3 4 5 6 7
 0 1 2 3 5 4 7 6
 0 1 2 3 6 7 4 5
 0 1 3 2 4 5 7 6
 0 1 4 5 2 3 6 7

Matrix #  16    |Aut(M)| =    168:
222222222222221111111
111111000000001110000
110000111100001001100
110000000011111000011
001100110011000101010
001100001100110100101
000011110000110011001
000011001111000010110

Orbits and generating permutations:
 0 1 1 1 1 1 1 1
 0 1 2 3 4 5 6 7
 0 1 2 3 5 4 7 6
 0 1 2 3 6 7 4 5
 0 1 3 2 4 5 7 6
 0 1 4 5 2 3 6 7
 0 2 1 3 4 6 5 7

>>>> Constructed Matrices <<<< 

        |Aut(D)|          Nd:             Ns:            Ndt:            Nst:
    _______________________________________________________________________________
             2               1               0               0               0
             3               4               2               0               0
             4               1               0               0               0
             6               1               0               0               0
             8               1               0               0               0
            12               2               0               0               0
            21               2               1               2               1
            24               3               0               0               0
           168               1               0               1               0
    _______________________________________________________________________________
        Total:              16               3               3               1

        16 matrices constructed in  0.00
         3 matrices have no replicated blocks
        23 matrices were fully constructed

        Using 64-bit program with no Assembly
        Main data storage format: "unsigned char"
        20 threads launched on row 2 (not waiting to finish mode)
        Canonicity of partial constructed matrix was used
        Strong canonicity was not used
        Super strong canonicity was not used

