

    1: |Aut(M)| =  7776,  Cycles:36(6:6:6)
 "   0  1   2  3   4  5   6  7   8  9  10 11  12 13  14 15  16 17 "
 "   0  3   1  4   2  5   6  9   7 10   8 11  12 15  13 16  14 17 "
 "   0  5   1  2   3  4   6 11   7  8   9 10  12 17  13 14  15 16 "
 "   0  7   1 12   2  9   3 14   4 11   5 16   6 13   8 15  10 17 "
 "   0  9   1 16   2 11   3 12   4  7   5 14   6 15   8 17  10 13 "
 "   0 11   1 14   2  7   3 16   4  9   5 12   6 17   8 13  10 15 "
 "   0 13   1  6   2 15   3  8   4 17   5 10   7 12   9 14  11 16 "
 "   0 15   1 10   2 17   3  6   4 13   5  8   7 16   9 12  11 14 "
 "   0 17   1  8   2 13   3 10   4 15   5  6   7 14   9 16  11 12 "


Orbits and generators of the Aut(M) acting on elements:
0  0  0  0  0  0  0  0  0  0  0  0  0  0  0  0  0  0
0  1  2  3  4  5  6  7  8  9 10 11 12 13 14 15 16 17
0  1  2  3  4  5  8  9 10 11  6  7 16 17 12 13 14 15
0  1  4  5  2  3  6  7 10 11  8  9 12 13 16 17 14 15
0  3  2  5  4  1  6  9  8 11 10  7 12 15 14 17 16 13
1  0  3  2  5  4  7  6  9  8 11 10 13 12 15 14 17 16

Orbits and generators of Aut(M) acting on matrix rows, |Aut(R)| = 432:
0  0  0  0  0  0  0  0  0
0  1  2  3  4  5  6  7  8
0  1  2  4  5  3  8  6  7
0  2  1  3  5  4  6  8  7
1  0  2  3  5  4  8  7  6

Orbits and generators of Aut(M) acting on k-sets, |Aut(K)| = 7776:
0  0  0  0  0  0  0  0  0  0  0  0  0  0  0  0  0  0  0  0  0  0  0  0  0  0  0  0  0  0  0  0  0  0  0  0  0  0  0  0  0  0  0  0  0  0  0  0  0  0  0  0  0  0  0  0  0  0  0  0  0  0  0  0  0  0  0  0  0  0  0  0  0  0  0  0  0  0  0  0  0
0  1  2  3  4  5  6  7  8  9 10 11 12 13 14 15 16 17 18 19 20 21 22 23 24 25 26 27 28 29 30 31 32 33 34 35 36 37 38 39 40 41 42 43 44 45 46 47 48 49 50 51 52 53 54 55 56 57 58 59 60 61 62 63 64 65 66 67 68 69 70 71 72 73 74 75 76 77 78 79 80
0  1  2  3  4  5  6  7  8 19 18 20 22 21 23 25 24 26 10  9 11 13 12 14 16 15 17 55 54 57 56 59 58 60 61 62 73 72 75 74 77 76 78 79 80 64 63 66 65 68 67 69 70 71 28 27 30 29 32 31 33 34 35 46 45 48 47 50 49 51 52 53 37 36 39 38 41 40 42 43 44
0  1  2  4  5  3  8  6  7  9 10 11 14 12 13 16 17 15 18 19 20 22 23 21 26 24 25 36 37 38 39 40 41 43 44 42 45 46 47 48 49 50 52 53 51 27 28 29 30 31 32 34 35 33 72 73 74 75 76 77 79 80 78 54 55 56 57 58 59 61 62 60 63 64 65 66 67 68 70 71 69
0  2  1  3  5  4  6  8  7 10  9 11 13 12 14 16 15 17 19 18 20 22 21 23 25 24 26 55 54 59 58 57 56 60 62 61 64 63 68 67 66 65 69 71 70 73 72 77 76 75 74 78 80 79 28 27 32 31 30 29 33 35 34 37 36 41 40 39 38 42 44 43 46 45 50 49 48 47 51 53 52
1  0  2  3  5  4  8  7  6  9 11 10 13 12 14 17 16 15 20 19 18 22 21 23 24 26 25 66 65 64 63 68 67 69 71 70 75 74 73 72 77 76 78 80 79 57 56 55 54 59 58 60 62 61 48 47 46 45 50 49 51 53 52 30 29 28 27 32 31 33 35 34 39 38 37 36 41 40 42 44 43
SRG #1 of type 1 with parameters (v,k,λ μ) = (81,64,49,56): |Aut(G)| = 263363788800
It's a rank 3 graph with (α, β) = (882, 1176)
*11111111111111111111111111111111111111111111111111111111111111110000000000000000  0
1*1111111111111111111111111111111111111111111111111000000000000001111111111111100  1
11*111111111111111111111111111111111111000000000000111111111111001111111111110011  2
111*11111111111111111111111110000000000111111111100111111111100111111111111001111  3
1111*1111111111111111000000001111111100111111110011111111110011111111111100111111  4
11111*111111111000000111111001111110011111111001111111111001111111111110011111111  5
111111*11110000111100111100111111001111111100111111111100111111111111001111111111  6
1111111*1001100110011110011111100111111110011111111110011111111111100111111111111  7
11111111*000011001111001111110011111111001111111111001111111111110011111111111111  8
111111100*11010101011101011111010111111101011111111101011111111111010111111111111  9
1111111001*0101010111010111110101111111010111111111010111111111110101111111111111 10
11111101010*110011110011110110111101111011110111111011110111111110111101111111111 11
111111010011*01101101101101111011011111101101111111101101111111111011011111111111 12
1111110011010*1110101110101111101011111110101111111110101111111111101011111111111 13
11111100101011*111010111010111110101111111010111111111010111111111110101111111111 14
111110110100111*11001011111100111111011011111101111011111101111110111111011111111 15
1111101100110111*0110101111011011110111101111011111101111011111111011110111111111 16
11111010110110110*110110111011101110111110111011111110111011111111101110111111111 17
111110101011110011*01111011101110111011111011101111111011101111111110111011111111 18
1111100111110010110*1111101101111011011111101101111111101101111111111011011111111 19
11111001111011010011*111110011111100111111110011111111110011111111111100111111111 20
111101110100111011111*11001010111111110011111111011011111111011110111111110111111 21
1111011100110111011111*0110101011111101101111110111101111110111111011111101111111 22
11110110110110111011110*110101101111101110111110111110111110111111101111101111111 23
111101101011110111011011*01011110111110111011111011111011111011111110111110111111 24
1111010111110011111010110*1011111011110111101111011111101111011111111011110111111 25
11110101111011011111010011*101111101101111110110111111110110111111111101101111111 26
111100111111111100110011001*11111110110111111011011111111011011111111110110111111 27
1111001111111110110011001101*1111111001111111100111111111100111111111111001111111 28
11101111010011101111101111111*110010101011111111110011111111110110111111111101111 29
111011110011011101111101111111*01101010101111111101101111111101111011111111011111 30
1110111011011011101111101111110*1101010110111111101110111111101111101111111011111 31
11101110101111011101111101111011*010101111011111110111011111110111110111111101111 32
111011011111001111101111101110110*10101111101111110111101111110111111011111101111 33
1110110111101101111101111101110011*1010111110111101111110111101111111101111011111 34
11101011111111110011011111101011001*101111111011110111111011110111111110111101111 35
111010111111111011001111111101001101*10111111101101111111101101111111111011011111 36
1110011111111111111111001101001100101*1111111110110111111110110111111111101101111 37
11100111111111111111101100101100110101*111111111001111111111001111111111110011111 38
110111110100111011111011111110111111111*11001010101011111111111100111111111111011 39
1101111100110111011111011111110111111111*0110101010101111111111011011111111110111 40
11011110110110111011111011111110111111110*110101010110111111111011101111111110111 41
110111101011110111011111011111110111111011*01010101111011111111101110111111111011 42
1101110111110011111011111011111110111110110*1010101111101111111101111011111111011 43
11011101111011011111011111011111110111110011*101010111110111111011111101111110111 44
110110111111111100110111111011111110111011001*10101111111011111101111110111111011 45
1101101111111110110011111111011111110111001101*1010111111101111011111111011110111 46
11010111111111111111110011010111111110101100101*101111111110111101111111101111011 47
110101111111111111111011001011111111110100110101*10111111111011011111111110110111 48
1100111111111111111111111111110011010100110010101*1111111111101101111111111011011 49
11001111111111111111111111111011001010110011010101*111111111110011111111111100111 50
101111110100111011111011111110111111111011111111111*11001010101010111111111111110 51
1011111100110111011111011111110111111111011111111111*0110101010101011111111111101 52
10111110110110111011111011111110111111111011111111110*110101010101101111111111101 53
101111101011110111011111011111110111111111011111111011*01010101011110111111111110 54
1011110111110011111011111011111110111111111011111110110*1010101011111011111111110 55
10111101111011011111011111011111110111111111011111110011*101010101111101111111101 56
101110111111111100110111111011111110111111111011111011001*10101011111110111111110 57
1011101111111110110011111111011111110111111111011111001101*1010101111111011111101 58
10110111111111111111110011010111111110111111111011101100101*101011111111101111110 59
101101111111111111111011001011111111110111111111011100110101*10101111111110111101 60
1010111111111111111111111111110011010101111111111010110010101*1011111111111011110 61
10101111111111111111111111111011001010111111111111010011010101*101111111111101101 62
100111111111111111111111111111111111111100110101010011001010101*11111111111110110 63
1001111111111111111111111111111111111110110010101011001101010101*1111111111111001 64
01111111010011101111101111111011111111101111111111101111111111111*110010101010101 65
011111110011011101111101111111011111111101111111111101111111111111*01101010101010 66
0111111011011011101111101111111011111111101111111111101111111111110*1101010101010 67
01111110101111011101111101111111011111111101111111111101111111111011*010101010101 68
011111011111001111101111101111111011111111101111111111101111111110110*10101010101 69
0111110111101101111101111101111111011111111101111111111101111111110011*1010101010 70
01111011111111110011011111101111111011111111101111111111101111111011001*101010101 71
011110111111111011001111111101111111011111111101111111111101111111001101*10101010 72
0111011111111111111111001101011111111011111111101111111111101111101100101*1010101 73
01110111111111111111101100101111111111011111111101111111111101111100110101*101010 74
011011111111111111111111111111001101010111111111101111111111101110110010101*10101 75
0110111111111111111111111111101100101011111111111101111111111101110011010101*1010 76
01011111111111111111111111111111111111110011010101011111111111101011001010101*101 77
010111111111111111111111111111111111111011001010101111111111111101001101010101*10 78
0011111111111111111111111111111111111111111111111111001101010101001100101010101*1 79
00111111111111111111111111111111111111111111111111101100101010101100110101010101* 80

Vertex orbits and group generators of graph:
  0  0  0  0  0  0  0  0  0  0  0  0  0  0  0  0  0  0  0  0  0  0  0  0  0  0  0  0  0  0  0  0  0  0  0  0  0  0  0  0  0  0  0  0  0  0  0  0  0  0  0  0  0  0  0  0  0  0  0  0  0  0  0  0  0  0  0  0  0  0  0  0  0  0  0  0  0  0  0  0  0
  0  1  1  1  1  1  1  1  1  1  1  1  1  1  1  1  1  1  1  1  1  1  1  1  1  1  1  1  1  1  1  1  1  1  1  1  1  1  1  1  1  1  1  1  1  1  1  1  1  1  1  1  1  1  1  1  1  1  1  1  1  1  1  1  1 65 65 65 65 65 65 65 65 65 65 65 65 65 65 65 65
  0  1  2  3  4  5  6  7  8  9 10 11 12 13 14 15 16 17 18 19 20 21 22 23 24 25 26 27 28 29 30 31 32 33 34 35 36 37 38 39 40 41 42 43 44 45 46 47 48 49 50 51 52 53 54 55 56 57 58 59 60 61 62 63 64 65 66 67 68 69 70 71 72 73 74 75 76 77 78 79 80
  0  1  2  3  4  5  6  7  8 10  9 12 11 14 13 16 15 18 17 20 19 22 21 24 23 26 25 28 27 30 29 32 31 34 33 36 35 38 37 40 39 42 41 44 43 46 45 48 47 50 49 52 51 54 53 56 55 58 57 60 59 62 61 64 63 66 65 68 67 70 69 72 71 74 73 76 75 78 77 80 79
  0  1  2  3  4  5  6  8  7  9 10 13 14 11 12 17 18 15 16 20 19 23 24 21 22 26 25 28 27 31 32 29 30 34 33 36 35 38 37 41 42 39 40 44 43 46 45 48 47 50 49 53 54 51 52 56 55 58 57 60 59 62 61 64 63 67 68 65 66 70 69 72 71 74 73 76 75 78 77 80 79
  0  1  2  3  4  5  7  6  8 12 11 10  9 14 13 15 16 20 19 18 17 21 22 26 25 24 23 27 28 29 30 34 33 32 31 35 36 37 38 39 40 44 43 42 41 45 46 47 48 49 50 51 52 56 55 54 53 57 58 59 60 61 62 63 64 65 66 70 69 68 67 71 72 73 74 75 76 77 78 79 80
  0  1  2  3  4  6  5  7  8  9 10 15 16 17 18 11 12 13 14 20 19 21 22 23 24 27 28 25 26 29 30 31 32 35 36 33 34 37 38 39 40 41 42 45 46 43 44 47 48 49 50 51 52 53 54 57 58 55 56 59 60 61 62 63 64 65 66 67 68 71 72 69 70 73 74 75 76 77 78 79 80
  0  1  2  3  5  4  6  7  8  9 10 11 12 13 14 21 22 23 24 25 26 15 16 17 18 19 20 28 27 29 30 31 32 33 34 37 38 35 36 39 40 41 42 43 44 47 48 45 46 49 50 51 52 53 54 55 56 59 60 57 58 61 62 63 64 65 66 67 68 69 70 73 74 71 72 75 76 77 78 79 80
  0  1  2  4  3  5  6  7  8  9 10 11 12 13 14 15 16 17 18 19 20 29 30 31 32 33 34 35 36 21 22 23 24 25 26 27 28 38 37 39 40 41 42 43 44 45 46 49 50 47 48 51 52 53 54 55 56 57 58 61 62 59 60 63 64 65 66 67 68 69 70 71 72 75 76 73 74 77 78 79 80
  0  1  3  2  4  5  6  7  8  9 10 11 12 13 14 15 16 17 18 19 20 21 22 23 24 25 26 27 28 39 40 41 42 43 44 45 46 47 48 29 30 31 32 33 34 35 36 37 38 50 49 51 52 53 54 55 56 57 58 59 60 63 64 61 62 65 66 67 68 69 70 71 72 73 74 77 78 75 76 79 80
  0  2  1  3  4  5  6  7  8  9 10 11 12 13 14 15 16 17 18 19 20 21 22 23 24 25 26 27 28 29 30 31 32 33 34 35 36 37 38 51 52 53 54 55 56 57 58 59 60 61 62 39 40 41 42 43 44 45 46 47 48 49 50 64 63 65 66 67 68 69 70 71 72 73 74 75 76 79 80 77 78
  1  0  2  3  4  5  6  7  8  9 10 11 12 13 14 15 16 17 18 19 20 21 22 23 24 25 26 27 28 29 30 31 32 33 34 35 36 37 38 39 40 41 42 43 44 45 46 47 48 49 50 65 66 67 68 69 70 71 72 73 74 75 76 77 78 51 52 53 54 55 56 57 58 59 60 61 62 63 64 80 79


SRG #1 of type 2 with parameters (v,k,λ μ) = (81,24,9,6): |Aut(G)| = 7776
*11111111111111111111111100000000000000000000000000000000000000000000000000000000  0
1*1111111110000000000000011111111111111000000000000000000000000000000000000000000  1
11*111111001100000000000011000000000000111111111111000000000000000000000000000000  2
111*11111000011000000000000110000000000110000000000111111111100000000000000000000  3
1111*1111000000110000000000001100000000001100000000110000000011111111000000000000  4
11111*111000000001100000000000011000000000011000000001100000011000000111111000000  5
111111*11000000000011000000000000110000000000110000000011000000110000110000111100  6
1111111*1000000000000110000000000001100000000001100000000110000001100001100110011  7
11111111*000000000000001100000000000011000000000011000000001100000011000011001111  8
110000000*01110101010101011101010101010000000000000101000000010000000000000101010  9
1100000000*1101010101010111010101010101000000000000010100000001000000000000010101 10
10100000011*010101010101011000000000000101010101010010100000001000000000000010101 11
101000000110*01010101010111000000000000010101010101101000000010000000000000101010 12
1001000001010*0101011101000010100001000010001000010011011101000001000000010000000 13
10010000001010*010111010100101000000100100010000001100111010100000100000001000000 14
100010000101010*01010101100000101100000010100001000100000010001100111100000000000 15
1000100000101010*0101011100001010010000101000000100010000100010011011010000000000 16
10000100010101010*010111000010001000010000101100000000100000110010000011101000000 17
100001000010101010*01110100100010000001001010010000001000001001100000101110000000 18
1000001001010111010*0101000001000010100000010010001000011000000010100100001011000 19
10000010001011101010*010100000100101000000001100010000011000000101000010010100100 20
100000010101010101110*01000100000000101001000010100000000011000101000001100100001 21
1000000100101010111010*0100010000001010000100101000000000100100010100001100010010 22
10000000110101011101010*000000010010001100000000101000000100100000011010010000110 23
100000001010101110101010*00000001100010010000001010000000011000000011100001001001 24
0110000001111000000000000*0101010101010010101010101010100000001000000000000010101 25
01100000011110000000000000*010101010101101010101010101000000010000000000000101010 26
010100000100001000100100010*01010101011101000010000100110011100100000001000000000 27
0101000000100100010000100010*0101010111010100100000011001101100010000000100000000 28
01001000010000101001000001010*010101110001010000001010001000010011110000001000000 29
010010000010010100001000001010*01011101000101000010100010000001101101000010000000 30
0100010001000000101000010101010*0111010100010000100001000100001000001110110000000 31
01000100001000010100000010101010*110101010001001000000100010010000010111001000000 32
010000100100000100001000110101011*01010010000101000000001010000100010110000100100 33
0100001000100000100100010010101110*0101100000010100000010100000010001110000011000 34
01000001010001000000101001010111010*010000001001010000010100000001100001010010010 35
010000010010001000010100001011101010*01000010000101000001010000001100000101100001 36
0100000011000000010000101101110101010*0000100100010000000001100010001000101001001 37
01000000101000000010010100111010101010*001000010001000000001100100010001010000110 38
001100000001001010000001001100010010000*01010101110100110110100000001010000000000 39
0011000000001101000000001100100011000000*0101011101011001111000000010100000000000 40
00101000000100001010010000110100000000110*010111010010000001010111010001000000000 41
001010000000100101000010010010100000010010*01110101100000000101110101000100000000 42
0010010000010010001100000010010100001001010*0101011001001000001000100100111000000 43
00100100000011000100100001000010100100001010*010111000110000010001000011011000000 44
001000100001000001001010001010000100010101110*01010000001000100110000010100100100 45
0010001000001000001101000101000000100010111010*0101000010001000110000101000011000 46
00100001000100010000001010100000110100011101010*010000000110000000110101000010010 47
001000010000100010000101010000010010100110101010*01000000110000001001010100100001 48
0010000010010100000010001010001000010101010111010*0000010001000001001000011001001 49
00100000100010100001000101000100000010101011101010*000001000100000110000011000110 50
000110000100101100000000001100100000000100100000000*01110010111100101000000101010 51
0001100000110100100000000100110000000000110000000000*1101101011011010000000010101 52
00010100010011000010000000101001000000001001000000011*001101011000000100110101010 53
000101000011001001000000010100001000000100001000000110*10010111000000011001010101 54
0001001000000110000110000001001000110001000010100101001*0010100011000100010011000 55
00010010000001100001100000001100010010001001010000101100*101000100100010001100100 56
000100010000010010000011000010010011000110000001100011001*01000000101011000010010 57
0001000100000011000001001001000011001001100000011001001100*0100001010100100100001 58
00010000100001000010010010011000000001101100001001001100110*000100001001001001001 59
000100001000001001000011000110000000011100100100001100110010*00010010000110000110 60
0000110001001000110000000010010010000000010010000001111000000*0011010011001101010 61
00001100001100010010000001000011000000000011000000011110000000*100101100110010101 62
000010100000000100101100000100100100001001100110000100001001001*00101011000100100 63
0000101000000000110100100000110000100100011001100000100100001100*1010100100011000 64
00001001000001001000110000000110000110000100100011001001001001001*010000110100001 65
000010010000001100010010000001100001100000110001001100001100001100*01001001010010 66
0000100010000001100000011000010011000010110000010010100000101100110*0100010000110 67
00001000100000011000000110000011001001010010000011010000010100110010*010001001001 68
000001100000000100110000100000011110000010010011000001010010001010010*00110011000 69
0000011000000000110010010000000111100001000011001000001011000101000010*1001100100 70
00000101000000000110011000010000100100100100101100000010010101010010001*001010010 71
000001010000000001100110000010010000110000110100100001000010101011000100*10100001 72
0000010010000100001010010000001100010010000110000110010100001010010101001*0000110 73
00000100100000100101000010000100100011000001100001100010100101000010101100*001001 74
000000110100100000001100001000000100100000000100100101001010010101000010100*01111 75
0000001100110000000100100100000000110000000000110000101101000010101001010000*1111 76
00000010110010000001000010100000001001000000001001010101000101001000110000111*011 77
000000101011000000001001010000000100001000000100001010101000101100010010010110*11 78
0000000111001000000000110010000000010010000000010011010001001100001100010101111*0 79
00000001101100000000010011000000000011000000000011001010001100100100100010111110* 80

Vertex orbits and group generators of graph:
  0  0  0  0  0  0  0  0  0  0  0  0  0  0  0  0  0  0  0  0  0  0  0  0  0  0  0  0  0  0  0  0  0  0  0  0  0  0  0  0  0  0  0  0  0  0  0  0  0  0  0  0  0  0  0  0  0  0  0  0  0  0  0  0  0  0  0  0  0  0  0  0  0  0  0  0  0  0  0  0  0
  0  1  1  1  1  1  1  1  1  1  1  1  1  1  1  1  1  1  1  1  1  1  1  1  1 25 25 27 27 27 27 27 27 27 27 27 27 27 27 27 27 27 27 27 27 27 27 27 27 27 27 27 27 27 27 25 25 27 27 27 27 27 27 27 27 27 27 25 25 27 27 25 25 27 27 27 27 27 27 27 27
  0  1  2  3  4  5  6  7  8  9 10 11 12 13 14 15 16 17 18 19 20 21 22 23 24 25 26 27 28 29 30 31 32 33 34 35 36 37 38 39 40 41 42 43 44 45 46 47 48 49 50 51 52 53 54 55 56 57 58 59 60 61 62 63 64 65 66 67 68 69 70 71 72 73 74 75 76 77 78 79 80
  0  1  2  3  4  5  6  7  8 10  9 12 11 14 13 16 15 18 17 20 19 22 21 24 23 26 25 28 27 30 29 32 31 34 33 36 35 38 37 40 39 42 41 44 43 46 45 48 47 50 49 52 51 54 53 56 55 58 57 60 59 62 61 64 63 66 65 68 67 70 69 72 71 74 73 76 75 78 77 80 79
  0  1  2  7  8  6  5  3  4  9 10 11 12 21 22 23 24 19 20 17 18 13 14 15 16 25 26 35 36 37 38 33 34 31 32 27 28 29 30 47 48 49 50 45 46 43 44 39 40 41 42 79 80 75 76 71 72 58 57 65 66 77 78 73 74 59 60 68 67 70 69 55 56 63 64 53 54 61 62 51 52
  0  2  1  8  7  6  4  3  5 11 12  9 10 23 24 21 22 19 20 15 16 13 14 17 18 26 25 49 50 47 48 45 46 41 42 39 40 43 44 37 38 35 36 33 34 29 30 27 28 31 32 80 79 78 77 68 67 60 59 73 74 76 75 65 66 57 58 71 72 63 64 55 56 70 69 52 51 62 61 54 53
  1  0  2  4  3  5  7  6  8  9 10 25 26 29 30 27 28 31 32 35 36 33 34 37 38 11 12 15 16 13 14 17 18 21 22 19 20 23 24 42 41 40 39 44 43 48 47 46 45 50 49 51 52 61 62 66 65 64 63 67 68 53 54 58 57 56 55 59 60 71 72 69 70 74 73 75 76 79 80 77 78



    2: |Aut(M)| =  972,  Cycles:36(6:6:6)
 "   0  1   2  3   4  5   6  7   8  9  10 11  12 13  14 15  16 17 "
 "   0  3   1  4   2  5   6  9   7 10   8 11  12 15  13 16  14 17 "
 "   0  5   1  2   3  4   6 11   7  8   9 10  12 17  13 14  15 16 "
 "   0  7   1 12   2  9   3 14   4 11   5 16   6 13   8 15  10 17 "
 "   0  9   1 16   2 11   3 12   4  7   5 14   6 15   8 17  10 13 "
 "   0 11   1 14   2  7   3 16   4  9   5 12   6 17   8 13  10 15 "
 "   0 13   1  8   2 15   3 10   4 17   5  6   7 16   9 12  11 14 "
 "   0 15   1  6   2 17   3  8   4 13   5 10   7 14   9 16  11 12 "
 "   0 17   1 10   2 13   3  6   4 15   5  8   7 12   9 14  11 16 "


Orbits and generators of the Aut(M) acting on elements:
0  0  0  0  0  0  0  0  0  0  0  0  0  0  0  0  0  0
0  1  2  3  4  5  6  7  8  9 10 11 12 13 14 15 16 17
0  1  2  3  4  5  8  9 10 11  6  7 16 17 12 13 14 15
0  1  4  5  2  3 12 13 16 17 14 15  8  9  6  7 10 11
0  3  2  5  4  1  6  9  8 11 10  7 12 15 14 17 16 13
1  0  3  2  5  4 13 12 15 14 17 16  7  6  9  8 11 10

Orbits and generators of Aut(M) acting on matrix rows, |Aut(R)| = 324:
0  0  0  0  0  0  0  0  0
0  1  2  3  4  5  6  7  8
0  1  2  3  4  5  7  8  6
0  1  2  4  5  3  6  7  8
0  2  1  3  5  4  6  8  7
1  0  2  3  5  4  6  8  7

Orbits and generators of Aut(M) acting on k-sets, |Aut(K)| = 972:
0  0  0  0  0  0  0  0  0  0  0  0  0  0  0  0  0  0  0  0  0  0  0  0  0  0  0  0  0  0  0  0  0  0  0  0  0  0  0  0  0  0  0  0  0  0  0  0  0  0  0  0  0  0  0  0  0  0  0  0  0  0  0  0  0  0  0  0  0  0  0  0  0  0  0  0  0  0  0  0  0
0  1  2  3  4  5  6  7  8  9 10 11 12 13 14 15 16 17 18 19 20 21 22 23 24 25 26 27 28 29 30 31 32 33 34 35 36 37 38 39 40 41 42 43 44 45 46 47 48 49 50 51 52 53 54 55 56 57 58 59 60 61 62 63 64 65 66 67 68 69 70 71 72 73 74 75 76 77 78 79 80
0  1  2  4  5  3  8  6  7  9 10 11 14 12 13 16 17 15 18 19 20 22 23 21 26 24 25 36 37 38 39 40 41 43 44 42 45 46 47 48 49 50 52 53 51 27 28 29 30 31 32 34 35 33 72 73 74 75 76 77 79 80 78 54 55 56 57 58 59 61 62 60 63 64 65 66 67 68 70 71 69
0  2  1  3  5  4  7  6  8 10  9 11 13 12 14 15 17 16 19 18 20 22 21 23 26 25 24 64 63 68 67 66 65 69 71 70 73 72 77 76 75 74 78 80 79 55 54 59 58 57 56 60 62 61 46 45 50 49 48 47 51 53 52 28 27 32 31 30 29 33 35 34 37 36 41 40 39 38 42 44 43
1  0  2  3  5  4  6  8  7  9 11 10 13 12 14 16 15 17 20 19 18 22 21 23 25 24 26 75 74 73 72 77 76 78 80 79 57 56 55 54 59 58 60 62 61 66 65 64 63 68 67 69 71 70 39 38 37 36 41 40 42 44 43 48 47 46 45 50 49 51 53 52 30 29 28 27 32 31 33 35 34

SRG #2 of type 2 with parameters (v,k,λ μ) = (81,24,9,6): |Aut(G)| = 324
*11111111111111111111111100000000000000000000000000000000000000000000000000000000  0
1*1111111110000000000000011111111111111000000000000000000000000000000000000000000  1
11*111111001100000000000011000000000000111111111111000000000000000000000000000000  2
111*11111000011000000000000110000000000110000000000111111111100000000000000000000  3
1111*1111000000110000000000001100000000001100000000110000000011111111000000000000  4
11111*111000000001100000000000011000000000011000000001100000011000000111111000000  5
111111*11000000000011000000000000110000000000110000000011000000110000110000111100  6
1111111*1000000000000110000000000001100000000001100000000110000001100001100110011  7
11111111*000000000000001100000000000011000000000011000000001100000011000011001111  8
110000000*01110101010101011101010101010000000000000101000000010000000000000101010  9
1100000000*1101010101010111010101010101000000000000010100000001000000000000010101 10
10100000011*010101010101011000000000000101010101010010100000001000000000000010101 11
101000000110*01010101010111000000000000010101010101101000000010000000000000101010 12
1001000001010*0101011101000010100001000010001000010011011101000001000000010000000 13
10010000001010*010101110100101000000001100010010000100110110100000010100000000000 14
100010000101010*01010101100000101100000010100001000100000010001100111010000000000 15
1000100000101010*0111010100001010000100101000000001010000001010111001001000000000 16
10000100010101010*010111000010001000010000101100000000100000110010000101101000000 17
100001000010101010*01011100100010010000001010000100001001000001000100010111000000 18
1000001001010101110*0101000000010010100100000010001000010001000110000011000011000 19
10000010001011101010*010100000100101000000001100010000011000000101000100010100100 20
100000010101011101010*01000001000000101000010010100000000110000001010100100100001 21
1000000100101010111010*0100010000001010000100101000000000100100010100001100010010 22
10000000110101010111010*000100000010001001000000101000001000100000101000011000110 23
100000001010101110101010*00000001100010010000001010000000011000000011010001001001 24
0110000001111000000000000*0101010101010010101010101010100000001000000000000010101 25
01100000011110000000000000*010101010101101010101010101000000010000000000000101010 26
010100000100001000100001010*01010111010101000000100100111010100000100000001000000 27
0101000000100100010000100010*0101010111010100100000011001101100010000000100000000 28
01001000010000101000010001010*010101011001010010000010000100010011011100000000000 29
010010000010010100001000001010*01011101000101000010100010000001101110000010000000 30
0100010001000000101100000101010*0101110100010000001001000001001100000011110000000 31
01000100001000010100000010101010*110101010001001000000100010010000001111001000000 32
010000100100000100001000110101011*01010010000101000000001010000100001110000100100 33
0100001000100000001100010011101010*0101001000010100000011000000010100010001011000 34
01000001010001000000101001010111010*010000001001010000010100000001100001010010010 35
010000010010000010010100001010111010*01100000000101000000011000101000001100100001 36
0100000011000000010000101101110101010*0000100100010000000001100010010000101001001 37
01000000101000100000010100101110101010*000010010001000000100100000011100010000110 38
001100000001001010010000001100010000100*01010101011100110011100100000001000000000 39
0011000000001101000000001100100011000000*0101011101011001111000000001010000000000 40
00101000000100001010000100110100001000010*010101110010001000010011101000001000000 41
001010000000100101000010010010100000010010*01110101100000000101110110000100000000 42
0010010000010010001001000010010100000011010*0111010001000100001000010110110000000 43
00100100000011000100100001000010100100001010*010111000110000010001000101011000000 44
001000100001000001001010001010000100010101110*01010000001000100110000100100100100 45
0010001000001010000101000100010000100010101110*0101000010100000010010110000011000 46
00100001000100010000001010100000110100011101010*010000000110000000101011000010010 47
001000010000100000100101010100000010100011101010*01000001010000001100000101100001 48
0010000010010100000010001010001000010101010111010*0000010001000001010000011001001 49
00100000100010001001000101000001000010111010101010*000000001100100001001010000110 50
000110000100101100000000001100100000000100100000000*01110010111100110000000101010 51
0001100000110100100000000100110000000000110000000000*1101101011011001000000010101 52
00010100010011000010000000101001000000001001000000011*001101011000000010110101010 53
000101000011001001000000010100001000000100001000000110*10010111000000101001010101 54
0001001000000110000110000001001000110001000010100101001*0010100011000010010011000 55
00010010000001000010100100011000011000001100010010001100*101000100100100001100100 56
000100010000011000000110000011000001001010010011000011001*01000000110101000010010 57
0001000100000011000001001001000011001001100000011001001100*0100001001010100100001 58
00010000100001001001000010001001000011011000000001101100110*000100010001001001001 59
000100001000001001000011000110000000011100100100001100110010*00010001000110000110 60
0000110001001000110000000010010010000000010010000001111000000*0011001101001101010 61
00001100001100010010000001000011000000000011000000011110000000*100110010110010101 62
000010100000000110011000000000110100100100100100001100001001001*00110101000100100 63
0000101000000000110100100000110000100100011001100000100100001100*1001010100011000 64
00001001000001001000110000000110000110000100100011001001001001001*001000110100001 65
000010010000000100100011000100100011000001100001100100001100001100*10001001010010 66
0000100010000011000001001000011000000110001100100101000001010011001*0100001001001 67
00001000100000011000000110000100110000101100000100101000001011001100*010010000110 68
000001100000001001001100000001001100001000011110000000101100010100010*01001100100 69
0000011000000001001100001000000111100000100100110000010100100010100010*0110011000 70
00000101000000001101001000000001100110010000100100100010010101010010010*001010010 71
000001010000000001100110000010010000110000110100100001000010101011000010*10100001 72
0000010010000100001010010000001100010010000110000110010100001010010010101*0000110 73
00000100100000000110000110010000101001000100100011000010100101000011010100*001001 74
000000110100100000001100001000000100100000000100100101001010010101000100100*01111 75
0000001100110000000100100100000000110000000000110000101101000010101000110000*1111 76
00000010110010000001000010100000001001000000001001010101000101001001001000111*011 77
000000101011000000001001010000000100001000000100001010101000101100001100010110*11 78
0000000111001000000000110010000000010010000000010011010001001100001010010101111*0 79
00000001101100000000010011000000000011000000000011001010001100100101000010111110* 80

Vertex orbits and group generators of graph:
  0  0  0  0  0  0  0  0  0  0  0  0  0  0  0  0  0  0  0  0  0  0  0  0  0  0  0  0  0  0  0  0  0  0  0  0  0  0  0  0  0  0  0  0  0  0  0  0  0  0  0  0  0  0  0  0  0  0  0  0  0  0  0  0  0  0  0  0  0  0  0  0  0  0  0  0  0  0  0  0  0
  0  1  1  3  3  5  5  3  3  9  9  9  9 13 14 14 13 17 17 17 17 14 13 13 14 25 25 27 28 29 30 31 32 32 31 28 27 30 29 30 29 28 27 32 31 31 32 29 30 27 28 51 52 53 54 55 56 57 58 59 59 53 54 55 56 59 59 58 57 69 69 56 55 56 55 54 53 54 53 52 51
  0  1  2  3  4  5  6  7  8  9 10 11 12 13 14 15 16 17 18 19 20 21 22 23 24 25 26 27 28 29 30 31 32 33 34 35 36 37 38 39 40 41 42 43 44 45 46 47 48 49 50 51 52 53 54 55 56 57 58 59 60 61 62 63 64 65 66 67 68 69 70 71 72 73 74 75 76 77 78 79 80
  0  1  2  7  8  6  5  3  4 10  9 12 11 22 21 24 23 20 19 18 17 14 13 16 15 26 25 36 35 38 37 34 33 32 31 28 27 30 29 48 47 50 49 46 45 44 43 40 39 42 41 80 79 76 75 72 71 57 58 66 65 78 77 74 73 60 59 67 68 69 70 56 55 64 63 54 53 62 61 52 51
  0  2  1  8  7  6  5  4  3 11 12  9 10 23 24 21 22 19 20 17 18 15 16 13 14 26 25 49 50 47 48 45 46 43 44 41 42 39 40 37 38 35 36 33 34 31 32 29 30 27 28 80 79 78 77 74 73 68 67 60 59 76 75 72 71 66 65 58 57 70 69 64 63 56 55 62 61 54 53 52 51
  1  0  2  8  7  6  4  3  5 10  9 26 25 38 37 36 35 34 33 30 29 28 27 32 31 12 11 24 23 22 21 20 19 16 15 14 13 18 17 49 50 47 48 45 46 41 42 39 40 43 44 80 79 78 77 67 68 60 59 73 74 76 75 65 66 57 58 72 71 64 63 55 56 69 70 52 51 62 61 54 53

