BIBD(  9,  36, 16,  4,  6)

        |Aut(D)|          Nd:             Ns: 
    ________________________________________________
             1       270919399        20033654
             2          129069           11416
             3            1693             717
             4            2241             222
             6             256              97
             8             174              15
             9               9               6
            10               1               1
            12              27               7
            16              26               5
            18               4               1
            24               8               3
            27               1               1
            32               6               0
            40               1               1
            54               1               1
            60               1               1
            64               3               1
           120               1               1
           128               1               0
           144               2               1
           360               1               1
    ________________________________________________
         Total:      271052925        20046152

 271052925 matrices constructed in  5:42:44.88
  20046152 matrices have no replicated blocks
 516205727 matrices were fully constructed
        15 threads launched on level 4 
