

    1: |Aut(M)| =  640,  Cycles:3(4:4:4:4:10) 
 "   0  1   2  3   4  5   6  7   8  9  10 11  12 13  14 15  16 17  18 19  20 21  22 23  24 25 "
 "   0  3   1  2   4  7   5  6   8 11   9 10  12 15  13 14  16 19  17 20  18 23  21 24  22 25 "
 "   0  5   1  4   2  7   3  6   8 13   9 12  10 15  11 14  16 21  17 18  19 22  20 25  23 24 "



    2: |Aut(M)| =  384,  Cycles:3(4:4:4:4:10) 
 "   0  1   2  3   4  5   6  7   8  9  10 11  12 13  14 15  16 17  18 19  20 21  22 23  24 25 "
 "   0  3   1  2   4  7   5  6   8 11   9 10  12 15  13 14  16 19  17 20  18 23  21 24  22 25 "
 "   0  5   1  4   2  7   3  6   8 13   9 12  10 15  11 14  16 21  17 22  18 25  19 20  23 24 "



    3: |Aut(M)| =  8,  Cycles:3(4:4:4:4:10) 
 "   0  1   2  3   4  5   6  7   8  9  10 11  12 13  14 15  16 17  18 19  20 21  22 23  24 25 "
 "   0  3   1  2   4  7   5  6   8 11   9 10  12 15  13 14  16 19  17 20  18 23  21 24  22 25 "
 "   0  5   1  4   2  7   3  6   8 13   9 12  10 15  11 16  14 25  17 18  19 24  20 23  21 22 "



    4: |Aut(M)| =  48,  Cycles:3(4:4:4:4:10) 
 "   0  1   2  3   4  5   6  7   8  9  10 11  12 13  14 15  16 17  18 19  20 21  22 23  24 25 "
 "   0  3   1  2   4  7   5  6   8 11   9 10  12 15  13 14  16 19  17 20  18 23  21 24  22 25 "
 "   0  5   1  4   2  7   3  6   8 13   9 14  10 17  11 16  12 25  15 22  18 21  19 20  23 24 "



    5: |Aut(M)| =  16,  Cycles:3(4:4:4:4:10) 
 "   0  1   2  3   4  5   6  7   8  9  10 11  12 13  14 15  16 17  18 19  20 21  22 23  24 25 "
 "   0  3   1  2   4  7   5  6   8 11   9 10  12 15  13 14  16 19  17 20  18 23  21 24  22 25 "
 "   0  5   1  4   2  7   3  6   8 13   9 16  10 19  11 18  12 21  14 25  15 24  17 22  20 23 "



    6: |Aut(M)| =  24,  Cycles:3(4:4:4:4:10) 
 "   0  1   2  3   4  5   6  7   8  9  10 11  12 13  14 15  16 17  18 19  20 21  22 23  24 25 "
 "   0  3   1  2   4  7   5  6   8 11   9 10  12 15  13 14  16 19  17 20  18 23  21 24  22 25 "
 "   0  5   1  4   2  7   3  6   8 17   9 16  10 19  11 22  12 21  13 18  14 25  15 24  20 23 "



    7: |Aut(M)| =  12,  Cycles:3(4:4:4:4:10) 
 "   0  1   2  3   4  5   6  7   8  9  10 11  12 13  14 15  16 17  18 19  20 21  22 23  24 25 "
 "   0  3   1  2   4  7   5  6   8 11   9 10  12 15  13 14  16 19  17 20  18 23  21 24  22 25 "
 "   0  5   1  4   2  7   3 16   6 25   8 17   9 24  10 21  11 20  12 19  13 18  14 23  15 22 "

