

    1: |Aut(M)| =  24,  Cycles:3(4:4:4:6:8) 
 "   0  1   2  3   4  5   6  7   8  9  10 11  12 13  14 15  16 17  18 19  20 21  22 23  24 25 "
 "   0  3   1  2   4  7   5  6   8 11   9 10  12 15  13 16  14 17  18 21  19 22  20 25  23 24 "
 "   0  5   1  4   2  7   3  6   8 13   9 12  10 15  11 18  14 19  16 21  17 24  20 23  22 25 "



    2: |Aut(M)| =  8,  Cycles:3(4:4:4:6:8) 
 "   0  1   2  3   4  5   6  7   8  9  10 11  12 13  14 15  16 17  18 19  20 21  22 23  24 25 "
 "   0  3   1  2   4  7   5  6   8 11   9 10  12 15  13 16  14 17  18 21  19 22  20 25  23 24 "
 "   0  5   1  4   2  7   3  6   8 13   9 12  10 15  11 18  14 19  16 23  17 20  21 24  22 25 "



    3: |Aut(M)| =  4,  Cycles:3(4:4:4:6:8) 
 "   0  1   2  3   4  5   6  7   8  9  10 11  12 13  14 15  16 17  18 19  20 21  22 23  24 25 "
 "   0  3   1  2   4  7   5  6   8 11   9 10  12 15  13 16  14 17  18 21  19 22  20 25  23 24 "
 "   0  5   1  4   2  7   3  6   8 13   9 12  10 17  11 18  14 23  15 24  16 21  19 20  22 25 "



    4: |Aut(M)| =  4,  Cycles:3(4:4:4:6:8) 
 "   0  1   2  3   4  5   6  7   8  9  10 11  12 13  14 15  16 17  18 19  20 21  22 23  24 25 "
 "   0  3   1  2   4  7   5  6   8 11   9 10  12 15  13 16  14 17  18 21  19 22  20 25  23 24 "
 "   0  5   1  4   2  7   3  6   8 13   9 12  10 19  11 24  14 21  15 22  16 25  17 18  20 23 "



    5: |Aut(M)| =  8,  Cycles:3(4:4:4:6:8) 
 "   0  1   2  3   4  5   6  7   8  9  10 11  12 13  14 15  16 17  18 19  20 21  22 23  24 25 "
 "   0  3   1  2   4  7   5  6   8 11   9 10  12 15  13 16  14 17  18 21  19 22  20 25  23 24 "
 "   0  5   1  4   2  7   3  6   8 13   9 18  10 21  11 20  12 17  14 23  15 24  16 19  22 25 "



    6: |Aut(M)| =  24,  Cycles:3(4:4:4:6:8) 
 "   0  1   2  3   4  5   6  7   8  9  10 11  12 13  14 15  16 17  18 19  20 21  22 23  24 25 "
 "   0  3   1  2   4  7   5  6   8 11   9 10  12 15  13 16  14 17  18 21  19 22  20 25  23 24 "
 "   0  5   1  4   2  7   3  6   8 13   9 18  10 23  11 20  12 19  14 21  15 22  16 25  17 24 "



    7: |Aut(M)| =  72,  Cycles:3(4:4:4:6:8) 
 "   0  1   2  3   4  5   6  7   8  9  10 11  12 13  14 15  16 17  18 19  20 21  22 23  24 25 "
 "   0  3   1  2   4  7   5  6   8 11   9 10  12 15  13 16  14 17  18 21  19 22  20 25  23 24 "
 "   0  5   1  4   2  7   3  6   8 19   9 18  10 21  11 24  12 17  13 14  15 16  20 23  22 25 "



    8: |Aut(M)| =  2,  Cycles:3(4:4:4:6:8) 
 "   0  1   2  3   4  5   6  7   8  9  10 11  12 13  14 15  16 17  18 19  20 21  22 23  24 25 "
 "   0  3   1  2   4  7   5  6   8 11   9 10  12 15  13 16  14 17  18 21  19 22  20 25  23 24 "
 "   0  5   1  4   2  7   3  8   6 19   9 18  10 13  11 22  12 23  14 25  15 24  16 21  17 20 "



    9: |Aut(M)| =  2,  Cycles:3(4:4:4:6:8) 
 "   0  1   2  3   4  5   6  7   8  9  10 11  12 13  14 15  16 17  18 19  20 21  22 23  24 25 "
 "   0  3   1  2   4  7   5  6   8 11   9 10  12 15  13 16  14 17  18 21  19 22  20 25  23 24 "
 "   0  5   1  4   2  7   3 12   6 13   8 19   9 18  10 21  11 20  14 23  15 16  17 24  22 25 "



   10: |Aut(M)| =  2,  Cycles:3(4:4:4:6:8) 
 "   0  1   2  3   4  5   6  7   8  9  10 11  12 13  14 15  16 17  18 19  20 21  22 23  24 25 "
 "   0  3   1  2   4  7   5  6   8 11   9 10  12 15  13 16  14 17  18 21  19 22  20 25  23 24 "
 "   0  5   1  4   2  7   3 12   6 19   8 17   9 20  10 25  11 24  13 18  14 23  15 22  16 21 "



   11: |Aut(M)| =  1,  Cycles:3(4:4:4:6:8) 
 "   0  1   2  3   4  5   6  7   8  9  10 11  12 13  14 15  16 17  18 19  20 21  22 23  24 25 "
 "   0  3   1  2   4  7   5  6   8 11   9 10  12 15  13 16  14 17  18 21  19 22  20 25  23 24 "
 "   0  5   1  4   2  7   3 12   6 19   8 21   9 20  10 25  11 16  13 18  14 23  15 22  17 24 "



   12: |Aut(M)| =  1,  Cycles:3(4:4:4:6:8) 
 "   0  1   2  3   4  5   6  7   8  9  10 11  12 13  14 15  16 17  18 19  20 21  22 23  24 25 "
 "   0  3   1  2   4  7   5  6   8 11   9 10  12 15  13 16  14 17  18 21  19 22  20 25  23 24 "
 "   0  5   1  4   2  7   3 18   6 19   8 13   9 12  10 15  11 20  14 23  16 25  17 24  21 22 "



   13: |Aut(M)| =  8,  Cycles:3(4:4:4:6:8) 
 "   0  1   2  3   4  5   6  7   8  9  10 11  12 13  14 15  16 17  18 19  20 21  22 23  24 25 "
 "   0  3   1  2   4  7   5  6   8 11   9 10  12 15  13 16  14 17  18 21  19 22  20 25  23 24 "
 "   0  5   1  4   2  9   3 12   6 15   7 14   8 13  10 17  11 16  18 23  19 20  21 24  22 25 "



   14: |Aut(M)| =  2,  Cycles:3(4:4:4:6:8) 
 "   0  1   2  3   4  5   6  7   8  9  10 11  12 13  14 15  16 17  18 19  20 21  22 23  24 25 "
 "   0  3   1  2   4  7   5  6   8 11   9 10  12 15  13 16  14 17  18 21  19 22  20 25  23 24 "
 "   0  5   1  4   2  9   3 12   6 15   7 18   8 25  10 21  11 20  13 24  14 19  16 23  17 22 "



   15: |Aut(M)| =  1,  Cycles:3(4:4:4:6:8) 
 "   0  1   2  3   4  5   6  7   8  9  10 11  12 13  14 15  16 17  18 19  20 21  22 23  24 25 "
 "   0  3   1  2   4  7   5  6   8 11   9 10  12 15  13 16  14 17  18 21  19 22  20 25  23 24 "
 "   0  5   1  4   2  9   3 12   6 19   7 10   8 21  11 18  13 20  14 23  15 22  16 25  17 24 "



   16: |Aut(M)| =  3,  Cycles:3(4:4:4:6:8) 
 "   0  1   2  3   4  5   6  7   8  9  10 11  12 13  14 15  16 17  18 19  20 21  22 23  24 25 "
 "   0  3   1  2   4  7   5  6   8 11   9 10  12 15  13 16  14 17  18 21  19 22  20 25  23 24 "
 "   0  5   1  8   2 13   3 12   4 19   6 15   7 22   9 18  10 21  11 20  14 23  16 25  17 24 "



   17: |Aut(M)| =  6,  Cycles:3(4:4:4:6:8) 
 "   0  1   2  3   4  5   6  7   8  9  10 11  12 13  14 15  16 17  18 19  20 21  22 23  24 25 "
 "   0  3   1  2   4  7   5  6   8 11   9 10  12 15  13 16  14 17  18 21  19 22  20 25  23 24 "
 "   0  5   1 12   2 15   3 14   4 13   6 17   7 16   8 19   9 18  10 21  11 24  20 23  22 25 "



   18: |Aut(M)| =  2,  Cycles:3(4:4:4:6:8) 
 "   0  1   2  3   4  5   6  7   8  9  10 11  12 13  14 15  16 17  18 19  20 21  22 23  24 25 "
 "   0  3   1  2   4  7   5  6   8 11   9 10  12 15  13 16  14 17  18 21  19 22  20 25  23 24 "
 "   0  5   1 12   2 15   3 14   4 19   6 23   7 22   8 21   9 20  10 25  11 16  13 18  17 24 "



   19: |Aut(M)| =  2,  Cycles:3(4:4:4:6:8) 
 "   0  1   2  3   4  5   6  7   8  9  10 11  12 13  14 15  16 17  18 19  20 21  22 23  24 25 "
 "   0  3   1  2   4  7   5  6   8 11   9 10  12 15  13 16  14 17  18 21  19 22  20 25  23 24 "
 "   0  5   1 12   2 15   3 14   4 19   6 25   7  8   9 24  10 23  11 22  13 18  16 21  17 20 "

