3-( 10,   5,  6)

        |Aut(D)|          Nd:             Ns: 
    ________________________________________________
             1        29494112         2133332
             2           54182            5778
             3            1419             551
             4            1912             320
             5              17               6
             6             231              74
             8             391              60
             9              17              10
            10               7               3
            12              32               8
            16              95              10
            18               4               1
            20               4               1
            24              18              10
            27               3               3
            32              26               4
            40               1               1
            48               8               3
            54               1               1
            64               4               0
            72               3               1
           128               2               0
           144               3               0
           240               1               1
           256               1               0
           320               2               0
           360               1               1
           640               2               1
           720               1               0
          1440               1               1
    ________________________________________________
         Total:       29552501         2140181

  29552501 matrices constructed in 19:22:45.32
   2140181 matrices have no replicated blocks
  61597221 matrices were fully constructed
         5 threads launched on level 4 
