

    1: |Aut(M)| =  24,  Cycles:120(6:9) 408(15)
 "   0  1  2   3  4  5   6  7  8   9 10 11  12 13 14 "
 "   0  3  6   1  4  7   2  9 12   5 10 13   8 11 14 "
 "   0  4  9   1  5 11   2  7 14   3  8 13   6 10 12 "
 "   0  5 14   1  3 12   2  6 11   4  8 10   7  9 13 "
 "   0  7 10   1  6 13   2  5  8   3  9 14   4 11 12 "
 "   0  8 12   1 10 14   2  4 13   3  7 11   5  6  9 "
 "   0 11 13   1  8  9   2  3 10   4  6 14   5  7 12 "


Orbits and generators of the Aut(M) acting on elements:
0  0  2  3  3  3  0  0  2  0  2  0  0  2  0
0  1  2  3  4  5  6  7  8  9 10 11 12 13 14
0  1  2  4  5  3  9 11 10 14 13 12  7  8  6
1  0  2  3  5  4 12 14 13 11 10  9  6  8  7

Orbits and generators of Aut(M) acting on matrix rows, |Aut(R)| = 24:
0  1  1  1  1  1  1
0  1  2  3  4  5  6
0  1  3  2  4  6  5
0  2  1  3  6  5  4

Orbits and generators of Aut(M) acting on k-sets, |Aut(K)| = 24:
0  1  0  0  0  5  5  7  8  7  5  5  7  8  7  5  5  7  8  7  7  7  8  5  5  7  7  8  5  5  7  7  8  5  5
0  1  2  3  4  5  6  7  8  9 10 11 12 13 14 15 16 17 18 19 20 21 22 23 24 25 26 27 28 29 30 31 32 33 34
0  1  2  4  3  6  5  7  8  9 16 15 17 18 19 11 10 12 13 14 21 20 22 24 23 31 30 32 33 34 26 25 27 28 29
0  1  3  2  4 11 10 12 13 14  6  5  7  8  9 16 15 17 18 19 31 30 32 34 33 26 25 27 29 28 21 20 22 24 23
2  1  0  3  4  6  5  9  8  7 28 29 25 27 26 34 33 31 32 30 20 21 22 24 23 12 14 13 10 11 19 17 18 16 15

SRG #1 of type 1 with parameters (v,k,λ μ) = (35,16,6,8): |Aut(G)| = 288
*1111111111111111000000000000000000  0
1*111111000000000111111111000000000  1
11*11110100000000100000000111111110  2
111*0000011110000011110000111100001  3
1110*000011001100010001110100011101  4
11100*00000101011001101001010011011  5
111000*0000010111000010111001100111  6
1100000*111000011101100110110000110  7
10100001*11000011110011001001111000  8
100110011*0110000001001101001010111  9
1001100110*001100000110011010101011 10
10010100010*11010100011110100101010 11
100100100101*0101110100011010011100 12
1000110000110*110111000101011100100 13
10001010001011*01101111000101010010 14
100001111001010*0010110010101010101 15
1000011110001010*011001100110101001 16
01100001100111100*01100110001111000 17
010110001000110110*1011010010110100 18
0101010101000110111*010000001001111 19
01010101001010110100*01001100110101 20
010100101011001100110*0101100011010 21
0100110011010010101010*011101100010 22
01001011010101001100010*01110110001 23
010010110011100101100010*0011001011 24
0100011011101100000011110*011001100 25
00111001000100111000111100*11001100 26
001101010010110010100001111*1010010 27
0011001011000111010100101111*000001 28
00110010101101001110101100000*00111 29
001011001100101101101101000100*0011 30
0010110010111000110101001110000*101 31
00101011010011010011100001100101*10 32
001001110111001000010110100101101*0 33
0001111001100001100110011000111100* 34

Vertex orbits and group generators of graph:
  0  0  0  3  3  3  3  0  0  3  3  0  0  0  0  3  3  0  0  3  3  0  0  3  3  0  0  0  3  3  3  3  0  0 34
  0  1  1  3  3  3  3  1  1  3  3 11 11 11 11  3  3 17 18 19 19 21 21 19 19 18 18 21 19 19 19 19 21 18 34
  0  1  2  3  4  5  6  7  8  9 10 11 12 13 14 15 16 17 18 19 20 21 22 23 24 25 26 27 28 29 30 31 32 33 34
  0  1  2  4  3  6  5  7  8 10  9 14 13 12 11 16 15 17 18 24 23 22 21 20 19 25 26 32 31 30 29 28 27 33 34
  0  2  1  3  4  6  5  8  7  9 10 12 11 14 13 16 15 17 26 28 29 27 32 30 31 33 18 21 19 20 23 24 22 25 34
  1  0  2  3  5  4  6  7 17 19 20 18 21 22 25 24 23  8 11  9 10 12 13 16 15 14 27 26 28 29 31 30 33 32 34



    2: |Aut(M)| =  12,  Cycles:180(6:9) 360(15)
 "   0  1  2   3  4  5   6  7  8   9 10 11  12 13 14 "
 "   0  3  6   1  4  7   2  9 12   5 10 13   8 11 14 "
 "   0  4  9   1  5 14   2  6 11   3  8 13   7 10 12 "
 "   0  5 11   1  3 12   2  7 14   4  8 10   6  9 13 "
 "   0  7 13   1  6 10   2  5  8   3  9 14   4 11 12 "
 "   0  8 12   1 11 13   2  3 10   4  6 14   5  7  9 "
 "   0 10 14   1  8  9   2  4 13   3  7 11   5  6 12 "


Orbits and generators of the Aut(M) acting on elements:
0  0  2  2  2  5  0  0  2  9  2  9  9  2  9
0  1  2  3  4  5  6  7  8  9 10 11 12 13 14
0  6  3 13 10  5  7  1  4 14  8 11  9  2 12
1  0  2  4  3  5  7  6  8 12 13 14  9 10 11

Orbits and generators of Aut(M) acting on matrix rows, |Aut(R)| = 12:
0  0  2  2  0  2  2
0  1  2  3  4  5  6
0  1  3  2  4  6  5
1  4  2  5  0  6  3

Orbits and generators of Aut(M) acting on k-sets, |Aut(K)| = 12:
0  1  0  3  3  0  0  3  1  3 10 11 10 13 10 11 10 10 13 10  0  0  1  3  3 10 10 13 10 11 10 10 13 10 11
0  1  2  3  4  5  6  7  8  9 10 11 12 13 14 15 16 17 18 19 20 21 22 23 24 25 26 27 28 29 30 31 32 33 34
0  1  2  4  3  6  5  7  8  9 16 15 17 18 19 11 10 12 13 14 21 20 22 24 23 31 30 32 33 34 26 25 27 28 29
2  1  0  3  4  6  5  9  8  7 33 34 31 32 30 29 28 25 27 26 20 21 22 24 23 17 19 18 16 15 14 12 13 10 11

SRG #2 of type 1 with parameters (v,k,λ μ) = (35,16,6,8): |Aut(G)| = 2
*1111111111111111000000000000000000  0
1*111111000000000111111111000000000  1
11*11110100000000100000000111111110  2
111*0000011110000011110000111100001  3
1110*000011001100010001110100011101  4
11100*00000101011001101001010011011  5
111000*0000010111000010111001100111  6
1100000*111000011101100110110000110  7
10100001*11000011110011001001111000  8
100110011*0110000001001101001010111  9
1001100110*001100000110011010101011 10
10010100010*11010100011110100101010 11
100100100101*0101110100011010011100 12
1000110000110*110111000101011100100 13
10001010001011*01101111000101010010 14
100001111001010*0010110010101010101 15
1000011110001010*011001100110101001 16
01100001100111100*01011010011001100 17
010110001000110110*1110100000111100 18
0101010101000110111*000010001110011 19
01010101001010110010*01001101001110 20
010100101011001101100*1100010010011 21
0100110011010010110011*001100100101 22
01001011010101001010010*01111001010 23
010010110011100101010000*1100111001 24
0100011011101100000010111*011110000 25
00111001000100111000101110*11110000 26
001101010010110011000101011*0010101 27
0011001011000111010110010110*001001 28
00110010101101001011001011100*00110 29
001011001100101100110100111100*0010 30
0010110010111000111010011000100*011 31
00101011010011010110101000010100*11 32
001001110111001000011101000001111*0 33
0001111001100001100101101001100110* 34

Vertex orbits and group generators of graph:
  0  1  1  3  4  5  5  7  7  9 10 11 11 13 13 15 15 17 18 19 20 21 22 23 24 25 18 21 19 20 23 24 22 25 34
  0  1  1  3  3  3  3  1  1  3  3 11 11 11 11  3  3 17 18 19 19 21 21 19 19 18 18 21 19 19 19 19 21 18 34
  0  1  2  3  4  5  6  7  8  9 10 11 12 13 14 15 16 17 18 19 20 21 22 23 24 25 26 27 28 29 30 31 32 33 34
  0  2  1  3  4  6  5  8  7  9 10 12 11 14 13 16 15 17 26 28 29 27 32 30 31 33 18 21 19 20 23 24 22 25 34



    3: |Aut(M)| =  24,  Cycles:120(6:9) 408(15)
 "   0  1  2   3  4  5   6  7  8   9 10 11  12 13 14 "
 "   0  3  6   1  4  7   2  9 12   5 10 13   8 11 14 "
 "   0  4  9   1 10 14   2  6 11   3  8 13   5  7 12 "
 "   0  5 14   1  8  9   2  4 13   3  7 11   6 10 12 "
 "   0  7 10   1  6 13   2  5  8   3  9 14   4 11 12 "
 "   0  8 12   1  5 11   2  3 10   4  6 14   7  9 13 "
 "   0 11 13   1  3 12   2  7 14   4  8 10   5  6  9 "


Orbits and generators of the Aut(M) acting on elements:
0  0  0  3  3  3  0  0  0  0  0  0  0  0  0
0  1  2  3  4  5  6  7  8  9 10 11 12 13 14
0  2  1  5  4  3 14 13 12  9 11 10  8  7  6
1  0  2  4  3  5  7  6  8 12 13 14  9 10 11

Orbits and generators of Aut(M) acting on matrix rows, |Aut(R)| = 24:
0  1  1  1  1  1  1
0  1  2  3  4  5  6
0  1  3  2  4  6  5
0  2  1  3  5  4  6

Orbits and generators of Aut(M) acting on k-sets, |Aut(K)| = 24:
0  1  0  0  0  5  5  7  8  7  8  7  7  5  5  5  7  5  8  7  7  7  8  5  5  7  5  5  8  7  7  8  7  5  5
0  1  2  3  4  5  6  7  8  9 10 11 12 13 14 15 16 17 18 19 20 21 22 23 24 25 26 27 28 29 30 31 32 33 34
0  1  2  4  3  6  5  7  8  9 31 30 32 33 34 26 25 27 28 29 21 20 22 24 23 16 15 17 18 19 11 10 12 13 14
0  1  3  2  4 27 26 25 28 29 22 21 20 23 24 17 16 15 18 19 12 11 10 13 14  7  6  5  8  9 32 31 30 34 33
2  1  0  3  4  6  5  9  8  7 18 19 16 17 15 14 12 13 10 11 20 21 22 24 23 32 34 33 31 30 29 28 25 27 26


    4: |Aut(M)| =  12,  Cycles:180(6:9) 360(15)
 "   0  1  2   3  4  5   6  7  8   9 10 11  12 13 14 "
 "   0  3  6   1  4  7   2  9 12   5 10 13   8 11 14 "
 "   0  4  9   1 11 13   2  7 14   3  8 10   5  6 12 "
 "   0  5 11   1  8  9   2  3 13   4  6 14   7 10 12 "
 "   0  7 13   1  6 10   2  5  8   3  9 14   4 11 12 "
 "   0  8 12   1  5 14   2  4 10   3  7 11   6  9 13 "
 "   0 10 14   1  3 12   2  6 11   4  8 13   5  7  9 "


Orbits and generators of the Aut(M) acting on elements:
0  0  2  2  2  5  0  0  2  9  2  9  9  2  9
0  1  2  3  4  5  6  7  8  9 10 11 12 13 14
0  6  3 13 10  5  7  1  4 14  8 11  9  2 12
1  0  2  4  3  5  7  6  8 12 13 14  9 10 11

Orbits and generators of Aut(M) acting on matrix rows, |Aut(R)| = 12:
0  0  2  2  0  2  2
0  1  2  3  4  5  6
0  1  3  2  4  6  5
1  4  2  5  0  6  3

Orbits and generators of Aut(M) acting on k-sets, |Aut(K)| = 12:
0  1  0  3  3  0  0  3  1  3 10 10 10 13 14 14 10 13 10 10  0  0  1  3  3 10 14 13 10 10 10 10 10 13 14
0  1  2  3  4  5  6  7  8  9 10 11 12 13 14 15 16 17 18 19 20 21 22 23 24 25 26 27 28 29 30 31 32 33 34
0  1  2  4  3  6  5  7  8  9 31 30 32 33 34 26 25 27 28 29 21 20 22 24 23 16 15 17 18 19 11 10 12 13 14
2  1  0  3  4  6  5  9  8  7 28 29 25 27 26 34 32 33 31 30 20 21 22 24 23 12 14 13 10 11 19 18 16 17 15


    5: |Aut(M)| =  168,  Cycles:504(15)
 "   0  1  2   3  4  5   6  7  8   9 10 11  12 13 14 "
 "   0  3  6   1  4  7   2  9 12   5 10 13   8 11 14 "
 "   0  4 11   1  3 14   2  5  8   6  9 13   7 10 12 "
 "   0  5 12   1  6 10   2  7 11   3  8 13   4  9 14 "
 "   0  7 13   1  5  9   2  6 14   3 11 12   4  8 10 "
 "   0  8  9   1 11 13   2  3 10   4  6 12   5  7 14 "
 "   0 10 14   1  8 12   2  4 13   3  7  9   5  6 11 "


Orbits and generators of the Aut(M) acting on elements:
0  0  0  0  0  0  0  0  8  0  0  0  0  0  0
0  1  2  3  4  5  6  7  8  9 10 11 12 13 14
0  2  1 13 14 12  7  6  8  9 11 10  5  3  4
1  0  2  4  3  5  7  6  8 12 13 14  9 10 11

Orbits and generators of Aut(M) acting on matrix rows, |Aut(R)| = 168:
0  0  0  0  0  0  0
0  1  2  3  4  5  6
0  1  2  4  3  6  5
0  2  1  3  6  5  4
1  0  2  3  4  6  5

Orbits and generators of Aut(M) acting on k-sets, |Aut(K)| = 168:
0  0  2  0  0  0  0  0  0  2  0  0  2  0  0  0  0  0  2  0  0  0  0  0  2  2  0  0  0  0  0  2  0  0  0
0  1  2  3  4  5  6  7  8  9 10 11 12 13 14 15 16 17 18 19 20 21 22 23 24 25 26 27 28 29 30 31 32 33 34
0  1  2  4  3  6  5  7  8  9 11 10 12 14 13 21 20 22 24 23 16 15 17 19 18 31 30 32 33 34 26 25 27 28 29
0  3  2  1  4 17 16 15 19 18 27 26 25 29 28  7  6  5  9  8 22 21 20 23 24 12 11 10 14 13 32 31 30 34 33
1  0  2  3  4  6  5  8  7  9 10 11 12 14 13 32 33 34 31 30 28 27 29 26 25 24 23 21 20 22 19 18 15 16 17

SRG #3 of type 1 with parameters (v,k,λ μ) = (35,16,6,8): |Aut(G)| = 40320
It's a rank 3 graph with (α, β) = (6, 8)
*1111111111111111000000000000000000  0
1*111111000000000111111111000000000  1
11*11000111000000111000000111111000  2
111*1000000111000000111000111000111  3
1111*000000000111000000111000111111  4
11000*11100100100100100100110110110  5
110001*1010010010010010010101101101  6
1100011*001001001001001001011011011  7
10100100*11100100100011011001001110  8
101000101*1010010010101101010010101  9
1010000111*001001001110110100100011 10
10010100100*11100011100011001110001 11
100100100101*1010101010101010101010 12
1001000100111*001110001110100011100 13
10001100100100*11011011100110001001 14
100010100100101*1101101010101010010 15
1000100100100111*110110001011100100 16
01100100100011011*11100100001001110 17
011000100101011011*1010010010010101 18
0110000100111011011*001001100100011 19
01010100011100011100*11100001110001 20
010100101010101010101*1010010101010 21
0101000111000111000111*001100011100 22
01001100011011100100100*11110001001 23
010010101011010100100101*1101010010 24
0100100111011000100100111*011100100 25
00110110001001110001001110*11100100 26
001101010100101010100101011*1010010 27
0011001110010001110010001111*001001 28
00101110001110001001110001100*11100 29
001011010101010100101010100101*1010 30
0010101110001110010001110000111*001 31
00011110110001001110001001100100*11 32
000111011010100101010100100100101*1 33
0001101101110010001110010000100111* 34

Vertex orbits and group generators of graph:
  0  0  0  0  0  0  0  0  0  0  0  0  0  0  0  0  0  0  0  0  0  0  0  0  0  0  0  0  0  0  0  0  0  0  0
  0  1  1  1  1  1  1  1  1  1  1  1  1  1  1  1  1 17 17 17 17 17 17 17 17 17 17 17 17 17 17 17 17 17 17
  0  1  2  3  4  5  6  7  8  9 10 11 12 13 14 15 16 17 18 19 20 21 22 23 24 25 26 27 28 29 30 31 32 33 34
  0  1  2  3  4  5  7  6  8 10  9 11 13 12 14 16 15 17 19 18 20 22 21 23 25 24 27 26 28 30 29 31 33 32 34
  0  1  2  3  4  6  5  7  9  8 10 12 11 13 15 14 16 18 17 19 21 20 22 24 23 25 26 28 27 29 31 30 32 34 33
  0  1  2  4  3  5  6  7  8  9 10 14 15 16 11 12 13 17 18 19 23 24 25 20 21 22 29 30 31 26 27 28 32 33 34
  0  1  3  2  4  5  6  7 11 12 13  8  9 10 14 15 16 20 21 22 17 18 19 23 24 25 26 27 28 32 33 34 29 30 31
  0  2  1  3  4 10  9  8  7  6  5 13 12 11 16 15 14 19 18 17 26 27 28 29 30 31 20 21 22 23 24 25 34 33 32
  1  0  2  3  4  5  6  7 17 18 19 20 21 22 23 24 25  8  9 10 11 12 13 14 15 16 26 27 28 29 30 31 32 33 34



    6: |Aut(M)| =  168,  Cycles:504(15)
 "   0  1  2   3  4  5   6  7  8   9 10 11  12 13 14 "
 "   0  3  6   1  4  7   2  9 12   5 10 13   8 11 14 "
 "   0  4 11   1  3 14   2  5  8   6  9 13   7 10 12 "
 "   0  5 12   1 11 13   2  6 14   3  7  9   4  8 10 "
 "   0  7 13   1  8 12   2  3 10   4  9 14   5  6 11 "
 "   0  8  9   1  6 10   2  4 13   3 11 12   5  7 14 "
 "   0 10 14   1  5  9   2  7 11   3  8 13   4  6 12 "


Orbits and generators of the Aut(M) acting on elements:
0  0  2  0  0  2  2  2  2  0  0  2  0  0  2
0  1  2  3  4  5  6  7  8  9 10 11 12 13 14
0  1  2  9 10 11  8  6  7 13 12 14  4  3  5
0  3  6  4  1  7 11 14  8  9 12  2 13 10  5
1  0  2  4  3  5  7  6  8 12 13 14  9 10 11

Orbits and generators of Aut(M) acting on matrix rows, |Aut(R)| = 168:
0  0  0  0  0  0  0
0  1  2  3  4  5  6
0  1  2  4  3  6  5
0  2  1  3  4  6  5
1  0  2  3  5  4  6

Orbits and generators of Aut(M) acting on k-sets, |Aut(K)| = 168:
0  0  2  0  0  0  0  0  0  2  0  0  2  0  0  0  0  2  0  0  0  0  0  0  2  0  0  0  0  2  0  0  2  0  0
0  1  2  3  4  5  6  7  8  9 10 11 12 13 14 15 16 17 18 19 20 21 22 23 24 25 26 27 28 29 30 31 32 33 34
0  1  2  4  3  6  5  7  8  9 11 10 12 14 13 31 30 32 34 33 26 25 27 28 29 21 20 22 23 24 16 15 17 19 18
0  3  2  1  4 26 25 27 28 29 31 30 32 34 33 16 15 17 19 18 21 20 22 23 24  6  5  7  8  9 11 10 12 14 13
1  0  2  3  4  6  5  8  7  9 10 11 12 14 13 27 28 29 26 25 34 33 31 30 32 19 18 15 16 17 23 22 24 21 20


    7: |Aut(M)| =  21,  Cycles:210(6:9) 336(15)
 "   0  1  2   3  4  5   6  7  8   9 10 11  12 13 14 "
 "   0  3  6   1  4  9   2  7 12   5 10 13   8 11 14 "
 "   0  4  8   1  3 12   2 11 13   5  7  9   6 10 14 "
 "   0  5 11   1  7 10   2  3 14   4  6 13   8  9 12 "
 "   0  7 13   1  5 14   2  6  9   3  8 10   4 11 12 "
 "   0  9 14   1  8 13   2  4 10   3  7 11   5  6 12 "
 "   0 10 12   1  6 11   2  5  8   3  9 13   4  7 14 "


Orbits and generators of the Aut(M) acting on elements:
0  0  2  0  0  2  2  2  2  2  0 11  2  0  0
0  1  2  3  4  5  6  7  8  9 10 11 12 13 14
0  3  6 13 10  5  7  2 12  8 14 11  9  1  4
1  3 12 10 14  6  7  9  5  2 13 11  8  4  0

Orbits and generators of Aut(M) acting on matrix rows, |Aut(R)| = 21:
0  0  0  0  0  0  0
0  1  2  3  4  5  6
0  5  4  2  3  6  1
1  2  0  6  3  5  4

Orbits and generators of Aut(M) acting on k-sets, |Aut(K)| = 21:
0  0  2  3  0  0  0  2  0  3  0  0  3  2  0  3  0  0  0  2  0  0  2  0  3  0  0  0  3  2  0  3  2  0  0
0  1  2  3  4  5  6  7  8  9 10 11 12 13 14 15 16 17 18 19 20 21 22 23 24 25 26 27 28 29 30 31 32 33 34
1  4  2  3  0 34 33 32 30 31 18 17 15 19 16 24 23 21 20 22 10 11 13 14 12  6  5  8  9  7 27 28 29 25 26

SRG #4 of type 1 with parameters (v,k,λ μ) = (35,16,6,8): |Aut(G)| = 21
*1111111111111111000000000000000000  0
1*111111000000000111111111000000000  1
11*11100110000000110000000111111100  2
111*0010001110000001110000111100011  3
1110*001001001100000001110110011011  4
11100*00100100011001001101001010111  5
110100*0010011010000101011000111110  6
1100100*000101101100110001001101101  7
10100100*01000111010110011100101010  8
101000100*0101110111000011110000101  9
1001100010*010110101010110000110101 10
10010101010*10001010010110010001111 11
100100100011*0101110001101101011000 12
1000101101000*011011010100101110010 13
10001001111010*00011101001011000110 14
100001101110010*0100111100011001001 15
1000010110011100*101101010110110000 16
01100001011010011*10101100100100101 17
011000001101111001*0110110001010010 18
0101010001100110100*110101110010100 19
01010011100000111111*00000010011011 20
010100011011010100110*1010101001100 21
0100111000001011110001*010111000110 22
01001100001111010111000*01010101010 23
010010101111000010100110*1010110001 24
0100011111001010000100011*101101001 25
00111000110011001101011001*00001011 26
001110000101001110011011100*1101000 27
0011010100001111001001100101*110001 28
00110011101001001100000111011*00110 29
001011100010110010111000100010*1101 30
0010101110011001000011010111001*100 31
00100111011100100101011000000111*10 32
000111101001011000101011001001001*1 33
0001110101110001010010001110101001* 34

Vertex orbits and group generators of graph:
  0  1  1  3  1  1  1  3  3  3  1  1  1  1  1  1  1  0  1  0  1  1  3  3  0  1  1  1  0  1  3  0  1  0  1
  0  1  2  3  4  4  6  3  3  9  1  2  4  6  2  6  1 17 18 17 20 20 22 22 17 25 25 18 28 20 22 28 18 28 25
  0  1  2  3  4  5  6  7  8  9 10 11 12 13 14 15 16 17 18 19 20 21 22 23 24 25 26 27 28 29 30 31 32 33 34
  0 10 14  8 12  4 15  3  7  9 16  2  5  6 11 13  1 19 32 24 21 29 23 30 17 34 25 18 33 20 22 28 27 31 26
 17 34 15  9 20 10 26  7 23 22 18 32  2 16  1 12 29 28  5 24 25 11  3 30 33  4 27  6  0 13  8 31 21 19 14

