

    1: |Aut(M)| =  168,  Cycles:504(15)
 "   0  1  2   3  4  5   6  7  8   9 10 11  12 13 14 "
 "   0  3  6   1  4  7   2  9 12   5 10 13   8 11 14 "
 "   0  4 11   1  3 14   2  5  8   6  9 13   7 10 12 "
 "   0  5 12   1  6 10   2  7 11   3  8 13   4  9 14 "
 "   0  7 13   1  5  9   2  6 14   3 11 12   4  8 10 "
 "   0  8  9   1 11 13   2  3 10   4  6 12   5  7 14 "
 "   0 10 14   1  8 12   2  4 13   3  7  9   5  6 11 "


Orbits and generators of the Aut(M) acting on elements:
0  0  0  0  0  0  0  0  8  0  0  0  0  0  0
0  1  2  3  4  5  6  7  8  9 10 11 12 13 14
0  2  1 13 14 12  7  6  8  9 11 10  5  3  4
1  0  2  4  3  5  7  6  8 12 13 14  9 10 11

Orbits and generators of Aut(M) acting on matrix rows, |Aut(R)| = 168:
0  0  0  0  0  0  0
0  1  2  3  4  5  6
0  1  2  4  3  6  5
0  2  1  3  6  5  4
1  0  2  3  4  6  5

Orbits and generators of Aut(M) acting on k-sets, |Aut(K)| = 168:
0  0  2  0  0  0  0  0  0  2  0  0  2  0  0  0  0  0  2  0  0  0  0  0  2  2  0  0  0  0  0  2  0  0  0
0  1  2  3  4  5  6  7  8  9 10 11 12 13 14 15 16 17 18 19 20 21 22 23 24 25 26 27 28 29 30 31 32 33 34
0  1  2  4  3  6  5  7  8  9 11 10 12 14 13 21 20 22 24 23 16 15 17 19 18 31 30 32 33 34 26 25 27 28 29
0  3  2  1  4 17 16 15 19 18 27 26 25 29 28  7  6  5  9  8 22 21 20 23 24 12 11 10 14 13 32 31 30 34 33
1  0  2  3  4  6  5  8  7  9 10 11 12 14 13 32 33 34 31 30 28 27 29 26 25 24 23 21 20 22 19 18 15 16 17

SRG #1 of type 1 with parameters (v,k,λ μ) = (35,16,6,8): |Aut(G)| = 40320
It's a rank 3 graph with (α, β) = (6, 8)
*1111111111111111000000000000000000  0
1*111111000000000111111111000000000  1
11*11000111000000111000000111111000  2
111*1000000111000000111000111000111  3
1111*000000000111000000111000111111  4
11000*11100100100100100100110110110  5
110001*1010010010010010010101101101  6
1100011*001001001001001001011011011  7
10100100*11100100100011011001001110  8
101000101*1010010010101101010010101  9
1010000111*001001001110110100100011 10
10010100100*11100011100011001110001 11
100100100101*1010101010101010101010 12
1001000100111*001110001110100011100 13
10001100100100*11011011100110001001 14
100010100100101*1101101010101010010 15
1000100100100111*110110001011100100 16
01100100100011011*11100100001001110 17
011000100101011011*1010010010010101 18
0110000100111011011*001001100100011 19
01010100011100011100*11100001110001 20
010100101010101010101*1010010101010 21
0101000111000111000111*001100011100 22
01001100011011100100100*11110001001 23
010010101011010100100101*1101010010 24
0100100111011000100100111*011100100 25
00110110001001110001001110*11100100 26
001101010100101010100101011*1010010 27
0011001110010001110010001111*001001 28
00101110001110001001110001100*11100 29
001011010101010100101010100101*1010 30
0010101110001110010001110000111*001 31
00011110110001001110001001100100*11 32
000111011010100101010100100100101*1 33
0001101101110010001110010000100111* 34

Vertex orbits and group generators of graph:
  0  0  0  0  0  0  0  0  0  0  0  0  0  0  0  0  0  0  0  0  0  0  0  0  0  0  0  0  0  0  0  0  0  0  0
  0  1  1  1  1  1  1  1  1  1  1  1  1  1  1  1  1 17 17 17 17 17 17 17 17 17 17 17 17 17 17 17 17 17 17
  0  1  2  3  4  5  6  7  8  9 10 11 12 13 14 15 16 17 18 19 20 21 22 23 24 25 26 27 28 29 30 31 32 33 34
  0  1  2  3  4  5  7  6  8 10  9 11 13 12 14 16 15 17 19 18 20 22 21 23 25 24 27 26 28 30 29 31 33 32 34
  0  1  2  3  4  6  5  7  9  8 10 12 11 13 15 14 16 18 17 19 21 20 22 24 23 25 26 28 27 29 31 30 32 34 33
  0  1  2  4  3  5  6  7  8  9 10 14 15 16 11 12 13 17 18 19 23 24 25 20 21 22 29 30 31 26 27 28 32 33 34
  0  1  3  2  4  5  6  7 11 12 13  8  9 10 14 15 16 20 21 22 17 18 19 23 24 25 26 27 28 32 33 34 29 30 31
  0  2  1  3  4 10  9  8  7  6  5 13 12 11 16 15 14 19 18 17 26 27 28 29 30 31 20 21 22 23 24 25 34 33 32
  1  0  2  3  4  5  6  7 17 18 19 20 21 22 23 24 25  8  9 10 11 12 13 14 15 16 26 27 28 29 30 31 32 33 34



    2: |Aut(M)| =  168,  Cycles:504(15)
 "   0  1  2   3  4  5   6  7  8   9 10 11  12 13 14 "
 "   0  3  6   1  4  7   2  9 12   5 10 13   8 11 14 "
 "   0  4 11   1  3 14   2  5  8   6  9 13   7 10 12 "
 "   0  5 12   1 11 13   2  6 14   3  7  9   4  8 10 "
 "   0  7 13   1  8 12   2  3 10   4  9 14   5  6 11 "
 "   0  8  9   1  6 10   2  4 13   3 11 12   5  7 14 "
 "   0 10 14   1  5  9   2  7 11   3  8 13   4  6 12 "


Orbits and generators of the Aut(M) acting on elements:
0  0  2  0  0  2  2  2  2  0  0  2  0  0  2
0  1  2  3  4  5  6  7  8  9 10 11 12 13 14
0  1  2  9 10 11  8  6  7 13 12 14  4  3  5
0  3  6  4  1  7 11 14  8  9 12  2 13 10  5
1  0  2  4  3  5  7  6  8 12 13 14  9 10 11

Orbits and generators of Aut(M) acting on matrix rows, |Aut(R)| = 168:
0  0  0  0  0  0  0
0  1  2  3  4  5  6
0  1  2  4  3  6  5
0  2  1  3  4  6  5
1  0  2  3  5  4  6

Orbits and generators of Aut(M) acting on k-sets, |Aut(K)| = 168:
0  0  2  0  0  0  0  0  0  2  0  0  2  0  0  0  0  2  0  0  0  0  0  0  2  0  0  0  0  2  0  0  2  0  0
0  1  2  3  4  5  6  7  8  9 10 11 12 13 14 15 16 17 18 19 20 21 22 23 24 25 26 27 28 29 30 31 32 33 34
0  1  2  4  3  6  5  7  8  9 11 10 12 14 13 31 30 32 34 33 26 25 27 28 29 21 20 22 23 24 16 15 17 19 18
0  3  2  1  4 26 25 27 28 29 31 30 32 34 33 16 15 17 19 18 21 20 22 23 24  6  5  7  8  9 11 10 12 14 13
1  0  2  3  4  6  5  8  7  9 10 11 12 14 13 27 28 29 26 25 34 33 31 30 32 19 18 15 16 17 23 22 24 21 20
