BIBD( 10,  30, 12,  4,  4)

        |Aut(D)|          Nd:             Ns: 
    ________________________________________________
             1        13745800        10070686
             2           22113           10318
             3            1041             525
             4             662              94
             5              13              13
             6             113              52
             8             104              20
             9               6               6
            10               9               8
            12              29               6
            16              16               4
            18               4               2
            20               1               0
            24              10               2
            32              12               5
            36               1               0
            48               3               1
            64               2               0
            96               2               0
           192               1               0
           720               1               0
          1440               1               1
    ________________________________________________
         Total:       13769944        10081743

  13769944 matrices constructed in 41:44.71
  10081743 matrices have no replicated blocks
  25791643 matrices were fully constructed
        15 threads were used
