

    1: |Aut(M)| =  144,  Cycles:6(6:6:9) 
 "   0  1  2   3  4  5   6  7  8   9 10 11  12 13 14  15 16 17  18 19 20 "
 "   0  4  8   1  3 11   2  6 10   5  7  9  12 16 20  13 17 18  14 15 19 "



    2: |Aut(M)| =  4,  Cycles:2(6:6:9) 4(6:15) 
 "   0  1  2   3  4  5   6  7  8   9 10 11  12 13 14  15 16 17  18 19 20 "
 "   0  4  8   1  3 11   2  6 10   5  7 12   9 16 20  13 17 18  14 15 19 "



    3: |Aut(M)| =  2,  Cycles:2(6:6:9) 4(6:15) 
 "   0  1  2   3  4  5   6  7  8   9 10 11  12 13 14  15 16 17  18 19 20 "
 "   0  4  8   1  3 11   2  6 10   5 12 16   7 14 18   9 17 19  13 15 20 "



    4: |Aut(M)| =  12,  Cycles:6(6:6:9) 
 "   0  1  2   3  4  5   6  7  8   9 10 11  12 13 14  15 16 17  18 19 20 "
 "   0  4  8   1  3 11   2  6 10   5 12 16   7 17 18   9 14 19  13 15 20 "



    5: |Aut(M)| =  4,  Cycles:4(6:6:9) 2(21) 
 "   0  1  2   3  4  5   6  7  8   9 10 11  12 13 14  15 16 17  18 19 20 "
 "   0  4  8   1  3 11   2  6 13   5  9 16   7 12 20  10 17 18  14 15 19 "



    6: |Aut(M)| =  2,  Cycles:2(6:6:9) 2(6:15) 2(9:12) 
 "   0  1  2   3  4  5   6  7  8   9 10 11  12 13 14  15 16 17  18 19 20 "
 "   0  4  8   1  3 11   2  6 13   5  9 16   7 15 20  10 14 18  12 17 19 "



    7: |Aut(M)| =  1,  Cycles:4(6:15) 2(21) 
 "   0  1  2   3  4  5   6  7  8   9 10 11  12 13 14  15 16 17  18 19 20 "
 "   0  4  8   1  3 11   2  6 13   5 10 12   7 15 20   9 17 19  14 16 18 "



    8: |Aut(M)| =  4,  Cycles:2(6:6:9) 4(6:15) 
 "   0  1  2   3  4  5   6  7  8   9 10 11  12 13 14  15 16 17  18 19 20 "
 "   0  4  8   1  3 11   2  6 13   5 10 15   7 14 18   9 16 20  12 17 19 "



    9: |Aut(M)| =  2,  Cycles:4(6:15) 2(21) 
 "   0  1  2   3  4  5   6  7  8   9 10 11  12 13 14  15 16 17  18 19 20 "
 "   0  4  8   1  3 11   2  6 13   5 10 15   7 17 18   9 14 19  12 16 20 "



   10: |Aut(M)| =  4,  Cycles:4(6:15) 2(21) 
 "   0  1  2   3  4  5   6  7  8   9 10 11  12 13 14  15 16 17  18 19 20 "
 "   0  4  8   1  3 11   2  6 13   5 12 16   7  9 20  10 17 18  14 15 19 "



   11: |Aut(M)| =  4,  Cycles:4(6:6:9) 2(21) 
 "   0  1  2   3  4  5   6  7  8   9 10 11  12 13 14  15 16 17  18 19 20 "
 "   0  4  8   1  3 11   2  6 13   5 12 16   7 15 20   9 14 19  10 17 18 "



   12: |Aut(M)| =  1,  Cycles:2(6:6:9) 2(6:15) 2(9:12) 
 "   0  1  2   3  4  5   6  7  8   9 10 11  12 13 14  15 16 17  18 19 20 "
 "   0  4  8   1  3 11   2  6 13   5 12 16   7 15 20   9 17 19  10 14 18 "



   13: |Aut(M)| =  4,  Cycles:4(6:15) 2(21) 
 "   0  1  2   3  4  5   6  7  8   9 10 11  12 13 14  15 16 17  18 19 20 "
 "   0  4  8   1  3 11   2  6 13   5 15 19   7 17 18   9 14 16  10 12 20 "



   14: |Aut(M)| =  48,  Cycles:2(6:6:9) 4(9:12) 
 "   0  1  2   3  4  5   6  7  8   9 10 11  12 13 14  15 16 17  18 19 20 "
 "   0  4  8   1  3 11   2  7  9   5  6 10  12 16 20  13 17 18  14 15 19 "



   15: |Aut(M)| =  2,  Cycles:2(6:15) 2(9:12) 2(21) 
 "   0  1  2   3  4  5   6  7  8   9 10 11  12 13 14  15 16 17  18 19 20 "
 "   0  4  8   1  3 11   2  7  9   5  6 13  10 15 20  12 17 19  14 16 18 "



   16: |Aut(M)| =  4,  Cycles:2(6:6:9) 4(21) 
 "   0  1  2   3  4  5   6  7  8   9 10 11  12 13 14  15 16 17  18 19 20 "
 "   0  4  8   1  3 11   2  7  9   5 12 16   6 10 20  13 17 18  14 15 19 "



   17: |Aut(M)| =  2,  Cycles:4(6:15) 2(21) 
 "   0  1  2   3  4  5   6  7  8   9 10 11  12 13 14  15 16 17  18 19 20 "
 "   0  4  8   1  3 11   2  7  9   5 12 16   6 13 20  10 17 18  14 15 19 "



   18: |Aut(M)| =  4,  Cycles:2(6:6:9) 4(21) 
 "   0  1  2   3  4  5   6  7  8   9 10 11  12 13 14  15 16 17  18 19 20 "
 "   0  4  8   1  3 11   2  7  9   5 12 16   6 17 19  10 14 18  13 15 20 "



   19: |Aut(M)| =  4,  Cycles:2(6:6:9) 4(9:12) 
 "   0  1  2   3  4  5   6  7  8   9 10 11  12 13 14  15 16 17  18 19 20 "
 "   0  4  8   1  3 11   2  7 12   5 10 15   6 13 20   9 17 19  14 16 18 "



   20: |Aut(M)| =  2,  Cycles:2(6:15) 2(9:12) 2(21) 
 "   0  1  2   3  4  5   6  7  8   9 10 11  12 13 14  15 16 17  18 19 20 "
 "   0  4  8   1  3 11   2  7 12   5 10 15   6 16 20   9 14 19  13 17 18 "



   21: |Aut(M)| =  2,  Cycles:2(6:15) 2(9:12) 2(21) 
 "   0  1  2   3  4  5   6  7  8   9 10 11  12 13 14  15 16 17  18 19 20 "
 "   0  4  8   1  3 11   2  7 12   5 13 15   6 10 20   9 17 19  14 16 18 "



   22: |Aut(M)| =  1,  Cycles:2(6:15) 2(9:12) 2(21) 
 "   0  1  2   3  4  5   6  7  8   9 10 11  12 13 14  15 16 17  18 19 20 "
 "   0  4  8   1  3 11   2  7 12   5 13 15   6 14 19   9 16 20  10 17 18 "



   23: |Aut(M)| =  2,  Cycles:2(6:6:9) 4(21) 
 "   0  1  2   3  4  5   6  7  8   9 10 11  12 13 14  15 16 17  18 19 20 "
 "   0  4  8   1  3 11   2  7 12   5 13 15   6 16 20   9 14 19  10 17 18 "



   24: |Aut(M)| =  2,  Cycles:4(6:15) 2(21) 
 "   0  1  2   3  4  5   6  7  8   9 10 11  12 13 14  15 16 17  18 19 20 "
 "   0  4  8   1  3 11   2  7 12   5 13 15   6 17 19   9 16 20  10 14 18 "



   25: |Aut(M)| =  2,  Cycles:2(6:6:9) 4(21) 
 "   0  1  2   3  4  5   6  7  8   9 10 11  12 13 14  15 16 17  18 19 20 "
 "   0  4  8   1  3 11   2  7 12   5 15 19   6 13 17   9 16 20  10 14 18 "



   26: |Aut(M)| =  2,  Cycles:2(6:15) 2(9:12) 2(21) 
 "   0  1  2   3  4  5   6  7  8   9 10 11  12 13 14  15 16 17  18 19 20 "
 "   0  4  8   1  3 11   2  7 12   5 15 19   6 14 16   9 13 20  10 17 18 "



   27: |Aut(M)| =  2,  Cycles:2(6:15) 2(9:12) 2(21) 
 "   0  1  2   3  4  5   6  7  8   9 10 11  12 13 14  15 16 17  18 19 20 "
 "   0  4  8   1  3 11   2  7 12   5 15 19   6 16 20   9 13 17  10 14 18 "



   28: |Aut(M)| =  4,  Cycles:2(6:6:9) 4(9:12) 
 "   0  1  2   3  4  5   6  7  8   9 10 11  12 13 14  15 16 17  18 19 20 "
 "   0  4  8   1  3 11   2 12 16   5 13 15   6 10 20   7 14 18   9 17 19 "



   29: |Aut(M)| =  4,  Cycles:2(6:6:9) 4(21) 
 "   0  1  2   3  4  5   6  7  8   9 10 11  12 13 14  15 16 17  18 19 20 "
 "   0  4  8   1  3 11   2 12 16   5 13 15   6 10 20   7 17 18   9 14 19 "



   30: |Aut(M)| =  2,  Cycles:2(6:15) 2(9:12) 2(21) 
 "   0  1  2   3  4  5   6  7  8   9 10 11  12 13 14  15 16 17  18 19 20 "
 "   0  4  8   1  3 11   2 12 16   5 13 18   6 10 14   7 15 20   9 17 19 "



   31: |Aut(M)| =  1,  Cycles:2(6:15) 2(9:12) 2(21) 
 "   0  1  2   3  4  5   6  7  8   9 10 11  12 13 14  15 16 17  18 19 20 "
 "   0  4  8   1  3 11   2 12 16   5 13 18   6 10 17   7 15 20   9 14 19 "



   32: |Aut(M)| =  4,  Cycles:4(9:12) 2(21) 
 "   0  1  2   3  4  5   6  7  8   9 10 11  12 13 14  15 16 17  18 19 20 "
 "   0  4  8   1  5  6   2  3 10   7  9 14  11 15 19  12 16 20  13 17 18 "



   33: |Aut(M)| =  4,  Cycles:6(21) 
 "   0  1  2   3  4  5   6  7  8   9 10 11  12 13 14  15 16 17  18 19 20 "
 "   0  4  8   1  5  6   2  9 13   3 10 14   7 15 20  11 16 18  12 17 19 "



   34: |Aut(M)| =  6,  Cycles:6(21) 
 "   0  1  2   3  4  5   6  7  8   9 10 11  12 13 14  15 16 17  18 19 20 "
 "   0  4  8   1  5  6   2  9 13   3 10 17   7 11 18  12 16 20  14 15 19 "



   35: |Aut(M)| =  2,  Cycles:6(21) 
 "   0  1  2   3  4  5   6  7  8   9 10 11  12 13 14  15 16 17  18 19 20 "
 "   0  4  8   1  5  6   2  9 13   3 10 17   7 15 20  11 12 19  14 16 18 "



   36: |Aut(M)| =  2,  Cycles:4(9:12) 2(21) 
 "   0  1  2   3  4  5   6  7  8   9 10 11  12 13 14  15 16 17  18 19 20 "
 "   0  4  8   1  5  6   2  9 13   3 11 16   7 14 18  10 15 20  12 17 19 "



   37: |Aut(M)| =  4,  Cycles:4(9:12) 2(21) 
 "   0  1  2   3  4  5   6  7  8   9 10 11  12 13 14  15 16 17  18 19 20 "
 "   0  4  8   1  5  9   2  7 12   3 10 17   6 16 20  11 13 18  14 15 19 "



   38: |Aut(M)| =  1,  Cycles:4(9:12) 2(21) 
 "   0  1  2   3  4  5   6  7  8   9 10 11  12 13 14  15 16 17  18 19 20 "
 "   0  4  8   1  5  9   2  7 12   3 13 17   6 16 20  10 14 18  11 15 19 "



   39: |Aut(M)| =  28,  Cycles:6(21) 
 "   0  1  2   3  4  5   6  7  8   9 10 11  12 13 14  15 16 17  18 19 20 "
 "   0  4  8   1  5  9   2 10 12   3  7 17   6 16 20  11 13 18  14 15 19 "



   40: |Aut(M)| =  4,  Cycles:6(21) 
 "   0  1  2   3  4  5   6  7  8   9 10 11  12 13 14  15 16 17  18 19 20 "
 "   0  4  8   1  5  9   2 10 12   3 14 16   6 13 20   7 17 18  11 15 19 "



   41: |Aut(M)| =  4,  Cycles:6(21) 
 "   0  1  2   3  4  5   6  7  8   9 10 11  12 13 14  15 16 17  18 19 20 "
 "   0  4  8   1  5  9   2 10 12   3 16 20   6 13 17   7 14 18  11 15 19 "



   42: |Aut(M)| =  4,  Cycles:4(9:12) 2(21) 
 "   0  1  2   3  4  5   6  7  8   9 10 11  12 13 14  15 16 17  18 19 20 "
 "   0  4  8   1  5  9   2 12 16   3 13 20   6 10 14   7 17 18  11 15 19 "



   43: |Aut(M)| =  2,  Cycles:6(21) 
 "   0  1  2   3  4  5   6  7  8   9 10 11  12 13 14  15 16 17  18 19 20 "
 "   0  4  8   1  5  9   2 12 16   3 13 20   6 10 17   7 14 18  11 15 19 "



   44: |Aut(M)| =  6,  Cycles:6(21) 
 "   0  1  2   3  4  5   6  7  8   9 10 11  12 13 14  15 16 17  18 19 20 "
 "   0  4  8   1  5  9   2 12 16   3 13 20   6 17 19   7 11 15  10 14 18 "



   45: |Aut(M)| =  42,  Cycles:6(21) 
 "   0  1  2   3  4  5   6  7  8   9 10 11  12 13 14  15 16 17  18 19 20 "
 "   0  4  8   1  9 14   2 15 19   3 11 16   5 13 18   6 10 20   7 12 17 "

