

    1: |Aut(M)| =  2,  Cycles:3(4:16) 
 "   0  1   2  3   4  5   6  7   8  9  10 11  12 13  14 15  16 17  18 19 "
 "   0  3   1  2   4  7   5  8   6 11   9 12  10 15  13 16  14 19  17 18 "
 "   0  5   1  4   2  7   3 10   6  9   8 13  11 14  12 17  15 18  16 19 "



    2: |Aut(M)| =  1,  Cycles:3(4:16) 
 "   0  1   2  3   4  5   6  7   8  9  10 11  12 13  14 15  16 17  18 19 "
 "   0  3   1  2   4  7   5  8   6 11   9 12  10 15  13 16  14 19  17 18 "
 "   0  5   1  4   2  7   3 10   6  9   8 13  11 16  12 19  14 17  15 18 "



    3: |Aut(M)| =  1,  Cycles:3(4:16) 
 "   0  1   2  3   4  5   6  7   8  9  10 11  12 13  14 15  16 17  18 19 "
 "   0  3   1  2   4  7   5  8   6 11   9 12  10 15  13 16  14 19  17 18 "
 "   0  5   1  4   2  7   3 10   6  9   8 13  11 18  12 15  14 17  16 19 "



    4: |Aut(M)| =  1,  Cycles:3(4:16) 
 "   0  1   2  3   4  5   6  7   8  9  10 11  12 13  14 15  16 17  18 19 "
 "   0  3   1  2   4  7   5  8   6 11   9 12  10 15  13 16  14 19  17 18 "
 "   0  5   1  4   2  7   3 10   6  9   8 17  11 18  12 19  13 14  15 16 "



    5: |Aut(M)| =  2,  Cycles:3(4:16) 
 "   0  1   2  3   4  5   6  7   8  9  10 11  12 13  14 15  16 17  18 19 "
 "   0  3   1  2   4  7   5  8   6 11   9 12  10 15  13 16  14 19  17 18 "
 "   0  5   1  4   2  7   3 10   6  9   8 19  11 16  12 17  13 14  15 18 "



    6: |Aut(M)| =  1,  Cycles:3(4:16) 
 "   0  1   2  3   4  5   6  7   8  9  10 11  12 13  14 15  16 17  18 19 "
 "   0  3   1  2   4  7   5  8   6 11   9 12  10 15  13 16  14 19  17 18 "
 "   0  5   1  4   2  7   3 10   6 13   8 11   9 14  12 17  15 18  16 19 "



    7: |Aut(M)| =  1,  Cycles:3(4:16) 
 "   0  1   2  3   4  5   6  7   8  9  10 11  12 13  14 15  16 17  18 19 "
 "   0  3   1  2   4  7   5  8   6 11   9 12  10 15  13 16  14 19  17 18 "
 "   0  5   1  4   2  7   3 10   6 13   8 11   9 16  12 19  14 17  15 18 "



    8: |Aut(M)| =  3,  Cycles:3(4:16) 
 "   0  1   2  3   4  5   6  7   8  9  10 11  12 13  14 15  16 17  18 19 "
 "   0  3   1  2   4  7   5  8   6 11   9 12  10 15  13 16  14 19  17 18 "
 "   0  5   1  4   2  7   3 10   6 13   8 11   9 18  12 15  14 17  16 19 "



    9: |Aut(M)| =  1,  Cycles:3(4:16) 
 "   0  1   2  3   4  5   6  7   8  9  10 11  12 13  14 15  16 17  18 19 "
 "   0  3   1  2   4  7   5  8   6 11   9 12  10 15  13 16  14 19  17 18 "
 "   0  5   1  4   2  7   3 10   6 13   8 17   9 14  11 18  12 15  16 19 "



   10: |Aut(M)| =  1,  Cycles:3(4:16) 
 "   0  1   2  3   4  5   6  7   8  9  10 11  12 13  14 15  16 17  18 19 "
 "   0  3   1  2   4  7   5  8   6 11   9 12  10 15  13 16  14 19  17 18 "
 "   0  5   1  4   2  7   3 10   6 13   8 17   9 18  11 14  12 19  15 16 "



   11: |Aut(M)| =  1,  Cycles:3(4:16) 
 "   0  1   2  3   4  5   6  7   8  9  10 11  12 13  14 15  16 17  18 19 "
 "   0  3   1  2   4  7   5  8   6 11   9 12  10 15  13 16  14 19  17 18 "
 "   0  5   1  4   2  7   3 10   6 13   8 19   9 14  11 18  12 17  15 16 "



   12: |Aut(M)| =  1,  Cycles:3(4:16) 
 "   0  1   2  3   4  5   6  7   8  9  10 11  12 13  14 15  16 17  18 19 "
 "   0  3   1  2   4  7   5  8   6 11   9 12  10 15  13 16  14 19  17 18 "
 "   0  5   1  4   2  7   3 10   6 13   8 19   9 16  11 14  12 17  15 18 "



   13: |Aut(M)| =  1,  Cycles:3(4:16) 
 "   0  1   2  3   4  5   6  7   8  9  10 11  12 13  14 15  16 17  18 19 "
 "   0  3   1  2   4  7   5  8   6 11   9 12  10 15  13 16  14 19  17 18 "
 "   0  5   1  4   2  7   3 10   6 13   8 19   9 16  11 18  12 15  14 17 "



   14: |Aut(M)| =  1,  Cycles:3(4:16) 
 "   0  1   2  3   4  5   6  7   8  9  10 11  12 13  14 15  16 17  18 19 "
 "   0  3   1  2   4  7   5  8   6 11   9 12  10 15  13 16  14 19  17 18 "
 "   0  5   1  4   2  7   3 10   6 15   8 13   9 14  11 18  12 17  16 19 "



   15: |Aut(M)| =  2,  Cycles:3(4:16) 
 "   0  1   2  3   4  5   6  7   8  9  10 11  12 13  14 15  16 17  18 19 "
 "   0  3   1  2   4  7   5  8   6 11   9 12  10 15  13 16  14 19  17 18 "
 "   0  5   1  4   2  7   3 10   6 15   8 13   9 16  11 18  12 19  14 17 "



   16: |Aut(M)| =  1,  Cycles:3(4:16) 
 "   0  1   2  3   4  5   6  7   8  9  10 11  12 13  14 15  16 17  18 19 "
 "   0  3   1  2   4  7   5  8   6 11   9 12  10 15  13 16  14 19  17 18 "
 "   0  5   1  4   2  7   3 10   6 15   8 13   9 18  11 12  14 17  16 19 "



   17: |Aut(M)| =  1,  Cycles:3(4:16) 
 "   0  1   2  3   4  5   6  7   8  9  10 11  12 13  14 15  16 17  18 19 "
 "   0  3   1  2   4  7   5  8   6 11   9 12  10 15  13 16  14 19  17 18 "
 "   0  5   1  4   2  7   3 10   6 15   8 17   9 14  11 12  13 18  16 19 "



   18: |Aut(M)| =  2,  Cycles:3(4:16) 
 "   0  1   2  3   4  5   6  7   8  9  10 11  12 13  14 15  16 17  18 19 "
 "   0  3   1  2   4  7   5  8   6 11   9 12  10 15  13 16  14 19  17 18 "
 "   0  5   1  4   2  7   3 10   6 15   8 19   9 16  11 12  13 18  14 17 "



   19: |Aut(M)| =  1,  Cycles:3(4:16) 
 "   0  1   2  3   4  5   6  7   8  9  10 11  12 13  14 15  16 17  18 19 "
 "   0  3   1  2   4  7   5  8   6 11   9 12  10 15  13 16  14 19  17 18 "
 "   0  5   1  4   2  7   3 10   6 17   8 13   9 14  11 12  15 18  16 19 "



   20: |Aut(M)| =  1,  Cycles:3(4:16) 
 "   0  1   2  3   4  5   6  7   8  9  10 11  12 13  14 15  16 17  18 19 "
 "   0  3   1  2   4  7   5  8   6 11   9 12  10 15  13 16  14 19  17 18 "
 "   0  5   1  4   2  7   3 10   6 17   8 13   9 16  11 14  12 19  15 18 "



   21: |Aut(M)| =  1,  Cycles:3(4:16) 
 "   0  1   2  3   4  5   6  7   8  9  10 11  12 13  14 15  16 17  18 19 "
 "   0  3   1  2   4  7   5  8   6 11   9 12  10 15  13 16  14 19  17 18 "
 "   0  5   1  4   2  7   3 10   6 17   8 13   9 18  11 14  12 15  16 19 "



   22: |Aut(M)| =  1,  Cycles:3(4:16) 
 "   0  1   2  3   4  5   6  7   8  9  10 11  12 13  14 15  16 17  18 19 "
 "   0  3   1  2   4  7   5  8   6 11   9 12  10 15  13 16  14 19  17 18 "
 "   0  5   1  4   2  7   3 10   6 17   8 19   9 14  11 12  13 18  15 16 "



   23: |Aut(M)| =  1,  Cycles:3(4:16) 
 "   0  1   2  3   4  5   6  7   8  9  10 11  12 13  14 15  16 17  18 19 "
 "   0  3   1  2   4  7   5  8   6 11   9 12  10 15  13 16  14 19  17 18 "
 "   0  5   1  4   2  7   3 10   6 17   8 19   9 16  11 12  13 14  15 18 "



   24: |Aut(M)| =  1,  Cycles:3(4:16) 
 "   0  1   2  3   4  5   6  7   8  9  10 11  12 13  14 15  16 17  18 19 "
 "   0  3   1  2   4  7   5  8   6 11   9 12  10 15  13 16  14 19  17 18 "
 "   0  5   1  4   2  7   3 10   6 17   8 19   9 16  11 14  12 15  13 18 "



   25: |Aut(M)| =  3,  Cycles:3(4:16) 
 "   0  1   2  3   4  5   6  7   8  9  10 11  12 13  14 15  16 17  18 19 "
 "   0  3   1  2   4  7   5  8   6 11   9 12  10 15  13 16  14 19  17 18 "
 "   0  5   1  4   2  7   3 10   6 19   8 11   9 14  12 17  13 18  15 16 "



   26: |Aut(M)| =  1,  Cycles:3(4:16) 
 "   0  1   2  3   4  5   6  7   8  9  10 11  12 13  14 15  16 17  18 19 "
 "   0  3   1  2   4  7   5  8   6 11   9 12  10 15  13 16  14 19  17 18 "
 "   0  5   1  4   2  7   3 10   6 19   8 13   9 14  11 16  12 17  15 18 "



   27: |Aut(M)| =  1,  Cycles:3(4:16) 
 "   0  1   2  3   4  5   6  7   8  9  10 11  12 13  14 15  16 17  18 19 "
 "   0  3   1  2   4  7   5  8   6 11   9 12  10 15  13 16  14 19  17 18 "
 "   0  5   1  4   2  7   3 10   6 19   8 13   9 16  11 12  14 17  15 18 "



   28: |Aut(M)| =  1,  Cycles:3(4:16) 
 "   0  1   2  3   4  5   6  7   8  9  10 11  12 13  14 15  16 17  18 19 "
 "   0  3   1  2   4  7   5  8   6 11   9 12  10 15  13 16  14 19  17 18 "
 "   0  5   1  4   2  7   3 10   6 19   8 13   9 18  11 16  12 15  14 17 "



   29: |Aut(M)| =  1,  Cycles:3(4:16) 
 "   0  1   2  3   4  5   6  7   8  9  10 11  12 13  14 15  16 17  18 19 "
 "   0  3   1  2   4  7   5  8   6 11   9 12  10 15  13 16  14 19  17 18 "
 "   0  5   1  4   2  7   3 10   6 19   8 17   9 14  11 16  12 15  13 18 "



   30: |Aut(M)| =  1,  Cycles:3(4:16) 
 "   0  1   2  3   4  5   6  7   8  9  10 11  12 13  14 15  16 17  18 19 "
 "   0  3   1  2   4  7   5  8   6 11   9 12  10 15  13 16  14 19  17 18 "
 "   0  5   1  4   2  7   3 10   6 19   8 17   9 18  11 12  13 14  15 16 "



   31: |Aut(M)| =  2,  Cycles:3(4:16) 
 "   0  1   2  3   4  5   6  7   8  9  10 11  12 13  14 15  16 17  18 19 "
 "   0  3   1  2   4  7   5  8   6 11   9 12  10 15  13 16  14 19  17 18 "
 "   0  5   1  4   2  7   3 14   6 13   8 17   9 10  11 12  15 18  16 19 "



   32: |Aut(M)| =  3,  Cycles:3(4:16) 
 "   0  1   2  3   4  5   6  7   8  9  10 11  12 13  14 15  16 17  18 19 "
 "   0  3   1  2   4  7   5  8   6 11   9 12  10 15  13 16  14 19  17 18 "
 "   0  5   1  4   2  7   3 14   6 13   8 17   9 10  11 18  12 19  15 16 "



   33: |Aut(M)| =  1,  Cycles:3(4:16) 
 "   0  1   2  3   4  5   6  7   8  9  10 11  12 13  14 15  16 17  18 19 "
 "   0  3   1  2   4  7   5  8   6 11   9 12  10 15  13 16  14 19  17 18 "
 "   0  5   1  4   2  7   3 14   6 13   8 17   9 18  10 19  11 12  15 16 "



   34: |Aut(M)| =  2,  Cycles:3(4:16) 
 "   0  1   2  3   4  5   6  7   8  9  10 11  12 13  14 15  16 17  18 19 "
 "   0  3   1  2   4  7   5  8   6 11   9 12  10 15  13 16  14 19  17 18 "
 "   0  5   1  4   2  7   3 14   6 17   8 13   9 16  10 19  11 12  15 18 "



   35: |Aut(M)| =  3,  Cycles:3(4:16) 
 "   0  1   2  3   4  5   6  7   8  9  10 11  12 13  14 15  16 17  18 19 "
 "   0  3   1  2   4  7   5  8   6 11   9 12  10 15  13 16  14 19  17 18 "
 "   0  5   1  4   2  7   3 14   6 17   8 13   9 18  10 19  11 16  12 15 "



   36: |Aut(M)| =  2,  Cycles:3(4:16) 
 "   0  1   2  3   4  5   6  7   8  9  10 11  12 13  14 15  16 17  18 19 "
 "   0  3   1  2   4  7   5  8   6 11   9 12  10 15  13 16  14 19  17 18 "
 "   0  5   1  4   2  7   3 18   6 13   8 15   9 10  11 12  14 17  16 19 "



   37: |Aut(M)| =  6,  Cycles:3(4:16) 
 "   0  1   2  3   4  5   6  7   8  9  10 11  12 13  14 15  16 17  18 19 "
 "   0  3   1  2   4  7   5  8   6 11   9 12  10 15  13 16  14 19  17 18 "
 "   0  5   1  4   2  7   3 18   6 13   8 15   9 16  10 19  11 14  12 17 "



   38: |Aut(M)| =  1,  Cycles:3(4:16) 
 "   0  1   2  3   4  5   6  7   8  9  10 11  12 13  14 15  16 17  18 19 "
 "   0  3   1  2   4  7   5  8   6 11   9 12  10 15  13 16  14 19  17 18 "
 "   0  5   1  4   2  9   3  6   7 10   8 15  11 18  12 17  13 14  16 19 "



   39: |Aut(M)| =  1,  Cycles:3(4:16) 
 "   0  1   2  3   4  5   6  7   8  9  10 11  12 13  14 15  16 17  18 19 "
 "   0  3   1  2   4  7   5  8   6 11   9 12  10 15  13 16  14 19  17 18 "
 "   0  5   1  4   2  9   3  6   7 14   8 19  10 13  11 18  12 17  15 16 "



   40: |Aut(M)| =  1,  Cycles:3(4:16) 
 "   0  1   2  3   4  5   6  7   8  9  10 11  12 13  14 15  16 17  18 19 "
 "   0  3   1  2   4  7   5  8   6 11   9 12  10 15  13 16  14 19  17 18 "
 "   0  5   1  4   2  9   3 10   6 13   7  8  11 16  12 19  14 17  15 18 "



   41: |Aut(M)| =  1,  Cycles:3(4:16) 
 "   0  1   2  3   4  5   6  7   8  9  10 11  12 13  14 15  16 17  18 19 "
 "   0  3   1  2   4  7   5  8   6 11   9 12  10 15  13 16  14 19  17 18 "
 "   0  5   1  4   2  9   3 10   6 13   7 14   8 19  11 16  12 17  15 18 "



   42: |Aut(M)| =  1,  Cycles:3(4:16) 
 "   0  1   2  3   4  5   6  7   8  9  10 11  12 13  14 15  16 17  18 19 "
 "   0  3   1  2   4  7   5  8   6 11   9 12  10 15  13 16  14 19  17 18 "
 "   0  5   1  4   2  9   3 10   6 13   7 18   8 19  11 16  12 15  14 17 "



   43: |Aut(M)| =  1,  Cycles:3(4:16) 
 "   0  1   2  3   4  5   6  7   8  9  10 11  12 13  14 15  16 17  18 19 "
 "   0  3   1  2   4  7   5  8   6 11   9 12  10 15  13 16  14 19  17 18 "
 "   0  5   1  4   2  9   3 10   6 15   7  8  11 18  12 17  13 14  16 19 "



   44: |Aut(M)| =  1,  Cycles:3(4:16) 
 "   0  1   2  3   4  5   6  7   8  9  10 11  12 13  14 15  16 17  18 19 "
 "   0  3   1  2   4  7   5  8   6 11   9 12  10 15  13 16  14 19  17 18 "
 "   0  5   1  4   2  9   3 10   6 15   7 18   8 17  11 12  13 14  16 19 "



   45: |Aut(M)| =  1,  Cycles:3(4:16) 
 "   0  1   2  3   4  5   6  7   8  9  10 11  12 13  14 15  16 17  18 19 "
 "   0  3   1  2   4  7   5  8   6 11   9 12  10 15  13 16  14 19  17 18 "
 "   0  5   1  4   2  9   3 10   6 17   7  8  11 12  13 14  15 18  16 19 "



   46: |Aut(M)| =  1,  Cycles:3(4:16) 
 "   0  1   2  3   4  5   6  7   8  9  10 11  12 13  14 15  16 17  18 19 "
 "   0  3   1  2   4  7   5  8   6 11   9 12  10 15  13 16  14 19  17 18 "
 "   0  5   1  4   2  9   3 10   6 17   7  8  11 18  12 19  13 14  15 16 "



   47: |Aut(M)| =  1,  Cycles:3(4:16) 
 "   0  1   2  3   4  5   6  7   8  9  10 11  12 13  14 15  16 17  18 19 "
 "   0  3   1  2   4  7   5  8   6 11   9 12  10 15  13 16  14 19  17 18 "
 "   0  5   1  4   2  9   3 10   6 17   7 14   8 13  11 18  12 15  16 19 "



   48: |Aut(M)| =  1,  Cycles:3(4:16) 
 "   0  1   2  3   4  5   6  7   8  9  10 11  12 13  14 15  16 17  18 19 "
 "   0  3   1  2   4  7   5  8   6 11   9 12  10 15  13 16  14 19  17 18 "
 "   0  5   1  4   2  9   3 10   6 19   7  8  11 14  12 17  13 18  15 16 "



   49: |Aut(M)| =  1,  Cycles:3(4:16) 
 "   0  1   2  3   4  5   6  7   8  9  10 11  12 13  14 15  16 17  18 19 "
 "   0  3   1  2   4  7   5  8   6 11   9 12  10 15  13 16  14 19  17 18 "
 "   0  5   1  4   2  9   3 10   6 19   7 16   8 13  11 14  12 17  15 18 "



   50: |Aut(M)| =  1,  Cycles:3(4:16) 
 "   0  1   2  3   4  5   6  7   8  9  10 11  12 13  14 15  16 17  18 19 "
 "   0  3   1  2   4  7   5  8   6 11   9 12  10 15  13 16  14 19  17 18 "
 "   0  5   1  4   2  9   3 10   6 19   7 16   8 17  11 14  12 15  13 18 "



   51: |Aut(M)| =  1,  Cycles:3(4:16) 
 "   0  1   2  3   4  5   6  7   8  9  10 11  12 13  14 15  16 17  18 19 "
 "   0  3   1  2   4  7   5  8   6 11   9 12  10 15  13 16  14 19  17 18 "
 "   0  5   1  4   2  9   3 12   6 15   7 10   8 17  11 18  13 14  16 19 "



   52: |Aut(M)| =  1,  Cycles:3(4:16) 
 "   0  1   2  3   4  5   6  7   8  9  10 11  12 13  14 15  16 17  18 19 "
 "   0  3   1  2   4  7   5  8   6 11   9 12  10 15  13 16  14 19  17 18 "
 "   0  5   1  4   2  9   3 12   6 15   7 18   8 11  10 17  13 14  16 19 "



   53: |Aut(M)| =  1,  Cycles:3(4:16) 
 "   0  1   2  3   4  5   6  7   8  9  10 11  12 13  14 15  16 17  18 19 "
 "   0  3   1  2   4  7   5  8   6 11   9 12  10 15  13 16  14 19  17 18 "
 "   0  5   1  4   2  9   3 12   6 17   7 10   8 11  13 14  15 18  16 19 "



   54: |Aut(M)| =  1,  Cycles:3(4:16) 
 "   0  1   2  3   4  5   6  7   8  9  10 11  12 13  14 15  16 17  18 19 "
 "   0  3   1  2   4  7   5  8   6 11   9 12  10 15  13 16  14 19  17 18 "
 "   0  5   1  4   2  9   3 12   6 17   7 10   8 19  11 18  13 14  15 16 "



   55: |Aut(M)| =  1,  Cycles:3(4:16) 
 "   0  1   2  3   4  5   6  7   8  9  10 11  12 13  14 15  16 17  18 19 "
 "   0  3   1  2   4  7   5  8   6 11   9 12  10 15  13 16  14 19  17 18 "
 "   0  5   1  4   2  9   3 12   6 17   7 14   8 15  10 13  11 18  16 19 "



   56: |Aut(M)| =  1,  Cycles:3(4:16) 
 "   0  1   2  3   4  5   6  7   8  9  10 11  12 13  14 15  16 17  18 19 "
 "   0  3   1  2   4  7   5  8   6 11   9 12  10 15  13 16  14 19  17 18 "
 "   0  5   1  4   2  9   3 12   6 17   7 18   8 19  10 13  11 14  15 16 "



   57: |Aut(M)| =  1,  Cycles:3(4:16) 
 "   0  1   2  3   4  5   6  7   8  9  10 11  12 13  14 15  16 17  18 19 "
 "   0  3   1  2   4  7   5  8   6 11   9 12  10 15  13 16  14 19  17 18 "
 "   0  5   1  4   2  9   3 12   6 19   7 10   8 17  11 14  13 18  15 16 "



   58: |Aut(M)| =  1,  Cycles:3(4:16) 
 "   0  1   2  3   4  5   6  7   8  9  10 11  12 13  14 15  16 17  18 19 "
 "   0  3   1  2   4  7   5  8   6 11   9 12  10 15  13 16  14 19  17 18 "
 "   0  5   1  4   2  9   3 12   6 19   7 14   8 17  10 13  11 18  15 16 "



   59: |Aut(M)| =  1,  Cycles:3(4:16) 
 "   0  1   2  3   4  5   6  7   8  9  10 11  12 13  14 15  16 17  18 19 "
 "   0  3   1  2   4  7   5  8   6 11   9 12  10 15  13 16  14 19  17 18 "
 "   0  5   1  4   2  9   3 12   6 19   7 16   8 11  10 17  13 14  15 18 "



   60: |Aut(M)| =  1,  Cycles:3(4:16) 
 "   0  1   2  3   4  5   6  7   8  9  10 11  12 13  14 15  16 17  18 19 "
 "   0  3   1  2   4  7   5  8   6 11   9 12  10 15  13 16  14 19  17 18 "
 "   0  5   1  4   2  9   3 12   6 19   7 16   8 15  10 17  11 14  13 18 "



   61: |Aut(M)| =  1,  Cycles:3(4:16) 
 "   0  1   2  3   4  5   6  7   8  9  10 11  12 13  14 15  16 17  18 19 "
 "   0  3   1  2   4  7   5  8   6 11   9 12  10 15  13 16  14 19  17 18 "
 "   0  5   1  4   2  9   3 12   6 19   7 16   8 17  10 13  11 14  15 18 "



   62: |Aut(M)| =  1,  Cycles:3(4:16) 
 "   0  1   2  3   4  5   6  7   8  9  10 11  12 13  14 15  16 17  18 19 "
 "   0  3   1  2   4  7   5  8   6 11   9 12  10 15  13 16  14 19  17 18 "
 "   0  5   1  4   2  9   3 14   6 13   7 10   8 17  11 16  12 19  15 18 "



   63: |Aut(M)| =  1,  Cycles:3(4:16) 
 "   0  1   2  3   4  5   6  7   8  9  10 11  12 13  14 15  16 17  18 19 "
 "   0  3   1  2   4  7   5  8   6 11   9 12  10 15  13 16  14 19  17 18 "
 "   0  5   1  4   2  9   3 14   6 13   7 16   8 11  10 17  12 19  15 18 "



   64: |Aut(M)| =  1,  Cycles:3(4:16) 
 "   0  1   2  3   4  5   6  7   8  9  10 11  12 13  14 15  16 17  18 19 "
 "   0  3   1  2   4  7   5  8   6 11   9 12  10 15  13 16  14 19  17 18 "
 "   0  5   1  4   2  9   3 14   6 13   7 18   8 17  10 19  11 16  12 15 "



   65: |Aut(M)| =  1,  Cycles:3(4:16) 
 "   0  1   2  3   4  5   6  7   8  9  10 11  12 13  14 15  16 17  18 19 "
 "   0  3   1  2   4  7   5  8   6 11   9 12  10 15  13 16  14 19  17 18 "
 "   0  5   1  4   2  9   3 14   6 17   7 10   8 13  11 18  12 19  15 16 "



   66: |Aut(M)| =  1,  Cycles:3(4:16) 
 "   0  1   2  3   4  5   6  7   8  9  10 11  12 13  14 15  16 17  18 19 "
 "   0  3   1  2   4  7   5  8   6 11   9 12  10 15  13 16  14 19  17 18 "
 "   0  5   1  4   2  9   3 16   6 13   7 14   8 19  10 17  11 12  15 18 "



   67: |Aut(M)| =  1,  Cycles:3(4:16) 
 "   0  1   2  3   4  5   6  7   8  9  10 11  12 13  14 15  16 17  18 19 "
 "   0  3   1  2   4  7   5  8   6 11   9 12  10 15  13 16  14 19  17 18 "
 "   0  5   1  4   2  9   3 16   6 19   7 10   8 15  11 14  12 17  13 18 "



   68: |Aut(M)| =  1,  Cycles:3(4:16) 
 "   0  1   2  3   4  5   6  7   8  9  10 11  12 13  14 15  16 17  18 19 "
 "   0  3   1  2   4  7   5  8   6 11   9 12  10 15  13 16  14 19  17 18 "
 "   0  5   1  4   2 11   3 12   6  9   7 10   8 17  13 14  15 18  16 19 "



   69: |Aut(M)| =  1,  Cycles:3(4:16) 
 "   0  1   2  3   4  5   6  7   8  9  10 11  12 13  14 15  16 17  18 19 "
 "   0  3   1  2   4  7   5  8   6 11   9 12  10 15  13 16  14 19  17 18 "
 "   0  5   1  4   2 11   3 12   6  9   7 16   8 19  10 17  13 14  15 18 "



   70: |Aut(M)| =  1,  Cycles:3(4:16) 
 "   0  1   2  3   4  5   6  7   8  9  10 11  12 13  14 15  16 17  18 19 "
 "   0  3   1  2   4  7   5  8   6 11   9 12  10 15  13 16  14 19  17 18 "
 "   0  5   1  4   2 11   3 12   6 13   7  8   9 14  10 17  15 18  16 19 "



   71: |Aut(M)| =  1,  Cycles:3(4:16) 
 "   0  1   2  3   4  5   6  7   8  9  10 11  12 13  14 15  16 17  18 19 "
 "   0  3   1  2   4  7   5  8   6 11   9 12  10 15  13 16  14 19  17 18 "
 "   0  5   1  4   2 11   3 12   6 13   7 14   8 19   9 16  10 17  15 18 "



   72: |Aut(M)| =  1,  Cycles:3(4:16) 
 "   0  1   2  3   4  5   6  7   8  9  10 11  12 13  14 15  16 17  18 19 "
 "   0  3   1  2   4  7   5  8   6 11   9 12  10 15  13 16  14 19  17 18 "
 "   0  5   1  4   2 11   3 12   6 15   7  8   9 18  10 17  13 14  16 19 "



   73: |Aut(M)| =  1,  Cycles:3(4:16) 
 "   0  1   2  3   4  5   6  7   8  9  10 11  12 13  14 15  16 17  18 19 "
 "   0  3   1  2   4  7   5  8   6 11   9 12  10 15  13 16  14 19  17 18 "
 "   0  5   1  4   2 11   3 12   6 17   7 10   8 15   9 18  13 14  16 19 "



   74: |Aut(M)| =  1,  Cycles:3(4:16) 
 "   0  1   2  3   4  5   6  7   8  9  10 11  12 13  14 15  16 17  18 19 "
 "   0  3   1  2   4  7   5  8   6 11   9 12  10 15  13 16  14 19  17 18 "
 "   0  5   1  4   2 11   3 14   6  9   7 16   8 13  10 17  12 19  15 18 "



   75: |Aut(M)| =  1,  Cycles:3(4:16) 
 "   0  1   2  3   4  5   6  7   8  9  10 11  12 13  14 15  16 17  18 19 "
 "   0  3   1  2   4  7   5  8   6 11   9 12  10 15  13 16  14 19  17 18 "
 "   0  5   1  4   2 11   3 14   6  9   7 18   8 17  10 13  12 19  15 16 "



   76: |Aut(M)| =  1,  Cycles:3(4:16) 
 "   0  1   2  3   4  5   6  7   8  9  10 11  12 13  14 15  16 17  18 19 "
 "   0  3   1  2   4  7   5  8   6 11   9 12  10 15  13 16  14 19  17 18 "
 "   0  5   1  4   2 11   3 14   6 13   7  8   9 16  10 17  12 19  15 18 "



   77: |Aut(M)| =  1,  Cycles:3(4:16) 
 "   0  1   2  3   4  5   6  7   8  9  10 11  12 13  14 15  16 17  18 19 "
 "   0  3   1  2   4  7   5  8   6 11   9 12  10 15  13 16  14 19  17 18 "
 "   0  5   1  4   2 11   3 14   6 13   7  8   9 18  10 19  12 17  15 16 "



   78: |Aut(M)| =  1,  Cycles:3(4:16) 
 "   0  1   2  3   4  5   6  7   8  9  10 11  12 13  14 15  16 17  18 19 "
 "   0  3   1  2   4  7   5  8   6 11   9 12  10 15  13 16  14 19  17 18 "
 "   0  5   1  4   2 11   3 14   6 13   7 18   8 17   9 10  12 15  16 19 "



   79: |Aut(M)| =  1,  Cycles:3(4:16) 
 "   0  1   2  3   4  5   6  7   8  9  10 11  12 13  14 15  16 17  18 19 "
 "   0  3   1  2   4  7   5  8   6 11   9 12  10 15  13 16  14 19  17 18 "
 "   0  5   1  4   2 11   3 14   6 15   7  8   9 18  10 13  12 17  16 19 "



   80: |Aut(M)| =  1,  Cycles:3(4:16) 
 "   0  1   2  3   4  5   6  7   8  9  10 11  12 13  14 15  16 17  18 19 "
 "   0  3   1  2   4  7   5  8   6 11   9 12  10 15  13 16  14 19  17 18 "
 "   0  5   1  4   2 11   3 14   6 15   7 16   8 13   9 18  10 19  12 17 "



   81: |Aut(M)| =  1,  Cycles:3(4:16) 
 "   0  1   2  3   4  5   6  7   8  9  10 11  12 13  14 15  16 17  18 19 "
 "   0  3   1  2   4  7   5  8   6 11   9 12  10 15  13 16  14 19  17 18 "
 "   0  5   1  4   2 11   3 14   6 17   7  8   9 10  12 15  13 18  16 19 "



   82: |Aut(M)| =  1,  Cycles:3(4:16) 
 "   0  1   2  3   4  5   6  7   8  9  10 11  12 13  14 15  16 17  18 19 "
 "   0  3   1  2   4  7   5  8   6 11   9 12  10 15  13 16  14 19  17 18 "
 "   0  5   1  4   2 11   3 14   6 17   7  8   9 18  10 13  12 19  15 16 "



   83: |Aut(M)| =  1,  Cycles:3(4:16) 
 "   0  1   2  3   4  5   6  7   8  9  10 11  12 13  14 15  16 17  18 19 "
 "   0  3   1  2   4  7   5  8   6 11   9 12  10 15  13 16  14 19  17 18 "
 "   0  5   1  4   2 11   3 14   6 19   7 10   8 13   9 18  12 17  15 16 "



   84: |Aut(M)| =  1,  Cycles:3(4:16) 
 "   0  1   2  3   4  5   6  7   8  9  10 11  12 13  14 15  16 17  18 19 "
 "   0  3   1  2   4  7   5  8   6 11   9 12  10 15  13 16  14 19  17 18 "
 "   0  5   1  4   2 11   3 14   6 19   7 12   8 13   9 16  10 17  15 18 "



   85: |Aut(M)| =  1,  Cycles:3(4:16) 
 "   0  1   2  3   4  5   6  7   8  9  10 11  12 13  14 15  16 17  18 19 "
 "   0  3   1  2   4  7   5  8   6 11   9 12  10 15  13 16  14 19  17 18 "
 "   0  5   1  4   2 11   3 14   6 19   7 12   8 17   9 18  10 13  15 16 "



   86: |Aut(M)| =  1,  Cycles:3(4:16) 
 "   0  1   2  3   4  5   6  7   8  9  10 11  12 13  14 15  16 17  18 19 "
 "   0  3   1  2   4  7   5  8   6 11   9 12  10 15  13 16  14 19  17 18 "
 "   0  5   1  4   2 11   3 14   6 19   7 16   8 15   9 18  10 13  12 17 "



   87: |Aut(M)| =  1,  Cycles:3(4:16) 
 "   0  1   2  3   4  5   6  7   8  9  10 11  12 13  14 15  16 17  18 19 "
 "   0  3   1  2   4  7   5  8   6 11   9 12  10 15  13 16  14 19  17 18 "
 "   0  5   1  4   2 11   3 14   6 19   7 16   8 17   9 10  12 15  13 18 "



   88: |Aut(M)| =  1,  Cycles:3(4:16) 
 "   0  1   2  3   4  5   6  7   8  9  10 11  12 13  14 15  16 17  18 19 "
 "   0  3   1  2   4  7   5  8   6 11   9 12  10 15  13 16  14 19  17 18 "
 "   0  5   1  4   2 11   3 16   6 13   7 14   8 15   9 18  10 19  12 17 "



   89: |Aut(M)| =  1,  Cycles:3(4:16) 
 "   0  1   2  3   4  5   6  7   8  9  10 11  12 13  14 15  16 17  18 19 "
 "   0  3   1  2   4  7   5  8   6 11   9 12  10 15  13 16  14 19  17 18 "
 "   0  5   1  4   2 11   3 16   6 13   7 18   8 19   9 10  12 15  14 17 "



   90: |Aut(M)| =  1,  Cycles:3(4:16) 
 "   0  1   2  3   4  5   6  7   8  9  10 11  12 13  14 15  16 17  18 19 "
 "   0  3   1  2   4  7   5  8   6 11   9 12  10 15  13 16  14 19  17 18 "
 "   0  5   1  4   2 11   3 16   6 15   7  8   9 18  10 19  12 17  13 14 "



   91: |Aut(M)| =  1,  Cycles:3(4:16) 
 "   0  1   2  3   4  5   6  7   8  9  10 11  12 13  14 15  16 17  18 19 "
 "   0  3   1  2   4  7   5  8   6 11   9 12  10 15  13 16  14 19  17 18 "
 "   0  5   1  4   2 11   3 16   6 15   7 18   8 17   9 14  10 13  12 19 "



   92: |Aut(M)| =  1,  Cycles:3(4:16) 
 "   0  1   2  3   4  5   6  7   8  9  10 11  12 13  14 15  16 17  18 19 "
 "   0  3   1  2   4  7   5  8   6 11   9 12  10 15  13 16  14 19  17 18 "
 "   0  5   1  4   2 11   3 16   6 17   7  8   9 14  10 13  12 19  15 18 "



   93: |Aut(M)| =  1,  Cycles:3(4:16) 
 "   0  1   2  3   4  5   6  7   8  9  10 11  12 13  14 15  16 17  18 19 "
 "   0  3   1  2   4  7   5  8   6 11   9 12  10 15  13 16  14 19  17 18 "
 "   0  5   1  4   2 11   3 16   6 17   7 14   8 19   9 10  12 15  13 18 "



   94: |Aut(M)| =  1,  Cycles:3(4:16) 
 "   0  1   2  3   4  5   6  7   8  9  10 11  12 13  14 15  16 17  18 19 "
 "   0  3   1  2   4  7   5  8   6 11   9 12  10 15  13 16  14 19  17 18 "
 "   0  5   1  4   2 11   3 16   6 19   7  8   9 10  12 15  13 18  14 17 "



   95: |Aut(M)| =  1,  Cycles:3(4:16) 
 "   0  1   2  3   4  5   6  7   8  9  10 11  12 13  14 15  16 17  18 19 "
 "   0  3   1  2   4  7   5  8   6 11   9 12  10 15  13 16  14 19  17 18 "
 "   0  5   1  4   2 11   3 16   6 19   7 10   8 15   9 18  12 17  13 14 "



   96: |Aut(M)| =  1,  Cycles:3(4:16) 
 "   0  1   2  3   4  5   6  7   8  9  10 11  12 13  14 15  16 17  18 19 "
 "   0  3   1  2   4  7   5  8   6 11   9 12  10 15  13 16  14 19  17 18 "
 "   0  5   1  4   2 11   3 18   6 13   7  8   9 10  12 15  14 17  16 19 "



   97: |Aut(M)| =  1,  Cycles:3(4:16) 
 "   0  1   2  3   4  5   6  7   8  9  10 11  12 13  14 15  16 17  18 19 "
 "   0  3   1  2   4  7   5  8   6 11   9 12  10 15  13 16  14 19  17 18 "
 "   0  5   1  4   2 11   3 18   6 13   7  8   9 14  10 17  12 19  15 16 "



   98: |Aut(M)| =  1,  Cycles:3(4:16) 
 "   0  1   2  3   4  5   6  7   8  9  10 11  12 13  14 15  16 17  18 19 "
 "   0  3   1  2   4  7   5  8   6 11   9 12  10 15  13 16  14 19  17 18 "
 "   0  5   1  4   2 11   3 18   6 15   7  8   9 10  12 17  13 14  16 19 "



   99: |Aut(M)| =  1,  Cycles:3(4:16) 
 "   0  1   2  3   4  5   6  7   8  9  10 11  12 13  14 15  16 17  18 19 "
 "   0  3   1  2   4  7   5  8   6 11   9 12  10 15  13 16  14 19  17 18 "
 "   0  5   1  4   2 11   3 18   6 15   7 16   8 13   9 14  10 17  12 19 "



  100: |Aut(M)| =  1,  Cycles:3(4:16) 
 "   0  1   2  3   4  5   6  7   8  9  10 11  12 13  14 15  16 17  18 19 "
 "   0  3   1  2   4  7   5  8   6 11   9 12  10 15  13 16  14 19  17 18 "
 "   0  5   1  4   2 11   3 18   6 17   7 12   8 15   9 10  13 14  16 19 "



  101: |Aut(M)| =  1,  Cycles:3(4:16) 
 "   0  1   2  3   4  5   6  7   8  9  10 11  12 13  14 15  16 17  18 19 "
 "   0  3   1  2   4  7   5  8   6 11   9 12  10 15  13 16  14 19  17 18 "
 "   0  5   1  4   2 11   3 18   6 17   7 14   8 13   9 10  12 15  16 19 "



  102: |Aut(M)| =  1,  Cycles:3(4:16) 
 "   0  1   2  3   4  5   6  7   8  9  10 11  12 13  14 15  16 17  18 19 "
 "   0  3   1  2   4  7   5  8   6 11   9 12  10 15  13 16  14 19  17 18 "
 "   0  5   1  4   2 11   3 18   6 19   7  8   9 14  10 13  12 17  15 16 "



  103: |Aut(M)| =  1,  Cycles:3(4:16) 
 "   0  1   2  3   4  5   6  7   8  9  10 11  12 13  14 15  16 17  18 19 "
 "   0  3   1  2   4  7   5  8   6 11   9 12  10 15  13 16  14 19  17 18 "
 "   0  5   1  4   2 11   3 18   6 19   7 16   8 13   9 10  12 15  14 17 "



  104: |Aut(M)| =  1,  Cycles:3(4:16) 
 "   0  1   2  3   4  5   6  7   8  9  10 11  12 13  14 15  16 17  18 19 "
 "   0  3   1  2   4  7   5  8   6 11   9 12  10 15  13 16  14 19  17 18 "
 "   0  5   1  4   2 13   3 10   6 15   7  8   9 18  11 14  12 17  16 19 "



  105: |Aut(M)| =  1,  Cycles:3(4:16) 
 "   0  1   2  3   4  5   6  7   8  9  10 11  12 13  14 15  16 17  18 19 "
 "   0  3   1  2   4  7   5  8   6 11   9 12  10 15  13 16  14 19  17 18 "
 "   0  5   1  4   2 13   3 10   6 15   7 18   8 17   9 14  11 16  12 19 "



  106: |Aut(M)| =  1,  Cycles:3(4:16) 
 "   0  1   2  3   4  5   6  7   8  9  10 11  12 13  14 15  16 17  18 19 "
 "   0  3   1  2   4  7   5  8   6 11   9 12  10 15  13 16  14 19  17 18 "
 "   0  5   1  4   2 13   3 10   6 17   7  8   9 14  11 16  12 19  15 18 "



  107: |Aut(M)| =  1,  Cycles:3(4:16) 
 "   0  1   2  3   4  5   6  7   8  9  10 11  12 13  14 15  16 17  18 19 "
 "   0  3   1  2   4  7   5  8   6 11   9 12  10 15  13 16  14 19  17 18 "
 "   0  5   1  4   2 13   3 14   6  9   7 10   8 17  11 12  15 18  16 19 "



  108: |Aut(M)| =  1,  Cycles:3(4:16) 
 "   0  1   2  3   4  5   6  7   8  9  10 11  12 13  14 15  16 17  18 19 "
 "   0  3   1  2   4  7   5  8   6 11   9 12  10 15  13 16  14 19  17 18 "
 "   0  5   1  4   2 13   3 14   6  9   7 18   8 17  10 19  11 12  15 16 "



  109: |Aut(M)| =  1,  Cycles:3(4:16) 
 "   0  1   2  3   4  5   6  7   8  9  10 11  12 13  14 15  16 17  18 19 "
 "   0  3   1  2   4  7   5  8   6 11   9 12  10 15  13 16  14 19  17 18 "
 "   0  5   1  4   2 13   3 14   6 15   7  8   9 18  10 19  11 16  12 17 "



  110: |Aut(M)| =  1,  Cycles:3(4:16) 
 "   0  1   2  3   4  5   6  7   8  9  10 11  12 13  14 15  16 17  18 19 "
 "   0  3   1  2   4  7   5  8   6 11   9 12  10 15  13 16  14 19  17 18 "
 "   0  5   1  4   2 13   3 14   6 15   7 10   8 11   9 18  12 17  16 19 "



  111: |Aut(M)| =  1,  Cycles:3(4:16) 
 "   0  1   2  3   4  5   6  7   8  9  10 11  12 13  14 15  16 17  18 19 "
 "   0  3   1  2   4  7   5  8   6 11   9 12  10 15  13 16  14 19  17 18 "
 "   0  5   1  4   2 13   3 14   6 17   7  8   9 10  11 18  12 19  15 16 "



  112: |Aut(M)| =  1,  Cycles:3(4:16) 
 "   0  1   2  3   4  5   6  7   8  9  10 11  12 13  14 15  16 17  18 19 "
 "   0  3   1  2   4  7   5  8   6 11   9 12  10 15  13 16  14 19  17 18 "
 "   0  5   1  4   2 13   3 14   6 19   7  8   9 16  10 17  11 12  15 18 "



  113: |Aut(M)| =  1,  Cycles:3(4:16) 
 "   0  1   2  3   4  5   6  7   8  9  10 11  12 13  14 15  16 17  18 19 "
 "   0  3   1  2   4  7   5  8   6 11   9 12  10 15  13 16  14 19  17 18 "
 "   0  5   1  4   2 13   3 16   6  9   7 10   8 19  11 12  14 17  15 18 "



  114: |Aut(M)| =  1,  Cycles:3(4:16) 
 "   0  1   2  3   4  5   6  7   8  9  10 11  12 13  14 15  16 17  18 19 "
 "   0  3   1  2   4  7   5  8   6 11   9 12  10 15  13 16  14 19  17 18 "
 "   0  5   1  4   2 13   3 16   6  9   7 14   8 11  10 17  12 19  15 18 "



  115: |Aut(M)| =  1,  Cycles:3(4:16) 
 "   0  1   2  3   4  5   6  7   8  9  10 11  12 13  14 15  16 17  18 19 "
 "   0  3   1  2   4  7   5  8   6 11   9 12  10 15  13 16  14 19  17 18 "
 "   0  5   1  4   2 13   3 16   6  9   7 18   8 15  10 19  11 12  14 17 "



  116: |Aut(M)| =  1,  Cycles:3(4:16) 
 "   0  1   2  3   4  5   6  7   8  9  10 11  12 13  14 15  16 17  18 19 "
 "   0  3   1  2   4  7   5  8   6 11   9 12  10 15  13 16  14 19  17 18 "
 "   0  5   1  4   2 13   3 16   6 15   7 18   8 11   9 14  10 17  12 19 "



  117: |Aut(M)| =  1,  Cycles:3(4:16) 
 "   0  1   2  3   4  5   6  7   8  9  10 11  12 13  14 15  16 17  18 19 "
 "   0  3   1  2   4  7   5  8   6 11   9 12  10 15  13 16  14 19  17 18 "
 "   0  5   1  4   2 13   3 16   6 17   7 10   8 11   9 14  12 19  15 18 "



  118: |Aut(M)| =  1,  Cycles:3(4:16) 
 "   0  1   2  3   4  5   6  7   8  9  10 11  12 13  14 15  16 17  18 19 "
 "   0  3   1  2   4  7   5  8   6 11   9 12  10 15  13 16  14 19  17 18 "
 "   0  5   1  4   2 13   3 16   6 17   7 14   8 15   9 10  11 18  12 19 "



  119: |Aut(M)| =  1,  Cycles:3(4:16) 
 "   0  1   2  3   4  5   6  7   8  9  10 11  12 13  14 15  16 17  18 19 "
 "   0  3   1  2   4  7   5  8   6 11   9 12  10 15  13 16  14 19  17 18 "
 "   0  5   1  4   2 13   3 16   6 17   7 18   8 19   9 10  11 14  12 15 "



  120: |Aut(M)| =  1,  Cycles:3(4:16) 
 "   0  1   2  3   4  5   6  7   8  9  10 11  12 13  14 15  16 17  18 19 "
 "   0  3   1  2   4  7   5  8   6 11   9 12  10 15  13 16  14 19  17 18 "
 "   0  5   1  4   2 13   3 18   6  9   7 10   8 15  11 12  14 17  16 19 "



  121: |Aut(M)| =  1,  Cycles:3(4:16) 
 "   0  1   2  3   4  5   6  7   8  9  10 11  12 13  14 15  16 17  18 19 "
 "   0  3   1  2   4  7   5  8   6 11   9 12  10 15  13 16  14 19  17 18 "
 "   0  5   1  4   2 13   3 18   6 17   7  8   9 10  11 14  12 15  16 19 "



  122: |Aut(M)| =  1,  Cycles:3(4:16) 
 "   0  1   2  3   4  5   6  7   8  9  10 11  12 13  14 15  16 17  18 19 "
 "   0  3   1  2   4  7   5  8   6 11   9 12  10 15  13 16  14 19  17 18 "
 "   0  5   1  4   2 15   3 16   6 13   7  8   9 18  10 19  11 14  12 17 "



  123: |Aut(M)| =  1,  Cycles:3(4:16) 
 "   0  1   2  3   4  5   6  7   8  9  10 11  12 13  14 15  16 17  18 19 "
 "   0  3   1  2   4  7   5  8   6 11   9 12  10 15  13 16  14 19  17 18 "
 "   0  5   1  4   2 15   3 18   6  9   7 12   8 11  10 17  13 14  16 19 "



  124: |Aut(M)| =  1,  Cycles:3(4:16) 
 "   0  1   2  3   4  5   6  7   8  9  10 11  12 13  14 15  16 17  18 19 "
 "   0  3   1  2   4  7   5  8   6 11   9 12  10 15  13 16  14 19  17 18 "
 "   0  5   1  4   2 15   3 18   6 13   7  8   9 10  11 16  12 19  14 17 "



  125: |Aut(M)| =  1,  Cycles:3(4:16) 
 "   0  1   2  3   4  5   6  7   8  9  10 11  12 13  14 15  16 17  18 19 "
 "   0  3   1  2   4  7   5  8   6 11   9 12  10 15  13 16  14 19  17 18 "
 "   0  5   1  4   2 15   3 18   6 17   7  8   9 10  11 12  13 14  16 19 "



  126: |Aut(M)| =  1,  Cycles:3(4:16) 
 "   0  1   2  3   4  5   6  7   8  9  10 11  12 13  14 15  16 17  18 19 "
 "   0  3   1  2   4  7   5  8   6 11   9 12  10 15  13 16  14 19  17 18 "
 "   0  5   1  4   2 17   3 14   6 13   7  8   9 10  11 16  12 19  15 18 "



  127: |Aut(M)| =  1,  Cycles:3(4:16) 
 "   0  1   2  3   4  5   6  7   8  9  10 11  12 13  14 15  16 17  18 19 "
 "   0  3   1  2   4  7   5  8   6 11   9 12  10 15  13 16  14 19  17 18 "
 "   0  5   1  4   2 17   3 14   6 13   7  8   9 18  10 19  11 16  12 15 "



  128: |Aut(M)| =  1,  Cycles:3(4:16) 
 "   0  1   2  3   4  5   6  7   8  9  10 11  12 13  14 15  16 17  18 19 "
 "   0  3   1  2   4  7   5  8   6 11   9 12  10 15  13 16  14 19  17 18 "
 "   0  5   1  6   2  7   3 12   4 17   8 11   9 10  13 14  15 18  16 19 "



  129: |Aut(M)| =  1,  Cycles:3(4:16) 
 "   0  1   2  3   4  5   6  7   8  9  10 11  12 13  14 15  16 17  18 19 "
 "   0  3   1  2   4  7   5  8   6 11   9 12  10 15  13 16  14 19  17 18 "
 "   0  5   1  6   2  7   3 12   4 17   8 19   9 18  10 13  11 14  15 16 "



  130: |Aut(M)| =  1,  Cycles:3(4:16) 
 "   0  1   2  3   4  5   6  7   8  9  10 11  12 13  14 15  16 17  18 19 "
 "   0  3   1  2   4  7   5  8   6 11   9 12  10 15  13 16  14 19  17 18 "
 "   0  5   1  6   2  7   3 18   4 15   8 11   9 10  12 17  13 14  16 19 "



  131: |Aut(M)| =  1,  Cycles:3(4:16) 
 "   0  1   2  3   4  5   6  7   8  9  10 11  12 13  14 15  16 17  18 19 "
 "   0  3   1  2   4  7   5  8   6 11   9 12  10 15  13 16  14 19  17 18 "
 "   0  5   1  6   2  7   3 18   4 15   8 13   9 14  10 17  11 16  12 19 "



  132: |Aut(M)| =  6,  Cycles:3(4:16) 
 "   0  1   2  3   4  5   6  7   8  9  10 11  12 13  14 15  16 17  18 19 "
 "   0  3   1  2   4  7   5  8   6 11   9 12  10 15  13 16  14 19  17 18 "
 "   0  5   1  6   2  9   3 10   4 17   7 18   8 19  11 16  12 15  13 14 "



  133: |Aut(M)| =  1,  Cycles:3(4:16) 
 "   0  1   2  3   4  5   6  7   8  9  10 11  12 13  14 15  16 17  18 19 "
 "   0  3   1  2   4  7   5  8   6 11   9 12  10 15  13 16  14 19  17 18 "
 "   0  5   1  6   2  9   3 14   4 13   7 16   8 17  10 19  11 18  12 15 "



  134: |Aut(M)| =  1,  Cycles:3(4:16) 
 "   0  1   2  3   4  5   6  7   8  9  10 11  12 13  14 15  16 17  18 19 "
 "   0  3   1  2   4  7   5  8   6 11   9 12  10 15  13 16  14 19  17 18 "
 "   0  5   1  6   2  9   3 16   4 17   7 18   8 11  10 19  12 15  13 14 "



  135: |Aut(M)| =  2,  Cycles:3(4:16) 
 "   0  1   2  3   4  5   6  7   8  9  10 11  12 13  14 15  16 17  18 19 "
 "   0  3   1  2   4  7   5  8   6 11   9 12  10 15  13 16  14 19  17 18 "
 "   0  5   1  6   2  9   3 18   4 19   7 14   8 13  10 17  11 16  12 15 "



  136: |Aut(M)| =  6,  Cycles:3(4:16) 
 "   0  1   2  3   4  5   6  7   8  9  10 11  12 13  14 15  16 17  18 19 "
 "   0  3   1  2   4  7   5  8   6 11   9 12  10 15  13 16  14 19  17 18 "
 "   0  5   1  6   2 13   3 14   4 17   7 18   8 11   9 10  12 19  15 16 "



  137: |Aut(M)| =  2,  Cycles:3(4:16) 
 "   0  1   2  3   4  5   6  7   8  9  10 11  12 13  14 15  16 17  18 19 "
 "   0  3   1  2   4  7   5  8   6 11   9 12  10 15  13 16  14 19  17 18 "
 "   0  5   1  6   2 13   3 16   4  9   7 12   8 15  10 19  11 18  14 17 "



  138: |Aut(M)| =  1,  Cycles:3(4:16) 
 "   0  1   2  3   4  5   6  7   8  9  10 11  12 13  14 15  16 17  18 19 "
 "   0  3   1  2   4  7   5  8   6 11   9 12  10 15  13 16  14 19  17 18 "
 "   0  5   1  6   2 13   3 16   4 15   7 10   8 19   9 18  11 12  14 17 "



  139: |Aut(M)| =  1,  Cycles:3(4:16) 
 "   0  1   2  3   4  5   6  7   8  9  10 11  12 13  14 15  16 17  18 19 "
 "   0  3   1  2   4  7   5  8   6 11   9 12  10 15  13 16  14 19  17 18 "
 "   0  5   1  6   2 13   3 18   4 19   7 14   8 11   9 10  12 17  15 16 "



  140: |Aut(M)| =  2,  Cycles:3(4:16) 
 "   0  1   2  3   4  5   6  7   8  9  10 11  12 13  14 15  16 17  18 19 "
 "   0  3   1  2   4  7   5  8   6 11   9 12  10 15  13 16  14 19  17 18 "
 "   0  5   1  6   2 15   3 16   4  9   7 12   8 17  10 19  11 18  13 14 "



  141: |Aut(M)| =  6,  Cycles:3(4:16) 
 "   0  1   2  3   4  5   6  7   8  9  10 11  12 13  14 15  16 17  18 19 "
 "   0  3   1  2   4  7   5  8   6 11   9 12  10 15  13 16  14 19  17 18 "
 "   0  5   1  6   2 15   3 16   4 19   7 14   8 11   9 10  12 17  13 18 "



  142: |Aut(M)| =  2,  Cycles:3(4:16) 
 "   0  1   2  3   4  5   6  7   8  9  10 11  12 13  14 15  16 17  18 19 "
 "   0  3   1  2   4  7   5  8   6 11   9 12  10 15  13 16  14 19  17 18 "
 "   0  5   1  8   2  9   3  6   4 13   7 16  10 19  11 18  12 15  14 17 "



  143: |Aut(M)| =  1,  Cycles:3(4:16) 
 "   0  1   2  3   4  5   6  7   8  9  10 11  12 13  14 15  16 17  18 19 "
 "   0  3   1  2   4  7   5  8   6 11   9 12  10 15  13 16  14 19  17 18 "
 "   0  5   1  8   2  9   3  6   4 15   7 10  11 16  12 19  13 18  14 17 "



  144: |Aut(M)| =  2,  Cycles:3(4:16) 
 "   0  1   2  3   4  5   6  7   8  9  10 11  12 13  14 15  16 17  18 19 "
 "   0  3   1  2   4  7   5  8   6 11   9 12  10 15  13 16  14 19  17 18 "
 "   0  5   1  8   2  9   3 14   4 17   6 15   7 18  10 13  11 12  16 19 "



  145: |Aut(M)| =  3,  Cycles:3(4:16) 
 "   0  1   2  3   4  5   6  7   8  9  10 11  12 13  14 15  16 17  18 19 "
 "   0  3   1  2   4  7   5  8   6 11   9 12  10 15  13 16  14 19  17 18 "
 "   0  5   1  8   2 13   3 18   4 19   6  9   7 10  11 12  14 17  15 16 "



  146: |Aut(M)| =  1,  Cycles:3(4:16) 
 "   0  1   2  3   4  5   6  7   8  9  10 11  12 13  14 15  16 17  18 19 "
 "   0  3   1  2   4  7   5  8   6 11   9 12  10 15  13 16  14 19  17 18 "
 "   0  5   1  8   2 13   3 18   4 19   6 17   7 16   9 10  11 14  12 15 "

