

    1: |Aut(M)| =  2400,  Cycles:
 "   0  1  2  3  4   5  6  7  8  9  10 11 12 13 14  15 16 17 18 19  20 21 22 23 24 "
 "   0  5 10 15 20   1  6 11 16 21   2  7 12 17 22   3  8 13 18 23   4  9 14 19 24 "
 "   0  6 12 18 24   1  7 13 19 20   2  8 14 15 21   3  9 10 16 22   4  5 11 17 23 "
 "   0  7 14 16 23   1  8 10 17 24   2  9 11 18 20   3  5 12 19 21   4  6 13 15 22 "
 "   0  8 11 19 22   1  9 12 15 23   2  5 13 16 24   3  6 14 17 20   4  7 10 18 21 "
 "   0  9 13 17 21   1  5 14 18 22   2  6 10 19 23   3  7 11 15 24   4  8 12 16 20 "


Orbits and generators of the Aut(M) acting on elements:
0  0  0  0  0  0  0  0  0  0  0  0  0  0  0  0  0  0  0  0  0  0  0  0  0
0  1  2  3  4  5  6  7  8  9 10 11 12 13 14 15 16 17 18 19 20 21 22 23 24
0  1  2  3  4 10 11 12 13 14 20 21 22 23 24  5  6  7  8  9 15 16 17 18 19
0  2  4  1  3  5  7  9  6  8 10 12 14 11 13 15 17 19 16 18 20 22 24 21 23
1  0  4  3  2  6  5  9  8  7 11 10 14 13 12 16 15 19 18 17 21 20 24 23 22

Orbits and generators of Aut(M) acting on matrix rows, |Aut(R)| = 24:
0  0  0  0  0  0
0  1  2  3  4  5
0  1  3  5  2  4
1  0  2  4  3  5

Orbits and generators of Aut(M) acting on k-sets, |Aut(K)| = 2400:
0  0  0  0  0  0  0  0  0  0  0  0  0  0  0  0  0  0  0  0  0  0  0  0  0  0  0  0  0  0
0  1  2  3  4  5  6  7  8  9 10 11 12 13 14 15 16 17 18 19 20 21 22 23 24 25 26 27 28 29
0  1  2  3  4  5  7  9  6  8 15 17 19 16 18 25 27 29 26 28 10 12 14 11 13 20 22 24 21 23
0  1  2  3  4  6  5  9  8  7 26 25 29 28 27 21 20 24 23 22 16 15 19 18 17 11 10 14 13 12
0  2  4  1  3  5  6  7  8  9 20 21 22 23 24 10 11 12 13 14 25 26 27 28 29 15 16 17 18 19
1  0  4  3  2  5  6  7  8  9 26 27 28 29 25 22 23 24 20 21 18 19 15 16 17 14 10 11 12 13
