

    1: |Aut(M)| =  16,  Cycles:72(10:10:15) 48(15:20) 
 "   0  1  2  3  4   5  6  7  8  9  10 11 12 13 14  15 16 17 18 19  20 21 22 23 24  25 26 27 28 29  30 31 32 33 34 "
 "   0  6 12 18 24   1  5 13 17 29   2  8 10 16 34   3  9 20 26 32   4  7 21 25 33  11 19 22 28 30  14 15 23 27 31 "



    2: |Aut(M)| =  8,  Cycles:72(10:10:15) 48(35) 
 "   0  1  2  3  4   5  6  7  8  9  10 11 12 13 14  15 16 17 18 19  20 21 22 23 24  25 26 27 28 29  30 31 32 33 34 "
 "   0  6 12 18 24   1  5 13 17 29   2  8 10 16 34   3  9 20 26 32   4 11 22 28 30   7 19 21 25 33  14 15 23 27 31 "



    3: |Aut(M)| =  8,  Cycles:72(10:10:15) 48(35) 
 "   0  1  2  3  4   5  6  7  8  9  10 11 12 13 14  15 16 17 18 19  20 21 22 23 24  25 26 27 28 29  30 31 32 33 34 "
 "   0  6 12 18 24   1  5 13 17 29   2  8 10 16 34   3  9 20 27 31   4  7 21 28 30  11 19 22 25 33  14 15 23 26 32 "



    4: |Aut(M)| =  8,  Cycles:72(10:10:15) 48(15:20) 
 "   0  1  2  3  4   5  6  7  8  9  10 11 12 13 14  15 16 17 18 19  20 21 22 23 24  25 26 27 28 29  30 31 32 33 34 "
 "   0  6 12 18 24   1  5 13 17 29   2  8 10 16 34   3  9 20 27 31   4 11 22 25 33   7 19 21 28 30  14 15 23 26 32 "



    5: |Aut(M)| =  16,  Cycles:120(10:10:15) 
 "   0  1  2  3  4   5  6  7  8  9  10 11 12 13 14  15 16 17 18 19  20 21 22 23 24  25 26 27 28 29  30 31 32 33 34 "
 "   0  6 12 18 24   1  5 13 17 29   2  8 10 16 34   3  9 21 25 32   4  7 20 26 33  11 19 23 27 30  14 15 22 28 31 "



    6: |Aut(M)| =  8,  Cycles:72(10:10:15) 48(10:25) 
 "   0  1  2  3  4   5  6  7  8  9  10 11 12 13 14  15 16 17 18 19  20 21 22 23 24  25 26 27 28 29  30 31 32 33 34 "
 "   0  6 12 18 24   1  5 13 17 29   2  8 10 16 34   3  9 21 27 30   4  7 20 28 31  11 19 23 25 32  14 15 22 26 33 "



    7: |Aut(M)| =  16,  Cycles:24(10:10:15) 48(15:20) 48(35) 
 "   0  1  2  3  4   5  6  7  8  9  10 11 12 13 14  15 16 17 18 19  20 21 22 23 24  25 26 27 28 29  30 31 32 33 34 "
 "   0  6 12 18 24   1  5 13 17 29   2  8 11 15 34   3  9 20 26 32   4  7 21 25 33  10 19 22 28 31  14 16 23 27 30 "



    8: |Aut(M)| =  8,  Cycles:24(10:10:15) 96(35) 
 "   0  1  2  3  4   5  6  7  8  9  10 11 12 13 14  15 16 17 18 19  20 21 22 23 24  25 26 27 28 29  30 31 32 33 34 "
 "   0  6 12 18 24   1  5 13 17 29   2  8 11 15 34   3  9 20 27 31   4  7 21 28 30  10 19 22 26 33  14 16 23 25 32 "



    9: |Aut(M)| =  16,  Cycles:72(10:10:15) 48(35) 
 "   0  1  2  3  4   5  6  7  8  9  10 11 12 13 14  15 16 17 18 19  20 21 22 23 24  25 26 27 28 29  30 31 32 33 34 "
 "   0  6 12 18 24   1  5 13 17 29   2  8 11 15 34   3  9 21 25 32   4  7 20 26 33  10 19 23 27 31  14 16 22 28 30 "



   10: |Aut(M)| =  8,  Cycles:24(10:10:15) 48(10:25) 48(35) 
 "   0  1  2  3  4   5  6  7  8  9  10 11 12 13 14  15 16 17 18 19  20 21 22 23 24  25 26 27 28 29  30 31 32 33 34 "
 "   0  6 12 18 24   1  5 13 17 29   2  8 11 15 34   3  9 21 27 30   4  7 20 28 31  10 19 23 26 32  14 16 22 25 33 "



   11: |Aut(M)| =  8,  Cycles:24(10:10:15) 48(15:20) 48(35) 
 "   0  1  2  3  4   5  6  7  8  9  10 11 12 13 14  15 16 17 18 19  20 21 22 23 24  25 26 27 28 29  30 31 32 33 34 "
 "   0  6 12 18 24   1  5 13 17 29   2  8 11 15 34   3 14 20 26 32   4 10 22 28 31   7 19 21 25 33   9 16 23 27 30 "



   12: |Aut(M)| =  8,  Cycles:24(10:10:15) 96(35) 
 "   0  1  2  3  4   5  6  7  8  9  10 11 12 13 14  15 16 17 18 19  20 21 22 23 24  25 26 27 28 29  30 31 32 33 34 "
 "   0  6 12 18 24   1  5 13 17 29   2  8 11 15 34   3 14 20 26 32   4 16 23 27 30   7 19 21 25 33   9 10 22 28 31 "



   13: |Aut(M)| =  8,  Cycles:24(10:10:15) 96(35) 
 "   0  1  2  3  4   5  6  7  8  9  10 11 12 13 14  15 16 17 18 19  20 21 22 23 24  25 26 27 28 29  30 31 32 33 34 "
 "   0  6 12 18 24   1  5 13 17 29   2  8 11 15 34   3 14 21 25 32   4 10 23 27 31   7 19 20 26 33   9 16 22 28 30 "



   14: |Aut(M)| =  8,  Cycles:24(10:10:15) 48(15:20) 48(35) 
 "   0  1  2  3  4   5  6  7  8  9  10 11 12 13 14  15 16 17 18 19  20 21 22 23 24  25 26 27 28 29  30 31 32 33 34 "
 "   0  6 12 18 24   1  5 13 17 29   2  8 11 15 34   3 14 21 25 32   4 16 22 28 30   7 19 20 26 33   9 10 23 27 31 "



   15: |Aut(M)| =  8,  Cycles:24(10:10:15) 96(35) 
 "   0  1  2  3  4   5  6  7  8  9  10 11 12 13 14  15 16 17 18 19  20 21 22 23 24  25 26 27 28 29  30 31 32 33 34 "
 "   0  6 12 18 24   1  5 13 17 29   2  8 11 15 34   3 14 21 27 30   4 16 22 25 33   7 19 20 28 31   9 10 23 26 32 "



   16: |Aut(M)| =  8,  Cycles:72(10:10:15) 48(35) 
 "   0  1  2  3  4   5  6  7  8  9  10 11 12 13 14  15 16 17 18 19  20 21 22 23 24  25 26 27 28 29  30 31 32 33 34 "
 "   0  6 12 18 24   1  5 13 17 29   2  8 11 15 34   3 14 22 25 31   4 16 20 28 32   7 19 23 26 30   9 10 21 27 33 "



   17: |Aut(M)| =  10,  Cycles:60(10:10:15) 60(35) 
 "   0  1  2  3  4   5  6  7  8  9  10 11 12 13 14  15 16 17 18 19  20 21 22 23 24  25 26 27 28 29  30 31 32 33 34 "
 "   0  6 12 18 24   1  5 13 17 29   2  9 10 21 33   3 19 22 26 30   4 16 23 25 32   7 14 15 28 31   8 11 20 27 34 "



   18: |Aut(M)| =  20,  Cycles:120(35) 
 "   0  1  2  3  4   5  6  7  8  9  10 11 12 13 14  15 16 17 18 19  20 21 22 23 24  25 26 27 28 29  30 31 32 33 34 "
 "   0  6 12 18 24   1  7 10 28 34   2  8 14 15 31   3 16 20 29 32   4 17 23 26 30   5 13 19 21 27   9 11 22 25 33 "



   19: |Aut(M)| =  10,  Cycles:120(35) 
 "   0  1  2  3  4   5  6  7  8  9  10 11 12 13 14  15 16 17 18 19  20 21 22 23 24  25 26 27 28 29  30 31 32 33 34 "
 "   0  6 12 18 24   1  7 13 19 20   2  9 23 25 31   3 17 21 29 30   4  8 10 26 32   5 14 16 27 33  11 15 22 28 34 "



   20: |Aut(M)| =  28,  Cycles:120(35) 
 "   0  1  2  3  4   5  6  7  8  9  10 11 12 13 14  15 16 17 18 19  20 21 22 23 24  25 26 27 28 29  30 31 32 33 34 "
 "   0  6 12 18 24   1  7 13 19 25   2  8 14 26 30   3  9 20 27 31   4 15 21 28 32   5 11 17 23 34  10 16 22 29 33 "

