

    1: |Aut(M)| =  91,  Cycles:78(4:4:6:6:6)
 "   0  1   2  3   4  5   6  7   8  9  10 11  12 13  14 15  16 17  18 19  20 21  22 23  24 25 "
 "   0  3   1  2   4  7   5  6   8 11   9 12  10 13  14 17  15 18  16 19  20 23  21 24  22 25 "
 "   0  5   1  4   2  9   3 14   6 17   7 12   8 15  10 19  11 18  13 16  20 25  21 22  23 24 "
 "   0  7   1 10   2 21   3  4   5 20   6 11   8 23   9 22  12 25  13 24  14 19  15 16  17 18 "
 "   0  9   1 24   2 13   3 12   4 23   5 16   6 19   7 18   8 25  10 21  11 14  15 20  17 22 "
 "   0 11   1  6   2 15   3  8   4 25   5 18   7 10   9 14  12 23  13 22  16 21  17 20  19 24 "
 "   0 13   1 18   2  5   3 20   4 21   6 15   7 24   8 17   9 16  10 23  11 22  12 19  14 25 "
 "   0 15   1 22   2 25   3 24   4 11   5 10   6 13   7 16   8 19   9 20  12 17  14 23  18 21 "
 "   0 17   1 16   2 23   3  6   4 13   5 14   7 22   8 21   9 18  10 25  11 24  12 15  19 20 "
 "   0 19   1 12   2  7   3 22   4  9   5  8   6 23  10 15  11 20  13 18  14 21  16 25  17 24 "
 "   0 21   1 20   2 19   3 18   4 17   5 22   6 25   7 14   8 13   9 10  11 12  15 24  16 23 "
 "   0 23   1 14   2 17   3 10   4 19   5 24   6  9   7  8  11 16  12 21  13 20  15 22  18 25 "
 "   0 25   1  8   2 11   3 16   4 15   5 12   6 21   7 20   9 24  10 17  13 14  18 23  19 22 "


SRG #1 of type 1 with parameters (v,k,λ μ) = (169,144,121,132): |Aut(G)| = 3764599792427073536
It's a rank 3 graph with (α, β) = (6050, 7260)
*111111111111111111111111111111111111111111111111111111111111111111111111111111111111111111111111111111111111111111111111111111111111111111111111000000000000000000000000  0
1*11111111111111111111111111111111111111111111111111111111111111111111111111111111111111111111111111111111111111111111111110000000000000000000000111111111111111111111100  1
11*1111111111111111111111111111111111111111111111111111111111111111111111111111111111111111111111111111000000000000000000001111111111111111111100111111111111111111110011  2
111*111111111111111111111111111111111111111111111111111111111111111111111111111111111000000000000000000111111111111111111001111111111111111110011111111111111111111001111  3
1111*11111111111111111111111111111111111111111111111111111111111111110000000000000000111111111111111100111111111111111100111111111111111111001111111111111111111100111111  4
11111*1111111111111111111111111111111111111111111111111000000000000001111111111111100111111111111110011111111111111110011111111111111111100111111111111111111110011111111  5
111111*111111111111111111111111111111111111000000000000111111111111001111111111110011111111111111001111111111111111001111111111111111110011111111111111111111001111111111  6
1111111*11111111111111111111111110000000000111111111100111111111100111111111111001111111111111100111111111111111100111111111111111111001111111111111111111100111111111111  7
11111111*1111111111111111000000001111111100111111110011111111110011111111111100111111111111110011111111111111110011111111111111111100111111111111111111110011111111111111  8
111111111*111111111000000111111001111110011111111001111111111001111111111110011111111111111001111111111111111001111111111111111110011111111111111111111001111111111111111  9
1111111111*11110000111100111100111111001111111100111111111100111111111111001111111111111100111111111111111100111111111111111111001111111111111111111100111111111111111111 10
11111111111*1001100110011110011111100111111110011111111110011111111111100111111111111110011111111111111110011111111111111111100111111111111111111110011111111111111111111 11
111111111111*000011001111001111110011111111001111111111001111111111110011111111111111001111111111111111001111111111111111110011111111111111111111001111111111111111111111 12
1111111111100*11010101011101011111010111111101011111111101011111111111010111111111111101011111111111111101011111111111111111010111111111111111111101011111111111111111111 13
11111111111001*0101010111010111110101111111010111111111010111111111110101111111111111010111111111111111010111111111111111110101111111111111111111010111111111111111111111 14
111111111101010*110011110011110110111101111011110111111011110111111110111101111111111011110111111111111011110111111111111110111101111111111111111011110111111111111111111 15
1111111111010011*01101101101101111011011111101101111111101101111111111011011111111111101101111111111111101101111111111111111011011111111111111111101101111111111111111111 16
11111111110011010*1110101110101111101011111110101111111110101111111111101011111111111110101111111111111110101111111111111111101011111111111111111110101111111111111111111 17
111111111100101011*111010111010111110101111111010111111111010111111111110101111111111111010111111111111111010111111111111111110101111111111111111111010111111111111111111 18
1111111110110100111*11001011111100111111011011111101111011111101111110111111011111111011111101111111111011111101111111111110111111011111111111111011111101111111111111111 19
11111111101100110111*0110101111011011110111101111011111101111011111111011110111111111101111011111111111101111011111111111111011110111111111111111101111011111111111111111 20
111111111010110110110*110110111011101110111110111011111110111011111111101110111111111110111011111111111110111011111111111111101110111111111111111110111011111111111111111 21
1111111110101011110011*01111011101110111011111011101111111011101111111110111011111111111011101111111111111011101111111111111110111011111111111111111011101111111111111111 22
11111111100111110010110*1111101101111011011111101101111111101101111111111011011111111111101101111111111111101101111111111111111011011111111111111111101101111111111111111 23
111111111001111011010011*111110011111100111111110011111111110011111111111100111111111111110011111111111111110011111111111111111100111111111111111111110011111111111111111 24
1111111101110100111011111*11001010111111110011111111011011111111011110111111110111111011111111011111111011111111011111111110111111110111111111111011111111011111111111111 25
11111111011100110111011111*0110101011111101101111110111101111110111111011111101111111101111110111111111101111110111111111111011111101111111111111101111110111111111111111 26
111111110110110110111011110*110101101111101110111110111110111110111111101111101111111110111110111111111110111110111111111111101111101111111111111110111110111111111111111 27
1111111101101011110111011011*01011110111110111011111011111011111011111110111110111111111011111011111111111011111011111111111110111110111111111111111011111011111111111111 28
11111111010111110011111010110*1011111011110111101111011111101111011111111011110111111111101111011111111111101111011111111111111011110111111111111111101111011111111111111 29
111111110101111011011111010011*101111101101111110110111111110110111111111101101111111111110110111111111111110110111111111111111101101111111111111111110110111111111111111 30
1111111100111111111100110011001*11111110110111111011011111111011011111111110110111111111111011011111111111111011011111111111111110110111111111111111111011011111111111111 31
11111111001111111110110011001101*1111111001111111100111111111100111111111111001111111111111100111111111111111100111111111111111111001111111111111111111100111111111111111 32
111111101111010011101111101111111*110010101011111111110011111111110110111111111101111011111111110111111011111111110111111110111111111101111111111011111111110111111111111 33
1111111011110011011101111101111111*01101010101111111101101111111101111011111111011111101111111101111111101111111101111111111011111111011111111111101111111101111111111111 34
11111110111011011011101111101111110*1101010110111111101110111111101111101111111011111110111111101111111110111111101111111111101111111011111111111110111111101111111111111 35
111111101110101111011101111101111011*010101111011111110111011111110111110111111101111111011111110111111111011111110111111111110111111101111111111111011111110111111111111 36
1111111011011111001111101111101110110*10101111101111110111101111110111111011111101111111101111110111111111101111110111111111111011111101111111111111101111110111111111111 37
11111110110111101101111101111101110011*1010111110111101111110111101111111101111011111111110111101111111111110111101111111111111101111011111111111111110111101111111111111 38
111111101011111111110011011111101011001*101111111011110111111011110111111110111101111111111011110111111111111011110111111111111110111101111111111111111011110111111111111 39
1111111010111111111011001111111101001101*10111111101101111111101101111111111011011111111111101101111111111111101101111111111111111011011111111111111111101101111111111111 40
11111110011111111111111111001101001100101*1111111110110111111110110111111111101101111111111110110111111111111110110111111111111111101101111111111111111110110111111111111 41
111111100111111111111111101100101100110101*111111111001111111111001111111111110011111111111111001111111111111111001111111111111111110011111111111111111111001111111111111 42
1111110111110100111011111011111110111111111*11001010101011111111111100111111111111011011111111111101111011111111111101111110111111111111011111111011111111111101111111111 43
11111101111100110111011111011111110111111111*0110101010101111111111011011111111110111101111111111011111101111111111011111111011111111110111111111101111111111011111111111 44
111111011110110110111011111011111110111111110*110101010110111111111011101111111110111110111111111011111110111111111011111111101111111110111111111110111111111011111111111 45
1111110111101011110111011111011111110111111011*01010101111011111111101110111111111011111011111111101111111011111111101111111110111111111011111111111011111111101111111111 46
11111101110111110011111011111011111110111110110*1010101111101111111101111011111111011111101111111101111111101111111101111111111011111111011111111111101111111101111111111 47
111111011101111011011111011111011111110111110011*101010111110111111011111101111110111111110111111011111111110111111011111111111101111110111111111111110111111011111111111 48
1111110110111111111100110111111011111110111011001*10101111111011111101111110111111011111111011111101111111111011111101111111111110111111011111111111111011111101111111111 49
11111101101111111110110011111111011111110111001101*1010111111101111011111111011110111111111101111011111111111101111011111111111111011110111111111111111101111011111111111 50
111111010111111111111111110011010111111110101100101*101111111110111101111111101111011111111110111101111111111110111101111111111111101111011111111111111110111101111111111 51
1111110101111111111111111011001011111111110100110101*10111111111011011111111110110111111111111011011111111111111011011111111111111110110111111111111111111011011111111111 52
11111100111111111111111111111111110011010100110010101*1111111111101101111111111011011111111111101101111111111111101101111111111111111011011111111111111111101101111111111 53
111111001111111111111111111111111011001010110011010101*111111111110011111111111100111111111111110011111111111111110011111111111111111100111111111111111111110011111111111 54
1111101111110100111011111011111110111111111011111111111*11001010101010111111111111110011111111111111011011111111111111011110111111111111110111111011111111111111011111111 55
11111011111100110111011111011111110111111111011111111111*0110101010101011111111111101101111111111110111101111111111110111111011111111111101111111101111111111110111111111 56
111110111110110110111011111011111110111111111011111111110*110101010101101111111111101110111111111110111110111111111110111111101111111111101111111110111111111110111111111 57
1111101111101011110111011111011111110111111111011111111011*01010101011110111111111110111011111111111011111011111111111011111110111111111110111111111011111111111011111111 58
11111011110111110011111011111011111110111111111011111110110*1010101011111011111111110111101111111111011111101111111111011111111011111111110111111111101111111111011111111 59
111110111101111011011111011111011111110111111111011111110011*101010101111101111111101111110111111110111111110111111110111111111101111111101111111111110111111110111111111 60
1111101110111111111100110111111011111110111111111011111011001*10101011111110111111110111111011111111011111111011111111011111111110111111110111111111111011111111011111111 61
11111011101111111110110011111111011111110111111111011111001101*1010101111111011111101111111101111110111111111101111110111111111111011111101111111111111101111110111111111 62
111110110111111111111111110011010111111110111111111011101100101*101011111111101111110111111110111111011111111110111111011111111111101111110111111111111110111111011111111 63
1111101101111111111111111011001011111111110111111111011100110101*10101111111110111101111111111011110111111111111011110111111111111110111101111111111111111011110111111111 64
11111010111111111111111111111111110011010101111111111010110010101*1011111111111011110111111111101111011111111111101111011111111111111011110111111111111111101111011111111 65
111110101111111111111111111111111011001010111111111111010011010101*101111111111101101111111111110110111111111111110110111111111111111101101111111111111111110110111111111 66
1111100111111111111111111111111111111111111100110101010011001010101*11111111111110110111111111111011011111111111111011011111111111111110110111111111111111111011011111111 67
11111001111111111111111111111111111111111110110010101011001101010101*1111111111111001111111111111100111111111111111100111111111111111111001111111111111111111100111111111 68
111101111111010011101111101111111011111111101111111111101111111111111*110010101010101011111111111111110011111111111111110110111111111111111101111011111111111111110111111 69
1111011111110011011101111101111111011111111101111111111101111111111111*01101010101010101111111111111101101111111111111101111011111111111111011111101111111111111101111111 70
11110111111011011011101111101111111011111111101111111111101111111111110*1101010101010110111111111111101110111111111111101111101111111111111011111110111111111111101111111 71
111101111110101111011101111101111111011111111101111111111101111111111011*010101010101111011111111111110111011111111111110111110111111111111101111111011111111111110111111 72
1111011111011111001111101111101111111011111111101111111111101111111110110*10101010101111101111111111110111101111111111110111111011111111111101111111101111111111110111111 73
11110111110111101101111101111101111111011111111101111111111101111111110011*1010101010111110111111111101111110111111111101111111101111111111011111111110111111111101111111 74
111101111011111111110011011111101111111011111111101111111111101111111011001*101010101111111011111111110111111011111111110111111110111111111101111111111011111111110111111 75
1111011110111111111011001111111101111111011111111101111111111101111111001101*10101010111111101111111101111111101111111101111111111011111111011111111111101111111101111111 76
11110111011111111111111111001101011111111011111111101111111111101111101100101*1010101111111110111111110111111110111111110111111111101111111101111111111110111111110111111 77
111101110111111111111111101100101111111111011111111101111111111101111100110101*101010111111111011111101111111111011111101111111111110111111011111111111111011111101111111 78
1111011011111111111111111111111111001101010111111111101111111111101110110010101*10101111111111101111110111111111101111110111111111111011111101111111111111101111110111111 79
11110110111111111111111111111111101100101011111111111101111111111101110011010101*1010111111111110111101111111111110111101111111111111101111011111111111111110111101111111 80
111101011111111111111111111111111111111111110011010101011111111111101011001010101*101111111111111011110111111111111011110111111111111110111101111111111111111011110111111 81
1111010111111111111111111111111111111111111011001010101111111111111101001101010101*10111111111111101101111111111111101101111111111111111011011111111111111111101101111111 82
11110011111111111111111111111111111111111111111111111111001101010101001100101010101*1111111111111110110111111111111110110111111111111111101101111111111111111110110111111 83
111100111111111111111111111111111111111111111111111111101100101010101100110101010101*111111111111111001111111111111111001111111111111111110011111111111111111111001111111 84
1110111111110100111011111011111110111111111011111111111011111111111110111111111111111*11001010101010101011111111111111111100111111111111111111011011111111111111111101111 85
11101111111100110111011111011111110111111111011111111111011111111111110111111111111111*0110101010101010101111111111111111011011111111111111110111101111111111111111011111 86
111011111110110110111011111011111110111111111011111111111011111111111110111111111111110*110101010101010110111111111111111011101111111111111110111110111111111111111011111 87
1110111111101011110111011111011111110111111111011111111111011111111111110111111111111011*01010101010101111011111111111111101110111111111111111011111011111111111111101111 88
11101111110111110011111011111011111110111111111011111111111011111111111110111111111110110*1010101010101111101111111111111101111011111111111111011111101111111111111101111 89
111011111101111011011111011111011111110111111111011111111111011111111111110111111111110011*101010101010111110111111111111011111101111111111110111111110111111111111011111 90
1110111110111111111100110111111011111110111111111011111111111011111111111110111111111011001*10101010101111111011111111111101111110111111111111011111111011111111111101111 91
11101111101111111110110011111111011111110111111111011111111111011111111111110111111111001101*1010101010111111101111111111011111111011111111110111111111101111111111011111 92
111011110111111111111111110011010111111110111111111011111111111011111111111110111111101100101*101010101111111110111111111101111111101111111111011111111110111111111101111 93
1110111101111111111111111011001011111111110111111111011111111111011111111111110111111100110101*10101010111111111011111111011111111110111111110111111111111011111111011111 94
11101110111111111111111111111111110011010101111111111011111111111011111111111110111110110010101*1010101111111111101111111101111111111011111111011111111111101111111101111 95
111011101111111111111111111111111011001010111111111111011111111111011111111111110111110011010101*101010111111111110111111011111111111101111110111111111111110111111011111 96
1110110111111111111111111111111111111111111100110101010111111111111011111111111110111011001010101*10101111111111111011111101111111111110111111011111111111111011111101111 97
11101101111111111111111111111111111111111110110010101011111111111111011111111111110111001101010101*1010111111111111101111011111111111111011110111111111111111101111011111 98
111010111111111111111111111111111111111111111111111111110011010101010111111111111110101100101010101*101111111111111110111101111111111111101111011111111111111110111101111 99
1110101111111111111111111111111111111111111111111111111011001010101011111111111111110100110101010101*10111111111111111011011111111111111110110111111111111111111011011111 100
11100111111111111111111111111111111111111111111111111111111111111111110011010101010100110010101010101*1111111111111111101101111111111111111011011111111111111111101101111 101
111001111111111111111111111111111111111111111111111111111111111111111011001010101010110011010101010101*111111111111111110011111111111111111100111111111111111111110011111 102
1101111111110100111011111011111110111111111011111111111011111111111110111111111111111011111111111111111*11001010101010101010111111111111111111110011111111111111111111011 103
11011111111100110111011111011111110111111111011111111111011111111111110111111111111111011111111111111111*0110101010101010101011111111111111111101101111111111111111110111 104
110111111110110110111011111011111110111111111011111111111011111111111110111111111111111011111111111111110*110101010101010101101111111111111111101110111111111111111110111 105
1101111111101011110111011111011111110111111111011111111111011111111111110111111111111111011111111111111011*01010101010101011110111111111111111110111011111111111111111011 106
11011111110111110011111011111011111110111111111011111111111011111111111110111111111111111011111111111110110*1010101010101011111011111111111111110111101111111111111111011 107
110111111101111011011111011111011111110111111111011111111111011111111111110111111111111111011111111111110011*101010101010101111101111111111111101111110111111111111110111 108
1101111110111111111100110111111011111110111111111011111111111011111111111110111111111111111011111111111011001*10101010101011111110111111111111110111111011111111111111011 109
11011111101111111110110011111111011111110111111111011111111111011111111111110111111111111111011111111111001101*1010101010101111111011111111111101111111101111111111110111 110
110111110111111111111111110011010111111110111111111011111111111011111111111110111111111111111011111111101100101*101010101011111111101111111111110111111110111111111111011 111
1101111101111111111111111011001011111111110111111111011111111111011111111111110111111111111111011111111100110101*10101010101111111110111111111101111111111011111111110111 112
11011110111111111111111111111111110011010101111111111011111111111011111111111110111111111111111011111110110010101*1010101011111111111011111111110111111111101111111111011 113
110111101111111111111111111111111011001010111111111111011111111111011111111111110111111111111111011111110011010101*101010101111111111101111111101111111111110111111110111 114
1101110111111111111111111111111111111111111100110101010111111111111011111111111110111111111111111011111011001010101*10101011111111111110111111110111111111111011111111011 115
11011101111111111111111111111111111111111110110010101011111111111111011111111111110111111111111111011111001101010101*1010101111111111111011111101111111111111101111110111 116
110110111111111111111111111111111111111111111111111111110011010101010111111111111110111111111111111011101100101010101*101011111111111111101111110111111111111110111111011 117
1101101111111111111111111111111111111111111111111111111011001010101011111111111111110111111111111111011100110101010101*10101111111111111110111101111111111111111011110111 118
11010111111111111111111111111111111111111111111111111111111111111111110011010101010101111111111111111010110010101010101*1011111111111111111011110111111111111111101111011 119
110101111111111111111111111111111111111111111111111111111111111111111011001010101010111111111111111111010011010101010101*101111111111111111101101111111111111111110110111 120
1100111111111111111111111111111111111111111111111111111111111111111111111111111111111100110101010101010011001010101010101*11111111111111111110110111111111111111111011011 121
11001111111111111111111111111111111111111111111111111111111111111111111111111111111110110010101010101011001101010101010101*1111111111111111111001111111111111111111100111 122
101111111111010011101111101111111011111111101111111111101111111111111011111111111111101111111111111111101111111111111111111*110010101010101010101011111111111111111111110 123
1011111111110011011101111101111111011111111101111111111101111111111111011111111111111101111111111111111101111111111111111111*01101010101010101010101111111111111111111101 124
10111111111011011011101111101111111011111111101111111111101111111111111011111111111111101111111111111111101111111111111111110*1101010101010101010110111111111111111111101 125
101111111110101111011101111101111111011111111101111111111101111111111111011111111111111101111111111111111101111111111111111011*010101010101010101111011111111111111111110 126
1011111111011111001111101111101111111011111111101111111111101111111111111011111111111111101111111111111111101111111111111110110*10101010101010101111101111111111111111110 127
10111111110111101101111101111101111111011111111101111111111101111111111111011111111111111101111111111111111101111111111111110011*1010101010101010111110111111111111111101 128
101111111011111111110011011111101111111011111111101111111111101111111111111011111111111111101111111111111111101111111111111011001*101010101010101111111011111111111111110 129
1011111110111111111011001111111101111111011111111101111111111101111111111111011111111111111101111111111111111101111111111111001101*10101010101010111111101111111111111101 130
10111111011111111111111111001101011111111011111111101111111111101111111111111011111111111111101111111111111111101111111111101100101*1010101010101111111110111111111111110 131
101111110111111111111111101100101111111111011111111101111111111101111111111111011111111111111101111111111111111101111111111100110101*101010101010111111111011111111111101 132
1011111011111111111111111111111111001101010111111111101111111111101111111111111011111111111111101111111111111111101111111110110010101*10101010101111111111101111111111110 133
10111110111111111111111111111111101100101011111111111101111111111101111111111111011111111111111101111111111111111101111111110011010101*1010101010111111111110111111111101 134
101111011111111111111111111111111111111111110011010101011111111111101111111111111011111111111111101111111111111111101111111011001010101*101010101111111111111011111111110 135
1011110111111111111111111111111111111111111011001010101111111111111101111111111111011111111111111101111111111111111101111111001101010101*10101010111111111111101111111101 136
10111011111111111111111111111111111111111111111111111111001101010101011111111111111011111111111111101111111111111111101111101100101010101*1010101111111111111110111111110 137
101110111111111111111111111111111111111111111111111111101100101010101111111111111111011111111111111101111111111111111101111100110101010101*101010111111111111111011111101 138
1011011111111111111111111111111111111111111111111111111111111111111111001101010101010111111111111111101111111111111111101110110010101010101*10101111111111111111101111110 139
10110111111111111111111111111111111111111111111111111111111111111111101100101010101011111111111111111101111111111111111101110011010101010101*1010111111111111111110111101 140
101011111111111111111111111111111111111111111111111111111111111111111111111111111111110011010101010101011111111111111111101011001010101010101*101111111111111111111011110 141
1010111111111111111111111111111111111111111111111111111111111111111111111111111111111011001010101010101111111111111111111101001101010101010101*10111111111111111111101101 142
10011111111111111111111111111111111111111111111111111111111111111111111111111111111111111111111111111111001101010101010101001100101010101010101*1111111111111111111110110 143
100111111111111111111111111111111111111111111111111111111111111111111111111111111111111111111111111111101100101010101010101100110101010101010101*111111111111111111111001 144
0111111111110100111011111011111110111111111011111111111011111111111110111111111111111011111111111111111011111111111111111110111111111111111111111*11001010101010101010101 145
01111111111100110111011111011111110111111111011111111111011111111111110111111111111111011111111111111111011111111111111111110111111111111111111111*0110101010101010101010 146
011111111110110110111011111011111110111111111011111111111011111111111110111111111111111011111111111111111011111111111111111110111111111111111111110*110101010101010101010 147
0111111111101011110111011111011111110111111111011111111111011111111111110111111111111111011111111111111111011111111111111111110111111111111111111011*01010101010101010101 148
01111111110111110011111011111011111110111111111011111111111011111111111110111111111111111011111111111111111011111111111111111110111111111111111110110*1010101010101010101 149
011111111101111011011111011111011111110111111111011111111111011111111111110111111111111111011111111111111111011111111111111111110111111111111111110011*101010101010101010 150
0111111110111111111100110111111011111110111111111011111111111011111111111110111111111111111011111111111111111011111111111111111110111111111111111011001*10101010101010101 151
01111111101111111110110011111111011111110111111111011111111111011111111111110111111111111111011111111111111111011111111111111111110111111111111111001101*1010101010101010 152
011111110111111111111111110011010111111110111111111011111111111011111111111110111111111111111011111111111111111011111111111111111110111111111111101100101*101010101010101 153
0111111101111111111111111011001011111111110111111111011111111111011111111111110111111111111111011111111111111111011111111111111111110111111111111100110101*10101010101010 154
01111110111111111111111111111111110011010101111111111011111111111011111111111110111111111111111011111111111111111011111111111111111110111111111110110010101*1010101010101 155
011111101111111111111111111111111011001010111111111111011111111111011111111111110111111111111111011111111111111111011111111111111111110111111111110011010101*101010101010 156
0111110111111111111111111111111111111111111100110101010111111111111011111111111110111111111111111011111111111111111011111111111111111110111111111011001010101*10101010101 157
01111101111111111111111111111111111111111110110010101011111111111111011111111111110111111111111111011111111111111111011111111111111111110111111111001101010101*1010101010 158
011110111111111111111111111111111111111111111111111111110011010101010111111111111110111111111111111011111111111111111011111111111111111110111111101100101010101*101010101 159
0111101111111111111111111111111111111111111111111111111011001010101011111111111111110111111111111111011111111111111111011111111111111111110111111100110101010101*10101010 160
01110111111111111111111111111111111111111111111111111111111111111111110011010101010101111111111111111011111111111111111011111111111111111110111110110010101010101*1010101 161
011101111111111111111111111111111111111111111111111111111111111111111011001010101010111111111111111111011111111111111111011111111111111111110111110011010101010101*101010 162
0110111111111111111111111111111111111111111111111111111111111111111111111111111111111100110101010101010111111111111111111011111111111111111110111011001010101010101*10101 163
01101111111111111111111111111111111111111111111111111111111111111111111111111111111110110010101010101011111111111111111111011111111111111111110111001101010101010101*1010 164
010111111111111111111111111111111111111111111111111111111111111111111111111111111111111111111111111111110011010101010101010111111111111111111110101100101010101010101*101 165
0101111111111111111111111111111111111111111111111111111111111111111111111111111111111111111111111111111011001010101010101011111111111111111111110100110101010101010101*10 166
00111111111111111111111111111111111111111111111111111111111111111111111111111111111111111111111111111111111111111111111111110011010101010101010100110010101010101010101*1 167
001111111111111111111111111111111111111111111111111111111111111111111111111111111111111111111111111111111111111111111111111011001010101010101010110011010101010101010101* 168

Vertex orbits and group generators of graph:
  0  0  0  0  0  0  0  0  0  0  0  0  0  0  0  0  0  0  0  0  0  0  0  0  0  0  0  0  0  0  0  0  0  0  0  0  0  0  0  0  0  0  0  0  0  0  0  0  0  0  0  0  0  0  0  0  0  0  0  0  0  0  0  0  0  0  0  0  0  0  0  0  0  0  0  0  0  0  0  0  0  0  0  0  0  0  0  0  0  0  0  0  0  0  0  0  0  0  0  0  0  0  0  0  0  0  0  0  0  0  0  0  0  0  0  0  0  0  0  0  0  0  0  0  0  0  0  0  0  0  0  0  0  0  0  0  0  0  0  0  0  0  0  0  0  0  0  0  0  0  0  0  0  0  0  0  0  0  0  0  0  0  0  0  0  0  0  0  0
  0  1  1  1  1  1  1  1  1  1  1  1  1  1  1  1  1  1  1  1  1  1  1  1  1  1  1  1  1  1  1  1  1  1  1  1  1  1  1  1  1  1  1  1  1  1  1  1  1  1  1  1  1  1  1  1  1  1  1  1  1  1  1  1  1  1  1  1  1  1  1  1  1  1  1  1  1  1  1  1  1  1  1  1  1  1  1  1  1  1  1  1  1  1  1  1  1  1  1  1  1  1  1  1  1  1  1  1  1  1  1  1  1  1  1  1  1  1  1  1  1  1  1  1  1  1  1  1  1  1  1  1  1  1  1  1  1  1  1  1  1  1  1  1  1 145 145 145 145 145 145 145 145 145 145 145 145 145 145 145 145 145 145 145 145 145 145 145 145
  0  1  2  3  4  5  6  7  8  9 10 11 12 13 14 15 16 17 18 19 20 21 22 23 24 25 26 27 28 29 30 31 32 33 34 35 36 37 38 39 40 41 42 43 44 45 46 47 48 49 50 51 52 53 54 55 56 57 58 59 60 61 62 63 64 65 66 67 68 69 70 71 72 73 74 75 76 77 78 79 80 81 82 83 84 85 86 87 88 89 90 91 92 93 94 95 96 97 98 99 100 101 102 103 104 105 106 107 108 109 110 111 112 113 114 115 116 117 118 119 120 121 122 123 124 125 126 127 128 129 130 131 132 133 134 135 136 137 138 139 140 141 142 143 144 145 146 147 148 149 150 151 152 153 154 155 156 157 158 159 160 161 162 163 164 165 166 167 168
  0  1  2  3  4  5  6  7  8  9 10 11 12 14 13 16 15 18 17 20 19 22 21 24 23 26 25 28 27 30 29 32 31 34 33 36 35 38 37 40 39 42 41 44 43 46 45 48 47 50 49 52 51 54 53 56 55 58 57 60 59 62 61 64 63 66 65 68 67 70 69 72 71 74 73 76 75 78 77 80 79 82 81 84 83 86 85 88 87 90 89 92 91 94 93 96 95 98 97 100 99 102 101 104 103 106 105 108 107 110 109 112 111 114 113 116 115 118 117 120 119 122 121 124 123 126 125 128 127 130 129 132 131 134 133 136 135 138 137 140 139 142 141 144 143 146 145 148 147 150 149 152 151 154 153 156 155 158 157 160 159 162 161 164 163 166 165 168 167
  0  1  2  3  4  5  6  7  8  9 10 12 11 13 14 17 18 15 16 21 22 19 20 24 23 27 28 25 26 30 29 32 31 35 36 33 34 38 37 40 39 42 41 45 46 43 44 48 47 50 49 52 51 54 53 57 58 55 56 60 59 62 61 64 63 66 65 68 67 71 72 69 70 74 73 76 75 78 77 80 79 82 81 84 83 87 88 85 86 90 89 92 91 94 93 96 95 98 97 100 99 102 101 105 106 103 104 108 107 110 109 112 111 114 113 116 115 118 117 120 119 122 121 125 126 123 124 128 127 130 129 132 131 134 133 136 135 138 137 140 139 142 141 144 143 147 148 145 146 150 149 152 151 154 153 156 155 158 157 160 159 162 161 164 163 166 165 168 167
  0  1  2  3  4  5  6  7  8  9 11 10 12 16 15 14 13 18 17 19 20 24 23 22 21 25 26 30 29 28 27 31 32 33 34 38 37 36 35 39 40 41 42 43 44 48 47 46 45 49 50 51 52 53 54 55 56 60 59 58 57 61 62 63 64 65 66 67 68 69 70 74 73 72 71 75 76 77 78 79 80 81 82 83 84 85 86 90 89 88 87 91 92 93 94 95 96 97 98 99 100 101 102 103 104 108 107 106 105 109 110 111 112 113 114 115 116 117 118 119 120 121 122 123 124 128 127 126 125 129 130 131 132 133 134 135 136 137 138 139 140 141 142 143 144 145 146 150 149 148 147 151 152 153 154 155 156 157 158 159 160 161 162 163 164 165 166 167 168
  0  1  2  3  4  5  6  7  8 10  9 11 12 13 14 19 20 21 22 15 16 17 18 24 23 25 26 27 28 31 32 29 30 33 34 35 36 39 40 37 38 41 42 43 44 45 46 49 50 47 48 51 52 53 54 55 56 57 58 61 62 59 60 63 64 65 66 67 68 69 70 71 72 75 76 73 74 77 78 79 80 81 82 83 84 85 86 87 88 91 92 89 90 93 94 95 96 97 98 99 100 101 102 103 104 105 106 109 110 107 108 111 112 113 114 115 116 117 118 119 120 121 122 123 124 125 126 129 130 127 128 131 132 133 134 135 136 137 138 139 140 141 142 143 144 145 146 147 148 151 152 149 150 153 154 155 156 157 158 159 160 161 162 163 164 165 166 167 168
  0  1  2  3  4  5  6  7  9  8 10 11 12 13 14 15 16 17 18 25 26 27 28 29 30 19 20 21 22 23 24 32 31 33 34 35 36 37 38 41 42 39 40 43 44 45 46 47 48 51 52 49 50 53 54 55 56 57 58 59 60 63 64 61 62 65 66 67 68 69 70 71 72 73 74 77 78 75 76 79 80 81 82 83 84 85 86 87 88 89 90 93 94 91 92 95 96 97 98 99 100 101 102 103 104 105 106 107 108 111 112 109 110 113 114 115 116 117 118 119 120 121 122 123 124 125 126 127 128 131 132 129 130 133 134 135 136 137 138 139 140 141 142 143 144 145 146 147 148 149 150 153 154 151 152 155 156 157 158 159 160 161 162 163 164 165 166 167 168
  0  1  2  3  4  5  6  8  7  9 10 11 12 13 14 15 16 17 18 19 20 21 22 23 24 33 34 35 36 37 38 39 40 25 26 27 28 29 30 31 32 42 41 43 44 45 46 47 48 49 50 53 54 51 52 55 56 57 58 59 60 61 62 65 66 63 64 67 68 69 70 71 72 73 74 75 76 79 80 77 78 81 82 83 84 85 86 87 88 89 90 91 92 95 96 93 94 97 98 99 100 101 102 103 104 105 106 107 108 109 110 113 114 111 112 115 116 117 118 119 120 121 122 123 124 125 126 127 128 129 130 133 134 131 132 135 136 137 138 139 140 141 142 143 144 145 146 147 148 149 150 151 152 155 156 153 154 157 158 159 160 161 162 163 164 165 166 167 168
  0  1  2  3  4  5  7  6  8  9 10 11 12 13 14 15 16 17 18 19 20 21 22 23 24 25 26 27 28 29 30 31 32 43 44 45 46 47 48 49 50 51 52 33 34 35 36 37 38 39 40 41 42 54 53 55 56 57 58 59 60 61 62 63 64 67 68 65 66 69 70 71 72 73 74 75 76 77 78 81 82 79 80 83 84 85 86 87 88 89 90 91 92 93 94 97 98 95 96 99 100 101 102 103 104 105 106 107 108 109 110 111 112 115 116 113 114 117 118 119 120 121 122 123 124 125 126 127 128 129 130 131 132 135 136 133 134 137 138 139 140 141 142 143 144 145 146 147 148 149 150 151 152 153 154 157 158 155 156 159 160 161 162 163 164 165 166 167 168
  0  1  2  3  4  6  5  7  8  9 10 11 12 13 14 15 16 17 18 19 20 21 22 23 24 25 26 27 28 29 30 31 32 33 34 35 36 37 38 39 40 41 42 55 56 57 58 59 60 61 62 63 64 65 66 43 44 45 46 47 48 49 50 51 52 53 54 68 67 69 70 71 72 73 74 75 76 77 78 79 80 83 84 81 82 85 86 87 88 89 90 91 92 93 94 95 96 99 100 97 98 101 102 103 104 105 106 107 108 109 110 111 112 113 114 117 118 115 116 119 120 121 122 123 124 125 126 127 128 129 130 131 132 133 134 137 138 135 136 139 140 141 142 143 144 145 146 147 148 149 150 151 152 153 154 155 156 159 160 157 158 161 162 163 164 165 166 167 168
  0  1  2  3  5  4  6  7  8  9 10 11 12 13 14 15 16 17 18 19 20 21 22 23 24 25 26 27 28 29 30 31 32 33 34 35 36 37 38 39 40 41 42 43 44 45 46 47 48 49 50 51 52 53 54 69 70 71 72 73 74 75 76 77 78 79 80 81 82 55 56 57 58 59 60 61 62 63 64 65 66 67 68 84 83 85 86 87 88 89 90 91 92 93 94 95 96 97 98 101 102 99 100 103 104 105 106 107 108 109 110 111 112 113 114 115 116 119 120 117 118 121 122 123 124 125 126 127 128 129 130 131 132 133 134 135 136 139 140 137 138 141 142 143 144 145 146 147 148 149 150 151 152 153 154 155 156 157 158 161 162 159 160 163 164 165 166 167 168
  0  1  2  4  3  5  6  7  8  9 10 11 12 13 14 15 16 17 18 19 20 21 22 23 24 25 26 27 28 29 30 31 32 33 34 35 36 37 38 39 40 41 42 43 44 45 46 47 48 49 50 51 52 53 54 55 56 57 58 59 60 61 62 63 64 65 66 67 68 85 86 87 88 89 90 91 92 93 94 95 96 97 98 99 100 69 70 71 72 73 74 75 76 77 78 79 80 81 82 83 84 102 101 103 104 105 106 107 108 109 110 111 112 113 114 115 116 117 118 121 122 119 120 123 124 125 126 127 128 129 130 131 132 133 134 135 136 137 138 141 142 139 140 143 144 145 146 147 148 149 150 151 152 153 154 155 156 157 158 159 160 163 164 161 162 165 166 167 168
  0  1  3  2  4  5  6  7  8  9 10 11 12 13 14 15 16 17 18 19 20 21 22 23 24 25 26 27 28 29 30 31 32 33 34 35 36 37 38 39 40 41 42 43 44 45 46 47 48 49 50 51 52 53 54 55 56 57 58 59 60 61 62 63 64 65 66 67 68 69 70 71 72 73 74 75 76 77 78 79 80 81 82 83 84 103 104 105 106 107 108 109 110 111 112 113 114 115 116 117 118 119 120 85 86 87 88 89 90 91 92 93 94 95 96 97 98 99 100 101 102 122 121 123 124 125 126 127 128 129 130 131 132 133 134 135 136 137 138 139 140 143 144 141 142 145 146 147 148 149 150 151 152 153 154 155 156 157 158 159 160 161 162 165 166 163 164 167 168
  0  2  1  3  4  5  6  7  8  9 10 11 12 13 14 15 16 17 18 19 20 21 22 23 24 25 26 27 28 29 30 31 32 33 34 35 36 37 38 39 40 41 42 43 44 45 46 47 48 49 50 51 52 53 54 55 56 57 58 59 60 61 62 63 64 65 66 67 68 69 70 71 72 73 74 75 76 77 78 79 80 81 82 83 84 85 86 87 88 89 90 91 92 93 94 95 96 97 98 99 100 101 102 123 124 125 126 127 128 129 130 131 132 133 134 135 136 137 138 139 140 141 142 103 104 105 106 107 108 109 110 111 112 113 114 115 116 117 118 119 120 121 122 144 143 145 146 147 148 149 150 151 152 153 154 155 156 157 158 159 160 161 162 163 164 167 168 165 166
  1  0  2  3  4  5  6  7  8  9 10 11 12 13 14 15 16 17 18 19 20 21 22 23 24 25 26 27 28 29 30 31 32 33 34 35 36 37 38 39 40 41 42 43 44 45 46 47 48 49 50 51 52 53 54 55 56 57 58 59 60 61 62 63 64 65 66 67 68 69 70 71 72 73 74 75 76 77 78 79 80 81 82 83 84 85 86 87 88 89 90 91 92 93 94 95 96 97 98 99 100 101 102 103 104 105 106 107 108 109 110 111 112 113 114 115 116 117 118 119 120 121 122 145 146 147 148 149 150 151 152 153 154 155 156 157 158 159 160 161 162 163 164 165 166 123 124 125 126 127 128 129 130 131 132 133 134 135 136 137 138 139 140 141 142 143 144 168 167


SRG #1 of type 2 with parameters (v,k,λ μ) = (169,36,13,6): |Aut(G)| = 468
*111111111111111111111111111111111111000000000000000000000000000000000000000000000000000000000000000000000000000000000000000000000000000000000000000000000000000000000000  0
1*11111111111110000000000000000000000111111111111111111111100000000000000000000000000000000000000000000000000000000000000000000000000000000000000000000000000000000000000  1
11*1111111111001100000000000000000000110000000000000000000011111111111111111111000000000000000000000000000000000000000000000000000000000000000000000000000000000000000000  2
111*111111111000011000000000000000000001100000000000000000011000000000000000000111111111111111111000000000000000000000000000000000000000000000000000000000000000000000000  3
1111*11111111000000110000000000000000000011000000000000000000110000000000000000110000000000000000111111111111111100000000000000000000000000000000000000000000000000000000  4
11111*1111111000000001100000000000000000000110000000000000000001100000000000000001100000000000000110000000000000011111111111111000000000000000000000000000000000000000000  5
111111*111111000000000011000000000000000000001100000000000000000011000000000000000011000000000000001100000000000011000000000000111111111111000000000000000000000000000000  6
1111111*11111000000000000110000000000000000000011000000000000000000110000000000000000110000000000000011000000000000110000000000110000000000111111111100000000000000000000  7
11111111*1111000000000000001100000000000000000000110000000000000000001100000000000000001100000000000000110000000000001100000000001100000000110000000011111111000000000000  8
111111111*111000000000000000011000000000000000000001100000000000000000011000000000000000011000000000000001100000000000011000000000011000000001100000011000000111111000000  9
1111111111*11000000000000000000110000000000000000000011000000000000000000110000000000000000110000000000000011000000000000110000000000110000000011000000110000110000111100 10
11111111111*1000000000000000000001100000000000000000000110000000000000000001100000000000000001100000000000000110000000000001100000000001100000000110000001100001100110011 11
111111111111*000000000000000000000011000000000000000000001100000000000000000011000000000000000011000000000000001100000000000011000000000011000000001100000011000011001111 12
1100000000000*11010101010101010101010101010101010101010101011000000000000000000000000000000000000101000000000000010000000000000000000000000101000000010000000000000101010 13
11000000000001*0101010101010101010101010101010101010101010111000000000000000000000000000000000000101000000000000010000000000000000000000000101000000010000000000000101010 14
101000000000010*110101010101010101010010010000001000000000010101010101010101010001000001000000000000010000000000000001000000000000011000000000000000000000000000000010101 15
1010000000000011*01010101010101010101100010000001000000000001010101010101010101001000001000000000000010000000000000001000000000000011000000000000000000000000000000010101 16
10010000000001010*0101011101010101010000101000010000000000001000000000001100000100111101010101010000001000000000000000000001100000000000000000000000000000011100000000000 17
100100000000001010*010111010101010101011000000000000000001010000000000000000001011011010101010101000000000000110000000000110000000000000000010100000001000000000000000000 18
1000100000000101010*01010101010111010000001001000010000000000010100100000000000010000000000000011011010101011101000100000000000001000000000000000000000000000001100000000 19
10001000000000101010*0101010101110101000010110000000000000000100000000100001000100000000011000000100101010111010100000000000000100000000010000000001000001000000000000000 20
100001000000010101010*010101011101010001000010000000000010000110100000000000000001000000000001000100000000000000001010111101010010000000001000000000100110000000000000000 21
1000010000000010101010*01010111010101100000100000000000000100001000000000000010000100100000010000010000110000000010101011010101000000001100000010000000000000000000000000 22
10000010000001010111010*0101010101010010000000100000000001000000001000000000001000011000000000000000100000000110010000000110000011010101010010100000001000000000000000000 23
100000100000001011101010*010101010101000001001010000000000000000010000001100000000011000000000000001001000000000001000000001100100101010101000000000000000011100000000000 24
1000000100000101010101010*01010101110000000000101100000000000000000010010010000110000010000000000000001000000000000100000000011100100000000100110110100000000010000000000 25
10000001000000101010101010*0101011101000000000010000011000000000011100000000000000100100100000000000010001000000100010100000000010000000000011001111000000000000010000000 26
100000001000010101010101010*110101010000100000000010000100000001000010100000000000000000100000100000000010100001000011000000000000100110000010000000010100110000001000000 27
1000000010000010101010101011*01010101000100000000100000100000001000011000000000000000001000000100000000100100001000010100000000001000110000100000000001011001000001000000 28
10000000010001010101011101010*0101010100000000000000100000100000000000001000010000000100001010000000000110100000000000011000000000001001100001010000001000000011010000000 29
100000000100001010101110101010*010101001000000000001000010000110000000010000000000000000010001000000000001000000000000011000000010010000001000100000110110000100101000000 30
1000000000100101010111010101010*01010000000110000000001000000000000000100011000000000000011010000000000000011000000000000010000100000010010000001001000011000100000011000 31
10000000001000101011101010101010*0101000000001000010010000000000100100000100000000000000000100011000000000011000000100000100000001000100000000010000000100000011100100100 32
100000000001010101010101011101010*010000000000000000011010000000011000000000100000100000100000100000000001000010100000100000100000000000100000000110000001000000110100001 33
1000000000010010101010101110101010*01000000000100100000100000000000000010011000110000000000001000000000000000100000000000001011000100001000000000110000000100011000010010 34
10000000000011010101010101010101010*1000000000000001100000100000000001000000101000000010000100001010100000000000101000000000001000000000001000001001000000101000001000110 35
100000000000101010101010101010101011*000000000000001100001000000000001000000110000000010000100010010100000000001001000000000010000000000010000001000100000110000010001001 36
0110000000000100100000100000010000000*01010101010101010101101010101010101010111000000100000010000000000110000000000000010000000000000001100000010000000000000000000000000 37
01100000000000110010000100000000000000*0101010101010101011110101010101010101011000010000000000000000000000000110000000000110000000000000000010100000001000000000000000000 38
010100000000010000100100000000100000010*010101010101010111010110000000000000000011001010101011101000000000000000000000001000000010000000001000000000100110000000000000000 39
0101000000000010010000000001100000000010*01010101010101110101001000010000000000100110101010101110000000000100001000010000000000000000110000000000000000000000000001000000 40
01001000000001011000100000000000000001010*0101011101010101000100000000000000000101000001000000000100111010110010100001000000000000011000000000000000000000000000000010101 41
010010000000001001010000100000000000001010*010111010101010100010000000001100000010001000000000000011011101001101000000000001100000000000000000000000000000011100000000000 42
0100010000000100000010100000000100000101010*11010101010101000001000000100001000000100000011000000010000000001000010101001010101100000000010000000001000001000000000000000 43
01000100000000100000110000000001000000101011*0101010101010100000100000100001000001000000011000000100000000001000001010110101010100000000010000000001000001000000000000000 44
010000100000010000010000100000001000010101010*010111010101000000110100000000000000010000000000011001000000010000001100000000000101101010101000000000000000000001100000000 45
0100001000000010000000010100000000100010101010*01110101010100000001000010010000110001000000000000000100000000000010000000000011011110101010000000100000000000010000000000 46
01000001000001000100000010100000000001010111010*0101010101000000000100001100000000001100000000000000011000000000000010000001100010000000000011001101000000011100000000000 47
010000010000001110000000010000000000001011101010*010101010100000000010000000000001000011000000000000011000000000000101000000000100011000000100110010100000000000000010101 48
0100000010000100000000000100100000100101010101110*01010101000000000001010010000110000001000000000000000100000000000000100000011001100000000100000100001011001010000000000 49
01000000100000100001000000010000100000101010111010*0101010100000100100100000000000000000100000011000000010010000000101000000000001100000000010000000010100110001100000000 50
010000000100010000000000000000100001110101010101010*110101000000000001010000100000000010010100000010100001000000001000010000000000010000000000101000010000100100101000000 51
0100000001000010000000000000010000011010101010101011*01010100000000001001000100000000010001100000010100000100000001000001000000000001000000001001000001000100011010000000 52
01000000001001000000000000100000110001010101010101010*1101000000011000000100000000100000100100000000000001001000100000100100000000000100000000010010000100000010010100100 53
010000000010001000000000001000010100001010101010101011*010100000011000000010000000100000100010000000000001010000100000100010000000000010000000001010000010000100010011000 54
0100000000010100000000000001100000100101110101010101010*01000001000010000001000000000000000001100000000000100101000010000001000000000111000000000010000000100001001010010 55
01000000000100100000010000000010010000111010101010101010*0100110000000000000100000000000000001100000000000000010000000001000100010000000101000000100100111000000100100001 56
010000000000110000100001000000000000111101010101010101010*000000000000000000011000010000000000010000000000000111000000000110010000000000010010100000101000010000010001001 57
0100000000001010000000100000010000010110101010101010101010*00000000000000000011000000100000010001000000110000000100000010000001000000001101000010001000000001000001000110 58
00110000000001110010000000000000000000110000000000000000000*1101010101010101010011001010101010101101000000000000010000000000000000000000000101000000010000000000000101010 59
001100000000011011000000000000000000010010000000000000000001*010101010101010101100110101010101010101000000000000010000000000000000000000000101000000010000000000000101010 60
0010100000000001000011000000001000000011010000000000000010010*11010101010101010100000000000001000100101010110010100000001000000010000000001000000000100110000000000000000 61
00101000000000001001010000000010000001010010000000000000100011*0101010101010101010000000000001000011010101001101000000001000000010000000001000000000100110000000000000000 62
001001000000000100000010000110000000001010010000000000010001010*010111010101010000100000000000100010000000100001010111001010101000000110000000000000000000000000001000000 63
0010010000000000100101000000000010000100000011000010000000001010*01110101010101001000000000000011100000000010000001110110101010001000000000000000000000000000001100000000 64
00100010000000010000000010100000010000100000010000000110000101010*1101010101010000110000100000000001000001000000101000100000000100101010101000000010000000000000010000000 65
001000100000000010000001001000000100010000000010000001100000101011*010101010101000101000100000000000100001000000110000100000000011010101010000000010000000000000010000000 66
0010000100000001000100000010000010000010000001010010000000010101110*01010101010000000100000000011000010000010000000110000000000011000000000011001101000000000001100000000 67
00100001000000001000000001011000000001001000000010000001000010111010*0101010101000000010000000100000001000100001000110000000000100000110000100110010100000000000001000000 68
001000001000000100000000000010000001101000000000010110000001010101010*010101110000000011000100000010100100000000001000100000000001000000000100001000001011101000000000000 69
0010000010000000100010000001000100000100000110000010000000001010101010*01011101000000000111000000000000010001000000001000000000100100000010010000001010101110000000000000 70
00100000010000010000000001000010001000100000001001010000000101010101010*0111010110000000010000000000000001000000000000010000011000110000000000100100010000000110101000000 71
001000000100000011000000100001000000010000100001000010000000101010101010*110101000001000001000000000001000100000000000001001100000001000000001000000001000011111010000000 72
0010000000100001010000001000000010000010001000010000010000010101010101011*01010000001000000100000000001000001000000000000101100000000100000000010000000100011110000100100 73
00100000001000001000000001000001001001000000001001000010000010101010101110*0101110000000000010000000000000010000000000000010011000100010000000001100000010000110000011000 74
001000000001000100001000000000010010001000011000000000010001010101010111010*010000000000011001000000000000001100000000000001000100000001010000000011000001100001000010010 75
0010000000010000100000000000000001011100000000000001100010001010101011101010*01000000010000100100010100000000010001000000000100000000000100000001100000001100000100100001 76
00100000000010010000001000000100000011100000000000000000011101010101010101010*0000000100000010010000000110000001000000010000010000000001110000010000100000010000010001001 77
001000000000100010100001000000000001011000000000000000000110101010101010101010*000010000000000001000000000000110100000000110001000000000001010100001001000001000001000110 78
0001100000000000010010000100000000100000110000100100000000001100000000010010000*10110101010101010100101010110010100000000000011000100000000000000100000000000010000000000 79
00011000000000000011000001000000001000010010001001000000000100100000000100100001*1001010101010101011010101001101000000000000011000100000000000000100000000000010000000000 80
000101000000000110100100000000000000000101001000100000000001000010000000000000001*001011101010101100010000000000001011110101010000011000000000000000000000000000000010101 81
0001010000000000010000100010000001000000100100000000011000001001011000000000000100*10101110101010010000001000000110101101010101000000000000000000010000000000000010000000 82
00010010000000000110000110000000000000101000010000000000010010000100000000000011001*0101010101010001000000000110001000000110000100101010101010100000001000000000000000000 83
000100100000000001100001100000000000000100100011000000000001000000100000110000001100*010101010101000101000000000010000000001100011010101010000000000000000011100000000000 84
0001000100000000010000100010010000000100100000010000000000101000000100000000010100110*01010111010000010110000000000010010000000010000001100011011101000000000000000000000 85
00010001000000000010000001000000000110010000000010011000000100000000110000001000110010*0101110101010101000000000001100000000000100000000000100111010100000100000000000000 86
000100001000000111000000000010000000000011000000110000000000100000000100000000010111010*010101010000010100000000000001100000000001011000000100000000001011001000000010101 87
0001000010000000001000000011000001000001000000000010011000010000011000100000000011101010*01010101000000011000000100001100000000000100000000010000010010100110000010000000 88
00010000010000000100100000000011000000001001100000010000000010000000001100010001001101010*1101010000000001001000000000010000000100010000010000100001010001000100101000000 89
000100000100000000101000000001010000000100011000000010000001000000000010100100001100101011*010101000000000101000000000001000000100001000010001000001001001000011010000000 90
0001000000100000010000000000000010011000100000000001110000001000000001000100100100110111010*01010010100000001000001000000100000000000100000000011000000100100010000100100 91
00010000001000000010001000000101000001010000000000000010001100000000000000100100110011101010*0101000000110010000000000010010000000000011100000011000000010000100000011000 92
000100000001000001000100000000100010000110000000000000011000111000000000000100010011010101010*010000000000000100000000001001000010000001001000000010100110100001000010010 93
0001000000010000001000000001100001000001100000000000000110010001000010000000100011001010101010*01000000000100011000010000000100000000110100000000100000001000000101100001 94
00010000000010000101000000000000100010001000010000100000010010001001000000000101001101010101010*1000000000010001000100000000010001000000010000000000100000010001110001001 95
000100000000100000110000000000001001000100000100001000000011000010010000000000101100101010101011*000000000010000100100000000001001000000001000000001000000001001101000110 96
0000110000000110000011000000000000000000010010000000000000011100100000000000000101000000000000000*01101010110010111010110101010000000000000101000000010000000000000101010 97
00001100000000000001001000000000000110000011000000011000000000110000010000001000101000100001000000*1110101001101011101001010101000000000000000001000000000100000000000000 98
000010100000011000010000100000000000000000100100000000000001101001000000000000001001000000000000011*010101001101011000000000000100101010101101000000010000000000000101010 99
0000101000000000000010010000000000011000010000100001100000000100001001000000100100001010000100000110*01010110010111000000000000011010101010000001000000000100000000000000 100
00001001000000011001000000100000000000000110000110000000000000100001000000000000110001010000000000110*0101001101000011000000000010011000000011001101000000000000000010101 101
000010010000000001001000110000000000000001100001100000000000010000001000110000010000101000000000010010*010110010100100000001100100000000000100110010100000011100000000000 102
0000100010000000000100100000110000000100001000000100000000100010000001000000010010000101000010000011010*11001101000000110000000001000001100100010000001011001000000000000 103
00001000100000000000101000010100000001000100000000100000001001000000001000000101000001001000100001001011*0110010100001010000000000100001100010010000010100110000000000000 104
000010000100000000010000001000100100000000100000000101100000001001100001000000001010000011000000001101010*001101100000110000000000010000000000100010010000000100111000000 105
0000100001000000000010000001110000000000110000000000100100000101000010001000000100000000001000100100101010*10011100010001000000000001110000001000000001000000011011000000 106
00001000001000000001100000000001100000000100010000100010000001001001000000100001000000000000100111001010101*0010100100000010000001000010000000001000000010000101100011000 107
000010000010000000011000000000011000000000111000000001000000001000000010010100001000000001110000001101010100*101000000000100000100000100010000010001000101000010000100100 108
0000100000010000001100010000000000100010001000000000000101000010000000000001001010010000000001000011010101001*11000000000111000000000001000010100010001000100001000010010 109
00001000000100000010100100000000010000100100000000000000110001000000000000001011000100000000001001001010101101*0100000000110100000000000100010100100001001000000100100001 110
000010000000100000010000000110000000100010100000000000010100001100001000000001001000000000000011001101010110110*000010000000010000000110010000000000100000010000011001001 111
0000100000001000000010000010000001010000010000000000011000100100011000000000001100100000100000001100101011110010*00000100000001000000000001000000011000000001000011000110 112
00000110000001100000001100000000000000000001001000000000000110010010000000000000001010000000000001111000000000000*0101001010101011010101010101000000010000000000000101010 113
000001100000000000000100100000000001100000001100000110000000000011000100000010000101001000010000011110000000000000*010110101010100101010101000001000000000100000000000000 114
0000010100000000000100100100000010000000000101001010000000000001100110000000000000100010000000011010001000010000010*01001010101101000000000100110010100000000001100000000 115
00000101000000000000010000111000000000001000100100000001000000011001100000000000010001000000001001000100001000010010*0110101010010000110000011001101000000000000001000000 116
000001001000000110000010000100000000000001010000101000000000000100000010000000000110000110000000001001001000000001010*001010101000111000000010000000010100110000000010101 117
0000010010000000000001000010100001000000000010000100011000000000111001000000000001100001100000000100000101000000101010*10101010001000000000100000010001011001000010000000 118
00000100010000000000011000000110000001000000100000010000001000001000000100000100010001000100100001000001110000000010101*0101010000010001100000110000010000000100101000000 119
000001000100000000000110000001100000000100010000000010001000011100000000100000000010000000100100001000000010000001010100*010101010001000001001000000101110000011010000000 120
0000010000100000001001010000000010000010000010000000010001000000100000000100001001010000000100000100000000001110001010110*11010000000100000010110000001100000010000100100 121
00000100001000000010001100000001000000100001000000000010010000010000000000100010001100000000100000100000000101100101010011*0101000000010000010101000001010000100000011000 122
000001000001000001000100100000000010000000101001000000010000000010000000110100000100100000000100010000100000010000101011010*110000000001000000000010000000111101000010010 123
0000010000010000010000101000000001000000001100010000000010000001000000001100100000101000000000100010001000000010010101001011*01000000000100000000100000001011100100100001 124
00000100000010000000010001000000001010000000101001000000010000001000000100100101110000000000000101000000000000010010101101010*1000100000010000000100100000010010010001001 125
000001000000100000000010010000000011000000010010010000000010000100000001001000111010000000000000101000000000000011010100101011*000100000001000000101000000001010001000110 126
0000001100000000000010001100000100000000000111001000000000000000010010100001000000010010011000000001001000001000001100000000000*00101010111100110011100001000000000000000 127
00000011000000000000010100100010000000010000001100000000100001100011000000000000000011000000010000001100000000000100100010000000*1010101011011001101100110000000000000000 128
000000101000000000010001000010001000000000000110011000000000000010110100000000000000100100000001100010010001000001010010000000001*010101010100000000001011001001100000000 129
0000001010000000000000001101000000100000000001100110000000000000010000110010000110010000100000000001000010000000001001000000011100*01010101010000100010100110010000000000 130
00000010010000011000000100000010000000000100001010010000000000000010000100000000010010010100000000001100010000000100010100000000110*1101010000100000010000000100101010101 131
000000100100000110000000100001000000000001000100100010000000000001000000100000000101000100100000000101000010000000100100100000010011*010101001000000001000000011010010101 132
0000001000100000000000010001100010000000100000100000010100000001001010000100000000001000000100100000100000101001010010000100000011010*11010000010000000100000010001100100 133
00000010001000000000000010011001000000001000010000000011000000010100100000100000000100000000101000010000001100010010100000100001001011*0101000001000000010000100001011000 134
000000100001000000000011000001000010010000000010000000010010000000100000000101000000110000001100000010011000010001000001000100001101010*110000010010000000100001000010010 135
0000001000010000000000101000010001000100000001000000000010100000010000000000110000010100000010100001000110000010001000010000100100101011*01000010100000001000000100100001 136
00000010000010000000100100000001000010000001101000000000010000000010001000010100000010000110000100001000000010010100000000000101110101010*0000000001100001010000010001001 137
000000100000100000000100100000100001000100000100000000001010011001000000000000100001000000000100100100000000000010100000100000111010101010*000000001100110001000001000110 138
0000000110000110000000000100100000000000000000001100000000011000000011000000000000000011000000000101001100000000010100100000000101000000000*01110010111011001000000101010 139
00000001100000000010000100110000000000100000000100100000010000000001001000000010000101001000000000000100100001100000110001100000101000000000*1101101011100110000000000000 140
000000010100011000000000001001000000000000000001000010000001100000010000100000000000010000100000010101000010000001001000100000001000100000011*001101011000000011010101010 141
0000000101000000001000010100001000000010000000001001000001000000000010010000001000010010010000000000001001000110000100010110000100010000000110*10010111000000100101000000 142
00000001001000000000001001000100100001000000000010000100001000000000100001000100000001100001100000000011100010000001000101000001000001011001001*0010100100000010000100100 143
000000010010000000000000001000010001100000000001000110100000000000010100001010000000011000011000001011000001000000101000001000001000001000001100*101000010100100000011000 144
0000000100010000000000000110000001100000000000110100000010000000000100010010100110000100000000100000010000000010000010000000111010100000100011001*01000001000010100100001 145
00000001000100000000000001100000011000000000000010000111000000000110100000010000001000101000010000000010010001001001001000010001000000010001001100*0100000100001010010010 146
000000010000100000001000001000010001000000011001000000000010000000010010000100100000010001100000100001000000100010001000000000111000000001101100110*000001001000001000110 147
0000000100001000000001000100001000001001000000001000000011000110000010000000010000000010000001010000001000000001000100001000010110000000011100110010*00110010000010001001 148
00000000110001100000000000010010000000000000000000110000000110000000001100000000000000001100000001010000110000000100010100000000001100000001111000000*0100110100101101010 149
000000001100000000100001000011000000001000000000010010000100000000000100100000100001000100100000000000010010011000000010111000000100100000011110000000*011001011010000000 150
0000000010100000000001000001001010000001000000000010010010000110000000100100000000000000100101000000000010001000000001001100000010100100001010010000110*10110010000100100 151
00000000101000000000010000001011000000010000000001000010100001100000010000100000000000010000110000000001000100000000001010100000110000100011000010001011*1001100000011000 152
000000001001000000001000000010010100000000011000010000001000000000000110000110000000000101100010000000010000101000000010000010010100000011010000010100101*001000100100001 153
0000000010010000000000000001000000111000000000000011100100000000000001100001100000000010100101000010100010000100001001000001000000100001000010001010010100*10001000010010 154
00000000100010000100000010010000000010000010000100100000010000000000001011000100000010001000000100000010100000010000010000011100001000000100100000001101001*1100010001001 155
000000001000100001000000100010000001000000100001010000000010000000000100110000100000100100000000100000110000000010000010000110100100000000110000000100101101*100001000110 156
0000000001100000010000001000001100000000001000010001001000000000000000011110000000001000010010000000001001010000000000010011100000010010000000101000010010011*00101011000 157
00000000011000000000000001000100101000000000001001001100000000000000000111100001100000000011000000000000001010000000000011000110001011000000010101000011000000*1010100100 158
000000000101000000010000000001001010000000000100001010010000000010010000100100000000000000100101100000000011010000010000100100000100100100000100001000100010001*110010010 159
0000000001010000000100000000001011000000000001000011000010000000100100010000100000000000010000111000000001010010000100010000100001010000100000100100010001000101*01100001 160
00000000010010000000000000100100010010000000000000001110010000000110000010000100001000001010000100000000011000011000001010000100000010000100010000101010000100110*0001001 161
000000000100100000000000000110100001000010000000000100010010000100001001000000100000000001000010100000000110000110001001000000100001011000100010000101000000110010*000110 162
0000000000110110000000000000000011000000000000000000010010011000000000000100100000000000000100100101000000001010010000000100100000000100100101010100010101000010100*01111 163
00000000001100011000000000000001001000000100000010000011000000000000000000110000010000010000110000000100000101000000010000110000000110110000000010100000101001010000*1111 164
000000000010111000000000000000010000100000000000000000100101100000000000001001000000000000001001010100000001000101000000001001000000001001010100100011001001010001011*011 165
0000000000101001100000000000000010010000010000001000010000100000000000000100001001000001000100001000010000001000100001000100001000011100001000010001000100001010001110*11 166
00000000000111100000000000000000001100000000000000000001001110000000000000010010000000000000010011010000000001001100000000010010000000010011010000110100001010010011111*0 167
000000000001100110000000000000000100100001000000100000001100000000000000000011000100000100000011000001000000001100000100000011000001100011000000010010000101000011011110* 168

Vertex orbits and group generators of graph:
  0  0  0  0  0  0  0  7  0  0  0  0  0  0  0  0  0  0  0  0  0  0  0  7  0  0  0  0  0  0  7  0  0  0  0  0  0  7  0  0  7  0  0  0  0  0  0  0  0  0  0  0  0  0  0  0  0  0  0  0  0  0  0  0  0  0  0  0  0  0  0  0  0  7  0  0  0  0  0  0  0  7  0  0  0  0  0  0  0  0  0  0  0  0  0  0  0  0  7  0  0  0  0  0  0  0  0  7  0  0  0  0  0  0  0  0  0  0  0  0  0  0  0  0  0  0  0  0  0  0  7  0  0  0  0  0  0  0  0  0  0  0  0  0  0  0  0  0  0  0  0  0  0  7  0  0  0  0  0  0  0  7  0  0  0  0  0  7  0
  0  1  2  3  4  5  6  7  8  9 10 11 12  1  1  8 12 11  9 10 10  6 11  7  5  9  6 12  2  3  7  4  4  5  3  2  8 37 38 39 37 41 42 42 44 45 39 47 48 49 41 38 49 44 45 55 47 48 55 49 55 61 62 63 64 65 66 67 68 69 70 71 72 73 74 75 63 77 68 79 80 81 82 83 84 85 71 77 88 89 80 75 79 85 72 95 74 45 73 44 67 101 102 75 95 105 74 107 108 89 110 70 64 47 65 110 66 117 65 83 84 105 102 82 124 88 72 105 128 61 81 131 88 62 64 85 82 101 66 38 131 39 142 89 61 84 83 62 131 48 71 101 67 73 77 117 63 110 80 79 102 81 68 42 95 41 70 37 117
  0  1  2  3  4  5  6  7  8  9 10 11 12 13 14 15 16 17 18 19 20 21 22 23 24 25 26 27 28 29 30 31 32 33 34 35 36 37 38 39 40 41 42 43 44 45 46 47 48 49 50 51 52 53 54 55 56 57 58 59 60 61 62 63 64 65 66 67 68 69 70 71 72 73 74 75 76 77 78 79 80 81 82 83 84 85 86 87 88 89 90 91 92 93 94 95 96 97 98 99 100 101 102 103 104 105 106 107 108 109 110 111 112 113 114 115 116 117 118 119 120 121 122 123 124 125 126 127 128 129 130 131 132 133 134 135 136 137 138 139 140 141 142 143 144 145 146 147 148 149 150 151 152 153 154 155 156 157 158 159 160 161 162 163 164 165 166 167 168
  0 13 35 29 31 33 21 23 15 25 19 17 27 14  1 36 12 22  9 20 10 26 11 30  5 18  6 16  2 34  7 32  4 24  3 28  8 167 51 141 37 165 43 163 53 97 39 113 57 59 41 139 49 99 45 60 47 149 55 52 58 144 147 76 112 114 138 100 78 69 166 86 126 98 96 91 156 154 162 92 90 161 136 119 120 135 150 77 132 143 158 103 159 85 72 104 106 54 153 44 152 137 122 75 164 127 74 107 108 89 157 70 134 56 118 110 66 168 65 146 145 105 160 82 124 88 94 121 128 61 81 148 125 62 64 93 123 151 116 38 131 46 142 109 129 84 83 133 140 48 71 101 67 73 87 117 63 115 80 79 102 130 68 42 95 50 111 40 155
  3 95 79 82 17 91 87 40 89 85 83 93 60 96 12 80  4 88  5 84  0 86 10 81  8 94  1 90  9 92  7 18  6 39 11 59  2 107 125 115 161 19 155 32 36 129 168 50 111 160 137 67 77 45 57 159 148 64 165 126 112 25 102 158 100 49 41 46 106 71 20 145 104 130 110 34 61 74 97 33 124 98 53 118 117 54 63 105 43 26 22 65 122 146 120 66 113 35 73 156 15 42 27 157 31 47 29 23 24 123 21 72 13 166 69 133 52 108 51 144 143 114 121 154 151 76 163 28 48 131 153 101 103 132 150 164 152 16 139 162 44 58 116 134 38 56 55 14 68 147 119 127 142 30 75 70 149 140 136 135 128 37 141 138 109 78 99 167 62

