    1: 
Automorphisms of matrix with |Aut(M)| = 32
 "    0   1   2    3   4   5    6   7   8    9  10  11   12  13  14   15  16  17   18  19  20   21  22  23   24  25  26
 "    0   1   2    3   4   5    6   7   8    9  10  11   12  13  14   15  16  17   18  19  20   24  25  26   21  22  23
 "    0   1   2    3   4   5    6   7   8    9  10  11   12  13  14   18  19  20   15  16  17   21  23  22   24  26  25
 "    0   1   2    3   4   5    6   7   8    9  10  11   12  13  14   18  19  20   15  16  17   24  26  25   21  23  22
 "    1   0   2    4   3   5    7   6   8    9  10  11   12  13  14   15  16  17   18  19  20   21  22  23   24  25  26
 "    1   0   2    4   3   5    7   6   8    9  10  11   12  13  14   15  16  17   18  19  20   24  25  26   21  22  23
 "    1   0   2    4   3   5    7   6   8    9  10  11   12  13  14   18  19  20   15  16  17   21  23  22   24  26  25
 "    1   0   2    4   3   5    7   6   8    9  10  11   12  13  14   18  19  20   15  16  17   24  26  25   21  23  22
 "    3   4   5    0   1   2    6   7   8   10   9  11   13  12  14   15  16  17   18  19  20   21  22  23   24  25  26
 "    3   4   5    0   1   2    6   7   8   10   9  11   13  12  14   15  16  17   18  19  20   24  25  26   21  22  23
 "    3   4   5    0   1   2    6   7   8   10   9  11   13  12  14   18  19  20   15  16  17   21  23  22   24  26  25
 "    3   4   5    0   1   2    6   7   8   10   9  11   13  12  14   18  19  20   15  16  17   24  26  25   21  23  22
 "    4   3   5    1   0   2    7   6   8   10   9  11   13  12  14   15  16  17   18  19  20   21  22  23   24  25  26
 "    4   3   5    1   0   2    7   6   8   10   9  11   13  12  14   15  16  17   18  19  20   24  25  26   21  22  23
 "    4   3   5    1   0   2    7   6   8   10   9  11   13  12  14   18  19  20   15  16  17   21  23  22   24  26  25
 "    4   3   5    1   0   2    7   6   8   10   9  11   13  12  14   18  19  20   15  16  17   24  26  25   21  23  22
 "   22  25  17   23  26  20   21  24  14   16  19  11   15  18   8   12   9   2   13  10   5    6   0   3    7   1   4
 "   22  25  17   23  26  20   21  24  14   16  19  11   15  18   8   12   9   2   13  10   5    7   1   4    6   0   3
 "   22  25  17   23  26  20   21  24  14   16  19  11   15  18   8   13  10   5   12   9   2    6   3   0    7   4   1
 "   22  25  17   23  26  20   21  24  14   16  19  11   15  18   8   13  10   5   12   9   2    7   4   1    6   3   0
 "   23  26  20   22  25  17   21  24  14   19  16  11   18  15   8   12   9   2   13  10   5    6   0   3    7   1   4
 "   23  26  20   22  25  17   21  24  14   19  16  11   18  15   8   12   9   2   13  10   5    7   1   4    6   0   3
 "   23  26  20   22  25  17   21  24  14   19  16  11   18  15   8   13  10   5   12   9   2    6   3   0    7   4   1
 "   23  26  20   22  25  17   21  24  14   19  16  11   18  15   8   13  10   5   12   9   2    7   4   1    6   3   0
 "   25  22  17   26  23  20   24  21  14   16  19  11   15  18   8   12   9   2   13  10   5    6   0   3    7   1   4
 "   25  22  17   26  23  20   24  21  14   16  19  11   15  18   8   12   9   2   13  10   5    7   1   4    6   0   3
 "   25  22  17   26  23  20   24  21  14   16  19  11   15  18   8   13  10   5   12   9   2    6   3   0    7   4   1
 "   25  22  17   26  23  20   24  21  14   16  19  11   15  18   8   13  10   5   12   9   2    7   4   1    6   3   0
 "   26  23  20   25  22  17   24  21  14   19  16  11   18  15   8   12   9   2   13  10   5    6   0   3    7   1   4
 "   26  23  20   25  22  17   24  21  14   19  16  11   18  15   8   12   9   2   13  10   5    7   1   4    6   0   3
 "   26  23  20   25  22  17   24  21  14   19  16  11   18  15   8   13  10   5   12   9   2    6   3   0    7   4   1
 "   26  23  20   25  22  17   24  21  14   19  16  11   18  15   8   13  10   5   12   9   2    7   4   1    6   3   0
    2: 
Automorphisms of matrix with |Aut(M)| = 64
 "    0   1   2    3   4   5    6   7   8    9  10  11   12  13  14   15  16  17   18  19  20   21  22  23   24  25  26
 "    0   1   2    3   4   5    6   7   8    9  10  11   12  13  14   15  17  16   18  20  19   24  25  26   21  22  23
 "    0   1   2    3   4   5    6   7   8    9  10  11   12  13  14   18  19  20   15  16  17   21  22  23   24  25  26
 "    0   1   2    3   4   5    6   7   8    9  10  11   12  13  14   18  20  19   15  17  16   24  25  26   21  22  23
 "    0   1   2    3   4   5    6   7   8   12  13  14    9  10  11   15  16  17   18  19  20   22  21  23   25  24  26
 "    0   1   2    3   4   5    6   7   8   12  13  14    9  10  11   15  17  16   18  20  19   25  24  26   22  21  23
 "    0   1   2    3   4   5    6   7   8   12  13  14    9  10  11   18  19  20   15  16  17   22  21  23   25  24  26
 "    0   1   2    3   4   5    6   7   8   12  13  14    9  10  11   18  20  19   15  17  16   25  24  26   22  21  23
 "    1   0   2    4   3   5    7   6   8    9  10  11   12  13  14   15  16  17   18  19  20   21  22  23   24  25  26
 "    1   0   2    4   3   5    7   6   8    9  10  11   12  13  14   15  17  16   18  20  19   24  25  26   21  22  23
 "    1   0   2    4   3   5    7   6   8    9  10  11   12  13  14   18  19  20   15  16  17   21  22  23   24  25  26
 "    1   0   2    4   3   5    7   6   8    9  10  11   12  13  14   18  20  19   15  17  16   24  25  26   21  22  23
 "    1   0   2    4   3   5    7   6   8   12  13  14    9  10  11   15  16  17   18  19  20   22  21  23   25  24  26
 "    1   0   2    4   3   5    7   6   8   12  13  14    9  10  11   15  17  16   18  20  19   25  24  26   22  21  23
 "    1   0   2    4   3   5    7   6   8   12  13  14    9  10  11   18  19  20   15  16  17   22  21  23   25  24  26
 "    1   0   2    4   3   5    7   6   8   12  13  14    9  10  11   18  20  19   15  17  16   25  24  26   22  21  23
 "    3   4   5    0   1   2    6   7   8   10   9  11   13  12  14   15  16  17   18  19  20   21  22  23   24  25  26
 "    3   4   5    0   1   2    6   7   8   10   9  11   13  12  14   15  17  16   18  20  19   24  25  26   21  22  23
 "    3   4   5    0   1   2    6   7   8   10   9  11   13  12  14   18  19  20   15  16  17   21  22  23   24  25  26
 "    3   4   5    0   1   2    6   7   8   10   9  11   13  12  14   18  20  19   15  17  16   24  25  26   21  22  23
 "    3   4   5    0   1   2    6   7   8   13  12  14   10   9  11   15  16  17   18  19  20   22  21  23   25  24  26
 "    3   4   5    0   1   2    6   7   8   13  12  14   10   9  11   15  17  16   18  20  19   25  24  26   22  21  23
 "    3   4   5    0   1   2    6   7   8   13  12  14   10   9  11   18  19  20   15  16  17   22  21  23   25  24  26
 "    3   4   5    0   1   2    6   7   8   13  12  14   10   9  11   18  20  19   15  17  16   25  24  26   22  21  23
 "    4   3   5    1   0   2    7   6   8   10   9  11   13  12  14   15  16  17   18  19  20   21  22  23   24  25  26
 "    4   3   5    1   0   2    7   6   8   10   9  11   13  12  14   15  17  16   18  20  19   24  25  26   21  22  23
 "    4   3   5    1   0   2    7   6   8   10   9  11   13  12  14   18  19  20   15  16  17   21  22  23   24  25  26
 "    4   3   5    1   0   2    7   6   8   10   9  11   13  12  14   18  20  19   15  17  16   24  25  26   21  22  23
 "    4   3   5    1   0   2    7   6   8   13  12  14   10   9  11   15  16  17   18  19  20   22  21  23   25  24  26
 "    4   3   5    1   0   2    7   6   8   13  12  14   10   9  11   15  17  16   18  20  19   25  24  26   22  21  23
 "    4   3   5    1   0   2    7   6   8   13  12  14   10   9  11   18  19  20   15  16  17   22  21  23   25  24  26
 "    4   3   5    1   0   2    7   6   8   13  12  14   10   9  11   18  20  19   15  17  16   25  24  26   22  21  23
 "   16  19  23   17  20  26   15  18   8   21  24  11   22  25  14    6   0   3    7   1   4    9  12   2   10  13   5
 "   16  19  23   17  20  26   15  18   8   21  24  11   22  25  14    6   3   0    7   4   1   10  13   5    9  12   2
 "   16  19  23   17  20  26   15  18   8   21  24  11   22  25  14    7   1   4    6   0   3    9  12   2   10  13   5
 "   16  19  23   17  20  26   15  18   8   21  24  11   22  25  14    7   4   1    6   3   0   10  13   5    9  12   2
 "   16  19  23   17  20  26   15  18   8   22  25  14   21  24  11    6   0   3    7   1   4   12   9   2   13  10   5
 "   16  19  23   17  20  26   15  18   8   22  25  14   21  24  11    6   3   0    7   4   1   13  10   5   12   9   2
 "   16  19  23   17  20  26   15  18   8   22  25  14   21  24  11    7   1   4    6   0   3   12   9   2   13  10   5
 "   16  19  23   17  20  26   15  18   8   22  25  14   21  24  11    7   4   1    6   3   0   13  10   5   12   9   2
 "   17  20  26   16  19  23   15  18   8   24  21  11   25  22  14    6   0   3    7   1   4    9  12   2   10  13   5
 "   17  20  26   16  19  23   15  18   8   24  21  11   25  22  14    6   3   0    7   4   1   10  13   5    9  12   2
 "   17  20  26   16  19  23   15  18   8   24  21  11   25  22  14    7   1   4    6   0   3    9  12   2   10  13   5
 "   17  20  26   16  19  23   15  18   8   24  21  11   25  22  14    7   4   1    6   3   0   10  13   5    9  12   2
 "   17  20  26   16  19  23   15  18   8   25  22  14   24  21  11    6   0   3    7   1   4   12   9   2   13  10   5
 "   17  20  26   16  19  23   15  18   8   25  22  14   24  21  11    6   3   0    7   4   1   13  10   5   12   9   2
 "   17  20  26   16  19  23   15  18   8   25  22  14   24  21  11    7   1   4    6   0   3   12   9   2   13  10   5
 "   17  20  26   16  19  23   15  18   8   25  22  14   24  21  11    7   4   1    6   3   0   13  10   5   12   9   2
 "   19  16  23   20  17  26   18  15   8   21  24  11   22  25  14    6   0   3    7   1   4    9  12   2   10  13   5
 "   19  16  23   20  17  26   18  15   8   21  24  11   22  25  14    6   3   0    7   4   1   10  13   5    9  12   2
 "   19  16  23   20  17  26   18  15   8   21  24  11   22  25  14    7   1   4    6   0   3    9  12   2   10  13   5
 "   19  16  23   20  17  26   18  15   8   21  24  11   22  25  14    7   4   1    6   3   0   10  13   5    9  12   2
 "   19  16  23   20  17  26   18  15   8   22  25  14   21  24  11    6   0   3    7   1   4   12   9   2   13  10   5
 "   19  16  23   20  17  26   18  15   8   22  25  14   21  24  11    6   3   0    7   4   1   13  10   5   12   9   2
 "   19  16  23   20  17  26   18  15   8   22  25  14   21  24  11    7   1   4    6   0   3   12   9   2   13  10   5
 "   19  16  23   20  17  26   18  15   8   22  25  14   21  24  11    7   4   1    6   3   0   13  10   5   12   9   2
 "   20  17  26   19  16  23   18  15   8   24  21  11   25  22  14    6   0   3    7   1   4    9  12   2   10  13   5
 "   20  17  26   19  16  23   18  15   8   24  21  11   25  22  14    6   3   0    7   4   1   10  13   5    9  12   2
 "   20  17  26   19  16  23   18  15   8   24  21  11   25  22  14    7   1   4    6   0   3    9  12   2   10  13   5
 "   20  17  26   19  16  23   18  15   8   24  21  11   25  22  14    7   4   1    6   3   0   10  13   5    9  12   2
 "   20  17  26   19  16  23   18  15   8   25  22  14   24  21  11    6   0   3    7   1   4   12   9   2   13  10   5
 "   20  17  26   19  16  23   18  15   8   25  22  14   24  21  11    6   3   0    7   4   1   13  10   5   12   9   2
 "   20  17  26   19  16  23   18  15   8   25  22  14   24  21  11    7   1   4    6   0   3   12   9   2   13  10   5
 "   20  17  26   19  16  23   18  15   8   25  22  14   24  21  11    7   4   1    6   3   0   13  10   5   12   9   2
    3: 
Automorphisms of matrix with |Aut(M)| = 48
 "    0   1   2    3   4   5    6   7   8    9  10  11   12  13  14   15  16  17   18  19  20   21  22  23   24  25  26
 "    0   1   2    3   4   5    6   7   8    9  10  11   12  13  14   15  16  17   18  19  20   24  25  26   21  22  23
 "    0   1   2    6   7   8    3   4   5    9  11  10   12  13  14   18  19  20   15  16  17   21  23  22   24  26  25
 "    0   1   2    6   7   8    3   4   5    9  11  10   12  13  14   18  19  20   15  16  17   24  26  25   21  23  22
 "    1   0   2    4   3   5    7   6   8    9  10  11   12  13  14   15  16  17   18  19  20   21  22  23   24  25  26
 "    1   0   2    4   3   5    7   6   8    9  10  11   12  13  14   15  16  17   18  19  20   24  25  26   21  22  23
 "    1   0   2    7   6   8    4   3   5    9  11  10   12  13  14   18  19  20   15  16  17   21  23  22   24  26  25
 "    1   0   2    7   6   8    4   3   5    9  11  10   12  13  14   18  19  20   15  16  17   24  26  25   21  23  22
 "    3   4   5    0   1   2    6   7   8   10   9  11   15  16  17   12  13  14   18  19  20   22  21  23   25  24  26
 "    3   4   5    0   1   2    6   7   8   10   9  11   15  16  17   12  13  14   18  19  20   25  24  26   22  21  23
 "    3   4   5    6   7   8    0   1   2   10  11   9   15  16  17   18  19  20   12  13  14   22  23  21   25  26  24
 "    3   4   5    6   7   8    0   1   2   10  11   9   15  16  17   18  19  20   12  13  14   25  26  24   22  23  21
 "    4   3   5    1   0   2    7   6   8   10   9  11   15  16  17   12  13  14   18  19  20   22  21  23   25  24  26
 "    4   3   5    1   0   2    7   6   8   10   9  11   15  16  17   12  13  14   18  19  20   25  24  26   22  21  23
 "    4   3   5    7   6   8    1   0   2   10  11   9   15  16  17   18  19  20   12  13  14   22  23  21   25  26  24
 "    4   3   5    7   6   8    1   0   2   10  11   9   15  16  17   18  19  20   12  13  14   25  26  24   22  23  21
 "    6   7   8    0   1   2    3   4   5   11   9  10   18  19  20   12  13  14   15  16  17   23  21  22   26  24  25
 "    6   7   8    0   1   2    3   4   5   11   9  10   18  19  20   12  13  14   15  16  17   26  24  25   23  21  22
 "    6   7   8    3   4   5    0   1   2   11  10   9   18  19  20   15  16  17   12  13  14   23  22  21   26  25  24
 "    6   7   8    3   4   5    0   1   2   11  10   9   18  19  20   15  16  17   12  13  14   26  25  24   23  22  21
 "    7   6   8    1   0   2    4   3   5   11   9  10   18  19  20   12  13  14   15  16  17   23  21  22   26  24  25
 "    7   6   8    1   0   2    4   3   5   11   9  10   18  19  20   12  13  14   15  16  17   26  24  25   23  21  22
 "    7   6   8    4   3   5    1   0   2   11  10   9   18  19  20   15  16  17   12  13  14   23  22  21   26  25  24
 "    7   6   8    4   3   5    1   0   2   11  10   9   18  19  20   15  16  17   12  13  14   26  25  24   23  22  21
 "   21  24  14   22  25  17   23  26  20   13  16  19   12   9   2   15  10   5   18  11   8    0   3   6    1   4   7
 "   21  24  14   22  25  17   23  26  20   13  16  19   12   9   2   15  10   5   18  11   8    1   4   7    0   3   6
 "   21  24  14   23  26  20   22  25  17   13  19  16   12   9   2   18  11   8   15  10   5    0   6   3    1   7   4
 "   21  24  14   23  26  20   22  25  17   13  19  16   12   9   2   18  11   8   15  10   5    1   7   4    0   6   3
 "   22  25  17   21  24  14   23  26  20   16  13  19   15  10   5   12   9   2   18  11   8    3   0   6    4   1   7
 "   22  25  17   21  24  14   23  26  20   16  13  19   15  10   5   12   9   2   18  11   8    4   1   7    3   0   6
 "   22  25  17   23  26  20   21  24  14   16  19  13   15  10   5   18  11   8   12   9   2    3   6   0    4   7   1
 "   22  25  17   23  26  20   21  24  14   16  19  13   15  10   5   18  11   8   12   9   2    4   7   1    3   6   0
 "   23  26  20   21  24  14   22  25  17   19  13  16   18  11   8   12   9   2   15  10   5    6   0   3    7   1   4
 "   23  26  20   21  24  14   22  25  17   19  13  16   18  11   8   12   9   2   15  10   5    7   1   4    6   0   3
 "   23  26  20   22  25  17   21  24  14   19  16  13   18  11   8   15  10   5   12   9   2    6   3   0    7   4   1
 "   23  26  20   22  25  17   21  24  14   19  16  13   18  11   8   15  10   5   12   9   2    7   4   1    6   3   0
 "   24  21  14   25  22  17   26  23  20   13  16  19   12   9   2   15  10   5   18  11   8    0   3   6    1   4   7
 "   24  21  14   25  22  17   26  23  20   13  16  19   12   9   2   15  10   5   18  11   8    1   4   7    0   3   6
 "   24  21  14   26  23  20   25  22  17   13  19  16   12   9   2   18  11   8   15  10   5    0   6   3    1   7   4
 "   24  21  14   26  23  20   25  22  17   13  19  16   12   9   2   18  11   8   15  10   5    1   7   4    0   6   3
 "   25  22  17   24  21  14   26  23  20   16  13  19   15  10   5   12   9   2   18  11   8    3   0   6    4   1   7
 "   25  22  17   24  21  14   26  23  20   16  13  19   15  10   5   12   9   2   18  11   8    4   1   7    3   0   6
 "   25  22  17   26  23  20   24  21  14   16  19  13   15  10   5   18  11   8   12   9   2    3   6   0    4   7   1
 "   25  22  17   26  23  20   24  21  14   16  19  13   15  10   5   18  11   8   12   9   2    4   7   1    3   6   0
 "   26  23  20   24  21  14   25  22  17   19  13  16   18  11   8   12   9   2   15  10   5    6   0   3    7   1   4
 "   26  23  20   24  21  14   25  22  17   19  13  16   18  11   8   12   9   2   15  10   5    7   1   4    6   0   3
 "   26  23  20   25  22  17   24  21  14   19  16  13   18  11   8   15  10   5   12   9   2    6   3   0    7   4   1
 "   26  23  20   25  22  17   24  21  14   19  16  13   18  11   8   15  10   5   12   9   2    7   4   1    6   3   0
