

    1: |Aut(M)| =  10,  Cycles:3(4:8:10) 
 "   0  1   2  3   4  5   6  7   8  9  10 11  12 13  14 15  16 17  18 19  20 21 "
 "   0  3   1  2   4  7   5  8   6 11   9 10  12 15  13 16  14 19  17 20  18 21 "
 "   0  5   1  4   2  7   3 10   6  9   8 11  12 17  13 14  15 18  16 21  19 20 "



    2: |Aut(M)| =  6,  Cycles:3(4:8:10) 
 "   0  1   2  3   4  5   6  7   8  9  10 11  12 13  14 15  16 17  18 19  20 21 "
 "   0  3   1  2   4  7   5  8   6 11   9 10  12 15  13 16  14 19  17 20  18 21 "
 "   0  5   1  4   2  7   3 10   6  9   8 11  12 17  13 18  14 21  15 16  19 20 "



    3: |Aut(M)| =  2,  Cycles:3(4:8:10) 
 "   0  1   2  3   4  5   6  7   8  9  10 11  12 13  14 15  16 17  18 19  20 21 "
 "   0  3   1  2   4  7   5  8   6 11   9 10  12 15  13 16  14 19  17 20  18 21 "
 "   0  5   1  4   2  7   3 10   6 13   8 15   9 18  11 20  12 21  14 17  16 19 "



    4: |Aut(M)| =  1,  Cycles:3(4:8:10) 
 "   0  1   2  3   4  5   6  7   8  9  10 11  12 13  14 15  16 17  18 19  20 21 "
 "   0  3   1  2   4  7   5  8   6 11   9 10  12 15  13 16  14 19  17 20  18 21 "
 "   0  5   1  4   2  7   3 10   6 13   8 17   9 14  11 12  15 18  16 21  19 20 "



    5: |Aut(M)| =  2,  Cycles:3(4:8:10) 
 "   0  1   2  3   4  5   6  7   8  9  10 11  12 13  14 15  16 17  18 19  20 21 "
 "   0  3   1  2   4  7   5  8   6 11   9 10  12 15  13 16  14 19  17 20  18 21 "
 "   0  5   1  4   2  7   3 10   6 13   8 17   9 20  11 12  14 21  15 18  16 19 "



    6: |Aut(M)| =  2,  Cycles:3(4:8:10) 
 "   0  1   2  3   4  5   6  7   8  9  10 11  12 13  14 15  16 17  18 19  20 21 "
 "   0  3   1  2   4  7   5  8   6 11   9 10  12 15  13 16  14 19  17 20  18 21 "
 "   0  5   1  4   2  7   3 10   6 13   8 19   9 14  11 12  15 20  16 21  17 18 "



    7: |Aut(M)| =  1,  Cycles:3(4:8:10) 
 "   0  1   2  3   4  5   6  7   8  9  10 11  12 13  14 15  16 17  18 19  20 21 "
 "   0  3   1  2   4  7   5  8   6 11   9 10  12 15  13 16  14 19  17 20  18 21 "
 "   0  5   1  4   2  7   3 10   6 13   8 19   9 14  11 20  12 21  15 16  17 18 "



    8: |Aut(M)| =  2,  Cycles:3(4:8:10) 
 "   0  1   2  3   4  5   6  7   8  9  10 11  12 13  14 15  16 17  18 19  20 21 "
 "   0  3   1  2   4  7   5  8   6 11   9 10  12 15  13 16  14 19  17 20  18 21 "
 "   0  5   1  4   2  7   3 10   6 13   8 21   9 18  11 12  14 17  15 20  16 19 "



    9: |Aut(M)| =  1,  Cycles:3(4:8:10) 
 "   0  1   2  3   4  5   6  7   8  9  10 11  12 13  14 15  16 17  18 19  20 21 "
 "   0  3   1  2   4  7   5  8   6 11   9 10  12 15  13 16  14 19  17 20  18 21 "
 "   0  5   1  4   2  7   3 12   6  9   8 19  10 21  11 16  13 18  14 17  15 20 "



   10: |Aut(M)| =  1,  Cycles:3(4:8:10) 
 "   0  1   2  3   4  5   6  7   8  9  10 11  12 13  14 15  16 17  18 19  20 21 "
 "   0  3   1  2   4  7   5  8   6 11   9 10  12 15  13 16  14 19  17 20  18 21 "
 "   0  5   1  4   2  7   3 12   6  9   8 21  10 17  11 14  13 20  15 18  16 19 "



   11: |Aut(M)| =  1,  Cycles:3(4:8:10) 
 "   0  1   2  3   4  5   6  7   8  9  10 11  12 13  14 15  16 17  18 19  20 21 "
 "   0  3   1  2   4  7   5  8   6 11   9 10  12 15  13 16  14 19  17 20  18 21 "
 "   0  5   1  4   2  7   3 12   6  9   8 21  10 19  11 16  13 20  14 17  15 18 "



   12: |Aut(M)| =  2,  Cycles:3(4:8:10) 
 "   0  1   2  3   4  5   6  7   8  9  10 11  12 13  14 15  16 17  18 19  20 21 "
 "   0  3   1  2   4  7   5  8   6 11   9 10  12 15  13 16  14 19  17 20  18 21 "
 "   0  5   1  4   2  7   3 12   6 15   8 13   9 14  10 21  11 16  17 18  19 20 "



   13: |Aut(M)| =  1,  Cycles:3(4:8:10) 
 "   0  1   2  3   4  5   6  7   8  9  10 11  12 13  14 15  16 17  18 19  20 21 "
 "   0  3   1  2   4  7   5  8   6 11   9 10  12 15  13 16  14 19  17 20  18 21 "
 "   0  5   1  4   2  7   3 12   6 15   8 19   9 20  10 13  11 14  16 21  17 18 "



   14: |Aut(M)| =  1,  Cycles:3(4:8:10) 
 "   0  1   2  3   4  5   6  7   8  9  10 11  12 13  14 15  16 17  18 19  20 21 "
 "   0  3   1  2   4  7   5  8   6 11   9 10  12 15  13 16  14 19  17 20  18 21 "
 "   0  5   1  4   2  7   3 12   6 17   8 19   9 14  10 15  11 18  13 20  16 21 "



   15: |Aut(M)| =  2,  Cycles:3(4:8:10) 
 "   0  1   2  3   4  5   6  7   8  9  10 11  12 13  14 15  16 17  18 19  20 21 "
 "   0  3   1  2   4  7   5  8   6 11   9 10  12 15  13 16  14 19  17 20  18 21 "
 "   0  5   1  4   2  7   3 12   6 17   8 19   9 20  10 21  11 18  13 14  15 16 "



   16: |Aut(M)| =  1,  Cycles:3(4:8:10) 
 "   0  1   2  3   4  5   6  7   8  9  10 11  12 13  14 15  16 17  18 19  20 21 "
 "   0  3   1  2   4  7   5  8   6 11   9 10  12 15  13 16  14 19  17 20  18 21 "
 "   0  5   1  4   2  7   3 12   6 17   8 21   9 14  10 13  11 16  15 18  19 20 "



   17: |Aut(M)| =  1,  Cycles:3(4:8:10) 
 "   0  1   2  3   4  5   6  7   8  9  10 11  12 13  14 15  16 17  18 19  20 21 "
 "   0  3   1  2   4  7   5  8   6 11   9 10  12 15  13 16  14 19  17 20  18 21 "
 "   0  5   1  4   2  7   3 12   6 19   8 17   9 14  10 13  11 18  15 20  16 21 "



   18: |Aut(M)| =  6,  Cycles:3(4:8:10) 
 "   0  1   2  3   4  5   6  7   8  9  10 11  12 13  14 15  16 17  18 19  20 21 "
 "   0  3   1  2   4  7   5  8   6 11   9 10  12 15  13 16  14 19  17 20  18 21 "
 "   0  5   1  4   2  7   3 12   6 19   8 17   9 14  10 21  11 16  13 18  15 20 "



   19: |Aut(M)| =  2,  Cycles:3(4:8:10) 
 "   0  1   2  3   4  5   6  7   8  9  10 11  12 13  14 15  16 17  18 19  20 21 "
 "   0  3   1  2   4  7   5  8   6 11   9 10  12 15  13 16  14 19  17 20  18 21 "
 "   0  5   1  4   2  9   3  6   7 12   8 13  10 15  11 18  14 17  16 21  19 20 "



   20: |Aut(M)| =  1,  Cycles:3(4:8:10) 
 "   0  1   2  3   4  5   6  7   8  9  10 11  12 13  14 15  16 17  18 19  20 21 "
 "   0  3   1  2   4  7   5  8   6 11   9 10  12 15  13 16  14 19  17 20  18 21 "
 "   0  5   1  4   2  9   3  6   7 12   8 19  10 15  11 20  13 18  14 17  16 21 "



   21: |Aut(M)| =  1,  Cycles:3(4:8:10) 
 "   0  1   2  3   4  5   6  7   8  9  10 11  12 13  14 15  16 17  18 19  20 21 "
 "   0  3   1  2   4  7   5  8   6 11   9 10  12 15  13 16  14 19  17 20  18 21 "
 "   0  5   1  4   2  9   3 10   6 13   7  8  11 12  14 17  15 18  16 21  19 20 "



   22: |Aut(M)| =  1,  Cycles:3(4:8:10) 
 "   0  1   2  3   4  5   6  7   8  9  10 11  12 13  14 15  16 17  18 19  20 21 "
 "   0  3   1  2   4  7   5  8   6 11   9 10  12 15  13 16  14 19  17 20  18 21 "
 "   0  5   1  4   2  9   3 12   6 13   7 18   8 19  10 21  11 16  14 17  15 20 "



   23: |Aut(M)| =  1,  Cycles:3(4:8:10) 
 "   0  1   2  3   4  5   6  7   8  9  10 11  12 13  14 15  16 17  18 19  20 21 "
 "   0  3   1  2   4  7   5  8   6 11   9 10  12 15  13 16  14 19  17 20  18 21 "
 "   0  5   1  4   2  9   3 12   6 13   7 20   8 21  10 19  11 16  14 17  15 18 "



   24: |Aut(M)| =  1,  Cycles:3(4:8:10) 
 "   0  1   2  3   4  5   6  7   8  9  10 11  12 13  14 15  16 17  18 19  20 21 "
 "   0  3   1  2   4  7   5  8   6 11   9 10  12 15  13 16  14 19  17 20  18 21 "
 "   0  5   1  4   2  9   3 12   6 15   7 18   8 11  10 13  14 17  16 21  19 20 "



   25: |Aut(M)| =  1,  Cycles:3(4:8:10) 
 "   0  1   2  3   4  5   6  7   8  9  10 11  12 13  14 15  16 17  18 19  20 21 "
 "   0  3   1  2   4  7   5  8   6 11   9 10  12 15  13 16  14 19  17 20  18 21 "
 "   0  5   1  4   2  9   3 12   6 15   7 20   8 11  10 19  13 18  14 17  16 21 "



   26: |Aut(M)| =  1,  Cycles:3(4:8:10) 
 "   0  1   2  3   4  5   6  7   8  9  10 11  12 13  14 15  16 17  18 19  20 21 "
 "   0  3   1  2   4  7   5  8   6 11   9 10  12 15  13 16  14 19  17 20  18 21 "
 "   0  5   1  4   2  9   3 12   6 15   7 20   8 19  10 17  11 14  13 18  16 21 "



   27: |Aut(M)| =  1,  Cycles:3(4:8:10) 
 "   0  1   2  3   4  5   6  7   8  9  10 11  12 13  14 15  16 17  18 19  20 21 "
 "   0  3   1  2   4  7   5  8   6 11   9 10  12 15  13 16  14 19  17 20  18 21 "
 "   0  5   1  4   2  9   3 12   6 17   7 14   8 11  10 19  13 18  15 20  16 21 "



   28: |Aut(M)| =  1,  Cycles:3(4:8:10) 
 "   0  1   2  3   4  5   6  7   8  9  10 11  12 13  14 15  16 17  18 19  20 21 "
 "   0  3   1  2   4  7   5  8   6 11   9 10  12 15  13 16  14 19  17 20  18 21 "
 "   0  5   1  4   2  9   3 12   6 17   7 14   8 21  10 13  11 20  15 18  16 19 "



   29: |Aut(M)| =  1,  Cycles:3(4:8:10) 
 "   0  1   2  3   4  5   6  7   8  9  10 11  12 13  14 15  16 17  18 19  20 21 "
 "   0  3   1  2   4  7   5  8   6 11   9 10  12 15  13 16  14 19  17 20  18 21 "
 "   0  5   1  4   2  9   3 12   6 21   7 16   8 19  10 13  11 18  14 17  15 20 "



   30: |Aut(M)| =  1,  Cycles:3(4:8:10) 
 "   0  1   2  3   4  5   6  7   8  9  10 11  12 13  14 15  16 17  18 19  20 21 "
 "   0  3   1  2   4  7   5  8   6 11   9 10  12 15  13 16  14 19  17 20  18 21 "
 "   0  5   1  4   2 11   3 12   6  9   7 10   8 13  14 17  15 18  16 21  19 20 "



   31: |Aut(M)| =  1,  Cycles:3(4:8:10) 
 "   0  1   2  3   4  5   6  7   8  9  10 11  12 13  14 15  16 17  18 19  20 21 "
 "   0  3   1  2   4  7   5  8   6 11   9 10  12 15  13 16  14 19  17 20  18 21 "
 "   0  5   1  4   2 11   3 12   6  9   7 14   8 17  10 19  13 18  15 20  16 21 "



   32: |Aut(M)| =  1,  Cycles:3(4:8:10) 
 "   0  1   2  3   4  5   6  7   8  9  10 11  12 13  14 15  16 17  18 19  20 21 "
 "   0  3   1  2   4  7   5  8   6 11   9 10  12 15  13 16  14 19  17 20  18 21 "
 "   0  5   1  4   2 11   3 12   6  9   7 18   8 17  10 21  13 14  15 20  16 19 "



   33: |Aut(M)| =  2,  Cycles:3(4:8:10) 
 "   0  1   2  3   4  5   6  7   8  9  10 11  12 13  14 15  16 17  18 19  20 21 "
 "   0  3   1  2   4  7   5  8   6 11   9 10  12 15  13 16  14 19  17 20  18 21 "
 "   0  5   1  4   2 11   3 12   6 13   7 10   8 21   9 16  14 17  15 18  19 20 "



   34: |Aut(M)| =  1,  Cycles:3(4:8:10) 
 "   0  1   2  3   4  5   6  7   8  9  10 11  12 13  14 15  16 17  18 19  20 21 "
 "   0  3   1  2   4  7   5  8   6 11   9 10  12 15  13 16  14 19  17 20  18 21 "
 "   0  5   1  4   2 11   3 12   6 13   7 16   8 19   9 20  10 17  14 21  15 18 "



   35: |Aut(M)| =  1,  Cycles:3(4:8:10) 
 "   0  1   2  3   4  5   6  7   8  9  10 11  12 13  14 15  16 17  18 19  20 21 "
 "   0  3   1  2   4  7   5  8   6 11   9 10  12 15  13 16  14 19  17 20  18 21 "
 "   0  5   1  4   2 11   3 12   6 13   7 18   8 17   9 14  10 19  15 20  16 21 "



   36: |Aut(M)| =  1,  Cycles:3(4:8:10) 
 "   0  1   2  3   4  5   6  7   8  9  10 11  12 13  14 15  16 17  18 19  20 21 "
 "   0  3   1  2   4  7   5  8   6 11   9 10  12 15  13 16  14 19  17 20  18 21 "
 "   0  5   1  4   2 11   3 12   6 17   7 20   8 21   9 14  10 19  13 18  15 16 "



   37: |Aut(M)| =  1,  Cycles:3(4:8:10) 
 "   0  1   2  3   4  5   6  7   8  9  10 11  12 13  14 15  16 17  18 19  20 21 "
 "   0  3   1  2   4  7   5  8   6 11   9 10  12 15  13 16  14 19  17 20  18 21 "
 "   0  5   1  4   2 11   3 12   6 17   7 20   8 21   9 18  10 15  13 14  16 19 "



   38: |Aut(M)| =  1,  Cycles:3(4:8:10) 
 "   0  1   2  3   4  5   6  7   8  9  10 11  12 13  14 15  16 17  18 19  20 21 "
 "   0  3   1  2   4  7   5  8   6 11   9 10  12 15  13 16  14 19  17 20  18 21 "
 "   0  5   1  4   2 11   3 12   6 19   7 10   8 17   9 14  13 18  15 20  16 21 "



   39: |Aut(M)| =  1,  Cycles:3(4:8:10) 
 "   0  1   2  3   4  5   6  7   8  9  10 11  12 13  14 15  16 17  18 19  20 21 "
 "   0  3   1  2   4  7   5  8   6 11   9 10  12 15  13 16  14 19  17 20  18 21 "
 "   0  5   1  4   2 11   3 12   6 19   7 14   8 17   9 18  10 21  13 20  15 16 "



   40: |Aut(M)| =  1,  Cycles:3(4:8:10) 
 "   0  1   2  3   4  5   6  7   8  9  10 11  12 13  14 15  16 17  18 19  20 21 "
 "   0  3   1  2   4  7   5  8   6 11   9 10  12 15  13 16  14 19  17 20  18 21 "
 "   0  5   1  4   2 11   3 12   6 19   7 16   8 17   9 18  10 21  13 14  15 20 "



   41: |Aut(M)| =  1,  Cycles:3(4:8:10) 
 "   0  1   2  3   4  5   6  7   8  9  10 11  12 13  14 15  16 17  18 19  20 21 "
 "   0  3   1  2   4  7   5  8   6 11   9 10  12 15  13 16  14 19  17 20  18 21 "
 "   0  5   1  4   2 11   3 12   6 21   7 16   8 17   9 14  10 19  13 18  15 20 "



   42: |Aut(M)| =  1,  Cycles:3(4:8:10) 
 "   0  1   2  3   4  5   6  7   8  9  10 11  12 13  14 15  16 17  18 19  20 21 "
 "   0  3   1  2   4  7   5  8   6 11   9 10  12 15  13 16  14 19  17 20  18 21 "
 "   0  5   1  4   2 11   3 12   6 21   7 18   8 17   9 20  10 15  13 14  16 19 "



   43: |Aut(M)| =  1,  Cycles:3(4:8:10) 
 "   0  1   2  3   4  5   6  7   8  9  10 11  12 13  14 15  16 17  18 19  20 21 "
 "   0  3   1  2   4  7   5  8   6 11   9 10  12 15  13 16  14 19  17 20  18 21 "
 "   0  5   1  4   2 11   3 12   6 21   7 18   8 19   9 20  10 17  13 14  15 16 "



   44: |Aut(M)| =  1,  Cycles:3(4:8:10) 
 "   0  1   2  3   4  5   6  7   8  9  10 11  12 13  14 15  16 17  18 19  20 21 "
 "   0  3   1  2   4  7   5  8   6 11   9 10  12 15  13 16  14 19  17 20  18 21 "
 "   0  5   1  4   2 13   3 14   6  9   7 10   8 17  11 16  12 21  15 18  19 20 "



   45: |Aut(M)| =  1,  Cycles:3(4:8:10) 
 "   0  1   2  3   4  5   6  7   8  9  10 11  12 13  14 15  16 17  18 19  20 21 "
 "   0  3   1  2   4  7   5  8   6 11   9 10  12 15  13 16  14 19  17 20  18 21 "
 "   0  5   1  4   2 13   3 14   6 15   7 10   8 17   9 18  11 12  16 21  19 20 "



   46: |Aut(M)| =  1,  Cycles:3(4:8:10) 
 "   0  1   2  3   4  5   6  7   8  9  10 11  12 13  14 15  16 17  18 19  20 21 "
 "   0  3   1  2   4  7   5  8   6 11   9 10  12 15  13 16  14 19  17 20  18 21 "
 "   0  5   1  4   2 13   3 14   6 15   7 10   8 21   9 16  11 12  17 18  19 20 "



   47: |Aut(M)| =  1,  Cycles:3(4:8:10) 
 "   0  1   2  3   4  5   6  7   8  9  10 11  12 13  14 15  16 17  18 19  20 21 "
 "   0  3   1  2   4  7   5  8   6 11   9 10  12 15  13 16  14 19  17 20  18 21 "
 "   0  5   1  4   2 13   3 14   6 15   7 18   8 11   9 20  10 17  12 19  16 21 "



   48: |Aut(M)| =  1,  Cycles:3(4:8:10) 
 "   0  1   2  3   4  5   6  7   8  9  10 11  12 13  14 15  16 17  18 19  20 21 "
 "   0  3   1  2   4  7   5  8   6 11   9 10  12 15  13 16  14 19  17 20  18 21 "
 "   0  5   1  4   2 13   3 14   6 17   7 10   8 11   9 16  12 21  15 18  19 20 "



   49: |Aut(M)| =  1,  Cycles:3(4:8:10) 
 "   0  1   2  3   4  5   6  7   8  9  10 11  12 13  14 15  16 17  18 19  20 21 "
 "   0  3   1  2   4  7   5  8   6 11   9 10  12 15  13 16  14 19  17 20  18 21 "
 "   0  5   1  4   2 13   3 14   6 17   7 10   8 15   9 18  11 20  12 19  16 21 "



   50: |Aut(M)| =  1,  Cycles:3(4:8:10) 
 "   0  1   2  3   4  5   6  7   8  9  10 11  12 13  14 15  16 17  18 19  20 21 "
 "   0  3   1  2   4  7   5  8   6 11   9 10  12 15  13 16  14 19  17 20  18 21 "
 "   0  5   1  4   2 13   3 14   6 17   7 10   8 21   9 16  11 20  12 19  15 18 "



   51: |Aut(M)| =  1,  Cycles:3(4:8:10) 
 "   0  1   2  3   4  5   6  7   8  9  10 11  12 13  14 15  16 17  18 19  20 21 "
 "   0  3   1  2   4  7   5  8   6 11   9 10  12 15  13 16  14 19  17 20  18 21 "
 "   0  5   1  4   2 13   3 14   6 17   7 12   8 21   9 18  10 19  11 20  15 16 "



   52: |Aut(M)| =  1,  Cycles:3(4:8:10) 
 "   0  1   2  3   4  5   6  7   8  9  10 11  12 13  14 15  16 17  18 19  20 21 "
 "   0  3   1  2   4  7   5  8   6 11   9 10  12 15  13 16  14 19  17 20  18 21 "
 "   0  5   1  4   2 13   3 14   6 19   7 12   8 11   9 20  10 17  15 18  16 21 "



   53: |Aut(M)| =  2,  Cycles:3(4:8:10) 
 "   0  1   2  3   4  5   6  7   8  9  10 11  12 13  14 15  16 17  18 19  20 21 "
 "   0  3   1  2   4  7   5  8   6 11   9 10  12 15  13 16  14 19  17 20  18 21 "
 "   0  5   1  4   2 13   3 16   6 15   7  8   9 18  10 17  11 12  14 21  19 20 "



   54: |Aut(M)| =  1,  Cycles:3(4:8:10) 
 "   0  1   2  3   4  5   6  7   8  9  10 11  12 13  14 15  16 17  18 19  20 21 "
 "   0  3   1  2   4  7   5  8   6 11   9 10  12 15  13 16  14 19  17 20  18 21 "
 "   0  5   1  4   2 13   3 16   6 15   7  8   9 20  10 17  11 18  12 19  14 21 "



   55: |Aut(M)| =  1,  Cycles:3(4:8:10) 
 "   0  1   2  3   4  5   6  7   8  9  10 11  12 13  14 15  16 17  18 19  20 21 "
 "   0  3   1  2   4  7   5  8   6 11   9 10  12 15  13 16  14 19  17 20  18 21 "
 "   0  5   1  4   2 13   3 16   6 17   7  8   9 12  10 15  11 18  14 21  19 20 "



   56: |Aut(M)| =  1,  Cycles:3(4:8:10) 
 "   0  1   2  3   4  5   6  7   8  9  10 11  12 13  14 15  16 17  18 19  20 21 "
 "   0  3   1  2   4  7   5  8   6 11   9 10  12 15  13 16  14 19  17 20  18 21 "
 "   0  5   1  4   2 13   3 16   6 19   7  8   9 14  10 17  11 20  12 21  15 18 "



   57: |Aut(M)| =  1,  Cycles:3(4:8:10) 
 "   0  1   2  3   4  5   6  7   8  9  10 11  12 13  14 15  16 17  18 19  20 21 "
 "   0  3   1  2   4  7   5  8   6 11   9 10  12 15  13 16  14 19  17 20  18 21 "
 "   0  5   1  4   2 13   3 16   6 21   7  8   9 14  10 17  11 18  12 19  15 20 "



   58: |Aut(M)| =  1,  Cycles:3(4:8:10) 
 "   0  1   2  3   4  5   6  7   8  9  10 11  12 13  14 15  16 17  18 19  20 21 "
 "   0  3   1  2   4  7   5  8   6 11   9 10  12 15  13 16  14 19  17 20  18 21 "
 "   0  5   1  4   2 13   3 18   6 15   7 10   8 11   9 16  12 21  14 17  19 20 "



   59: |Aut(M)| =  1,  Cycles:3(4:8:10) 
 "   0  1   2  3   4  5   6  7   8  9  10 11  12 13  14 15  16 17  18 19  20 21 "
 "   0  3   1  2   4  7   5  8   6 11   9 10  12 15  13 16  14 19  17 20  18 21 "
 "   0  5   1  4   2 13   3 18   6 17   7 14   8 15   9 16  10 19  11 20  12 21 "



   60: |Aut(M)| =  1,  Cycles:3(4:8:10) 
 "   0  1   2  3   4  5   6  7   8  9  10 11  12 13  14 15  16 17  18 19  20 21 "
 "   0  3   1  2   4  7   5  8   6 11   9 10  12 15  13 16  14 19  17 20  18 21 "
 "   0  5   1  4   2 13   3 18   6 19   7 20   8 15   9 16  10 17  11 14  12 21 "



   61: |Aut(M)| =  1,  Cycles:3(4:8:10) 
 "   0  1   2  3   4  5   6  7   8  9  10 11  12 13  14 15  16 17  18 19  20 21 "
 "   0  3   1  2   4  7   5  8   6 11   9 10  12 15  13 16  14 19  17 20  18 21 "
 "   0  5   1  4   2 13   3 18   6 21   7 10   8 19   9 16  11 14  12 17  15 20 "



   62: |Aut(M)| =  1,  Cycles:3(4:8:10) 
 "   0  1   2  3   4  5   6  7   8  9  10 11  12 13  14 15  16 17  18 19  20 21 "
 "   0  3   1  2   4  7   5  8   6 11   9 10  12 15  13 16  14 19  17 20  18 21 "
 "   0  5   1  4   2 13   3 20   6 15   7 18   8 19   9 14  10 17  11 12  16 21 "



   63: |Aut(M)| =  2,  Cycles:3(4:8:10) 
 "   0  1   2  3   4  5   6  7   8  9  10 11  12 13  14 15  16 17  18 19  20 21 "
 "   0  3   1  2   4  7   5  8   6 11   9 10  12 15  13 16  14 19  17 20  18 21 "
 "   0  5   1  4   2 13   3 20   6 15   7 18   8 19   9 16  10 21  11 12  14 17 "



   64: |Aut(M)| =  1,  Cycles:3(4:8:10) 
 "   0  1   2  3   4  5   6  7   8  9  10 11  12 13  14 15  16 17  18 19  20 21 "
 "   0  3   1  2   4  7   5  8   6 11   9 10  12 15  13 16  14 19  17 20  18 21 "
 "   0  5   1  4   2 13   3 20   6 17   7 12   8 11   9 14  10 19  15 18  16 21 "



   65: |Aut(M)| =  2,  Cycles:3(4:8:10) 
 "   0  1   2  3   4  5   6  7   8  9  10 11  12 13  14 15  16 17  18 19  20 21 "
 "   0  3   1  2   4  7   5  8   6 11   9 10  12 15  13 16  14 19  17 20  18 21 "
 "   0  5   1  6   2  7   3  4   8 11   9 12  10 15  13 20  14 21  16 19  17 18 "



   66: |Aut(M)| =  1,  Cycles:3(4:8:10) 
 "   0  1   2  3   4  5   6  7   8  9  10 11  12 13  14 15  16 17  18 19  20 21 "
 "   0  3   1  2   4  7   5  8   6 11   9 10  12 15  13 16  14 19  17 20  18 21 "
 "   0  5   1  6   2  9   3 12   4 11   7 10   8 21  13 14  15 20  16 19  17 18 "



   67: |Aut(M)| =  2,  Cycles:3(4:8:10) 
 "   0  1   2  3   4  5   6  7   8  9  10 11  12 13  14 15  16 17  18 19  20 21 "
 "   0  3   1  2   4  7   5  8   6 11   9 10  12 15  13 16  14 19  17 20  18 21 "
 "   0  5   1  6   2  9   3 12   4 19   7 14   8 21  10 17  11 16  13 20  15 18 "



   68: |Aut(M)| =  1,  Cycles:3(4:8:10) 
 "   0  1   2  3   4  5   6  7   8  9  10 11  12 13  14 15  16 17  18 19  20 21 "
 "   0  3   1  2   4  7   5  8   6 11   9 10  12 15  13 16  14 19  17 20  18 21 "
 "   0  5   1  6   2 13   3 12   4 11   7 16   8 19   9 20  10 17  14 21  15 18 "



   69: |Aut(M)| =  1,  Cycles:3(4:8:10) 
 "   0  1   2  3   4  5   6  7   8  9  10 11  12 13  14 15  16 17  18 19  20 21 "
 "   0  3   1  2   4  7   5  8   6 11   9 10  12 15  13 16  14 19  17 20  18 21 "
 "   0  5   1  6   2 13   3 12   4 11   7 18   8 17   9 14  10 19  15 20  16 21 "



   70: |Aut(M)| =  1,  Cycles:3(4:8:10) 
 "   0  1   2  3   4  5   6  7   8  9  10 11  12 13  14 15  16 17  18 19  20 21 "
 "   0  3   1  2   4  7   5  8   6 11   9 10  12 15  13 16  14 19  17 20  18 21 "
 "   0  5   1  6   2 13   3 12   4 17   7 20   8 19   9 14  10 15  11 18  16 21 "



   71: |Aut(M)| =  2,  Cycles:3(4:8:10) 
 "   0  1   2  3   4  5   6  7   8  9  10 11  12 13  14 15  16 17  18 19  20 21 "
 "   0  3   1  2   4  7   5  8   6 11   9 10  12 15  13 16  14 19  17 20  18 21 "
 "   0  5   1  6   2 13   3 14   4  9   7  8  10 19  11 18  12 17  15 20  16 21 "



   72: |Aut(M)| =  1,  Cycles:3(4:8:10) 
 "   0  1   2  3   4  5   6  7   8  9  10 11  12 13  14 15  16 17  18 19  20 21 "
 "   0  3   1  2   4  7   5  8   6 11   9 10  12 15  13 16  14 19  17 20  18 21 "
 "   0  5   1  6   2 13   3 14   4 17   7 20   8 15   9 12  10 19  11 18  16 21 "



   73: |Aut(M)| =  1,  Cycles:3(4:8:10) 
 "   0  1   2  3   4  5   6  7   8  9  10 11  12 13  14 15  16 17  18 19  20 21 "
 "   0  3   1  2   4  7   5  8   6 11   9 10  12 15  13 16  14 19  17 20  18 21 "
 "   0  5   1  6   2 13   3 20   4 11   7 14   8 21   9 12  10 15  16 19  17 18 "



   74: |Aut(M)| =  1,  Cycles:3(4:8:10) 
 "   0  1   2  3   4  5   6  7   8  9  10 11  12 13  14 15  16 17  18 19  20 21 "
 "   0  3   1  2   4  7   5  8   6 11   9 10  12 15  13 16  14 19  17 20  18 21 "
 "   0  5   1  8   2 11   3  6   4 13   7 16   9 12  10 19  14 21  15 20  17 18 "



   75: |Aut(M)| =  2,  Cycles:3(4:8:10) 
 "   0  1   2  3   4  5   6  7   8  9  10 11  12 13  14 15  16 17  18 19  20 21 "
 "   0  3   1  2   4  7   5  8   6 11   9 10  12 15  13 16  14 19  17 20  18 21 "
 "   0  5   1  8   2 11   3  6   4 13   7 18   9 12  10 21  14 17  15 16  19 20 "



   76: |Aut(M)| =  1,  Cycles:3(4:8:10) 
 "   0  1   2  3   4  5   6  7   8  9  10 11  12 13  14 15  16 17  18 19  20 21 "
 "   0  3   1  2   4  7   5  8   6 11   9 10  12 15  13 16  14 19  17 20  18 21 "
 "   0  5   1  8   2 13   3 12   4 17   6 19   7 20   9 14  10 21  11 18  15 16 "



   77: |Aut(M)| =  6,  Cycles:3(4:8:10) 
 "   0  1   2  3   4  5   6  7   8  9  10 11  12 13  14 15  16 17  18 19  20 21 "
 "   0  3   1  2   4  7   5  8   6 11   9 10  12 15  13 16  14 19  17 20  18 21 "
 "   0  5   1  8   2 13   3 14   4 21   6 15   7 10   9 20  11 12  16 19  17 18 "



   78: |Aut(M)| =  1,  Cycles:3(4:8:10) 
 "   0  1   2  3   4  5   6  7   8  9  10 11  12 13  14 15  16 17  18 19  20 21 "
 "   0  3   1  2   4  7   5  8   6 11   9 10  12 15  13 16  14 19  17 20  18 21 "
 "   0  5   1  8   2 13   3 16   4 15   6 17   7 12   9 20  10 19  11 18  14 21 "



   79: |Aut(M)| =  1,  Cycles:3(4:8:10) 
 "   0  1   2  3   4  5   6  7   8  9  10 11  12 13  14 15  16 17  18 19  20 21 "
 "   0  3   1  2   4  7   5  8   6 11   9 10  12 15  13 16  14 19  17 20  18 21 "
 "   0  5   1  8   2 13   3 16   4 15   6 17   7 18   9 14  10 21  11 20  12 19 "



   80: |Aut(M)| =  1,  Cycles:3(4:8:10) 
 "   0  1   2  3   4  5   6  7   8  9  10 11  12 13  14 15  16 17  18 19  20 21 "
 "   0  3   1  2   4  7   5  8   6 11   9 10  12 15  13 16  14 19  17 20  18 21 "
 "   0  5   1  8   2 13   3 16   4 15   6 19   7 12   9 14  10 21  11 20  17 18 "



   81: |Aut(M)| =  1,  Cycles:3(4:8:10) 
 "   0  1   2  3   4  5   6  7   8  9  10 11  12 13  14 15  16 17  18 19  20 21 "
 "   0  3   1  2   4  7   5  8   6 11   9 10  12 15  13 16  14 19  17 20  18 21 "
 "   0  5   1  8   2 13   3 16   4 15   6 21   7 20   9 14  10 17  11 18  12 19 "



   82: |Aut(M)| =  1,  Cycles:3(4:8:10) 
 "   0  1   2  3   4  5   6  7   8  9  10 11  12 13  14 15  16 17  18 19  20 21 "
 "   0  3   1  2   4  7   5  8   6 11   9 10  12 15  13 16  14 19  17 20  18 21 "
 "   0  5   1  8   2 13   3 16   4 15   6 21   7 20   9 14  10 19  11 12  17 18 "



   83: |Aut(M)| =  1,  Cycles:3(4:8:10) 
 "   0  1   2  3   4  5   6  7   8  9  10 11  12 13  14 15  16 17  18 19  20 21 "
 "   0  3   1  2   4  7   5  8   6 11   9 10  12 15  13 16  14 19  17 20  18 21 "
 "   0  5   1  8   2 13   3 16   4 21   6 17   7 12   9 14  10 19  11 18  15 20 "



   84: |Aut(M)| =  1,  Cycles:3(4:8:10) 
 "   0  1   2  3   4  5   6  7   8  9  10 11  12 13  14 15  16 17  18 19  20 21 "
 "   0  3   1  2   4  7   5  8   6 11   9 10  12 15  13 16  14 19  17 20  18 21 "
 "   0  5   1 10   2  7   3 12   4 17   6 15   8 21   9 20  11 18  13 14  16 19 "



   85: |Aut(M)| =  1,  Cycles:3(4:8:10) 
 "   0  1   2  3   4  5   6  7   8  9  10 11  12 13  14 15  16 17  18 19  20 21 "
 "   0  3   1  2   4  7   5  8   6 11   9 10  12 15  13 16  14 19  17 20  18 21 "
 "   0  5   1 10   2  7   3 12   4 17   6 19   8 21   9 20  11 14  13 18  15 16 "



   86: |Aut(M)| =  6,  Cycles:3(4:8:10) 
 "   0  1   2  3   4  5   6  7   8  9  10 11  12 13  14 15  16 17  18 19  20 21 "
 "   0  3   1  2   4  7   5  8   6 11   9 10  12 15  13 16  14 19  17 20  18 21 "
 "   0  5   1 10   2  7   3 12   4 21   6 17   8 19   9 18  11 20  13 14  15 16 "



   87: |Aut(M)| =  2,  Cycles:3(4:8:10) 
 "   0  1   2  3   4  5   6  7   8  9  10 11  12 13  14 15  16 17  18 19  20 21 "
 "   0  3   1  2   4  7   5  8   6 11   9 10  12 15  13 16  14 19  17 20  18 21 "
 "   0  5   1 10   2  7   3 12   4 21   6 19   8 17   9 16  11 14  13 18  15 20 "



   88: |Aut(M)| =  2,  Cycles:3(4:8:10) 
 "   0  1   2  3   4  5   6  7   8  9  10 11  12 13  14 15  16 17  18 19  20 21 "
 "   0  3   1  2   4  7   5  8   6 11   9 10  12 15  13 16  14 19  17 20  18 21 "
 "   0  5   1 10   2 13   3 12   4  9   6 17   7 14   8 21  11 20  15 18  16 19 "



   89: |Aut(M)| =  1,  Cycles:3(4:8:10) 
 "   0  1   2  3   4  5   6  7   8  9  10 11  12 13  14 15  16 17  18 19  20 21 "
 "   0  3   1  2   4  7   5  8   6 11   9 10  12 15  13 16  14 19  17 20  18 21 "
 "   0  5   1 10   2 13   3 12   4 15   6  9   7 18   8 21  11 16  14 17  19 20 "



   90: |Aut(M)| =  1,  Cycles:3(4:8:10) 
 "   0  1   2  3   4  5   6  7   8  9  10 11  12 13  14 15  16 17  18 19  20 21 "
 "   0  3   1  2   4  7   5  8   6 11   9 10  12 15  13 16  14 19  17 20  18 21 "
 "   0  5   1 10   2 13   3 12   4 15   6 17   7  8   9 18  11 20  14 21  16 19 "



   91: |Aut(M)| =  1,  Cycles:3(4:8:10) 
 "   0  1   2  3   4  5   6  7   8  9  10 11  12 13  14 15  16 17  18 19  20 21 "
 "   0  3   1  2   4  7   5  8   6 11   9 10  12 15  13 16  14 19  17 20  18 21 "
 "   0  5   1 10   2 13   3 12   4 17   6 15   7 20   8 21   9 14  11 18  16 19 "



   92: |Aut(M)| =  1,  Cycles:3(4:8:10) 
 "   0  1   2  3   4  5   6  7   8  9  10 11  12 13  14 15  16 17  18 19  20 21 "
 "   0  3   1  2   4  7   5  8   6 11   9 10  12 15  13 16  14 19  17 20  18 21 "
 "   0  5   1 10   2 13   3 12   4 17   6 21   7  8   9 14  11 18  15 20  16 19 "



   93: |Aut(M)| =  2,  Cycles:3(4:8:10) 
 "   0  1   2  3   4  5   6  7   8  9  10 11  12 13  14 15  16 17  18 19  20 21 "
 "   0  3   1  2   4  7   5  8   6 11   9 10  12 15  13 16  14 19  17 20  18 21 "
 "   0  5   1 10   2 13   3 14   4  9   6 17   7 16   8 11  12 21  15 18  19 20 "



   94: |Aut(M)| =  1,  Cycles:3(4:8:10) 
 "   0  1   2  3   4  5   6  7   8  9  10 11  12 13  14 15  16 17  18 19  20 21 "
 "   0  3   1  2   4  7   5  8   6 11   9 10  12 15  13 16  14 19  17 20  18 21 "
 "   0  5   1 10   2 13   3 18   4 15   6  9   7  8  11 16  12 21  14 17  19 20 "



   95: |Aut(M)| =  1,  Cycles:3(4:8:10) 
 "   0  1   2  3   4  5   6  7   8  9  10 11  12 13  14 15  16 17  18 19  20 21 "
 "   0  3   1  2   4  7   5  8   6 11   9 10  12 15  13 16  14 19  17 20  18 21 "
 "   0  5   1 10   2 13   3 18   4 15   6 17   7 16   8 19   9 12  11 20  14 21 "



   96: |Aut(M)| =  2,  Cycles:3(4:8:10) 
 "   0  1   2  3   4  5   6  7   8  9  10 11  12 13  14 15  16 17  18 19  20 21 "
 "   0  3   1  2   4  7   5  8   6 11   9 10  12 15  13 16  14 19  17 20  18 21 "
 "   0  5   1 10   2 13   3 18   4 17   6 19   7 20   8 15   9 14  11 16  12 21 "



   97: |Aut(M)| =  1,  Cycles:3(4:8:10) 
 "   0  1   2  3   4  5   6  7   8  9  10 11  12 13  14 15  16 17  18 19  20 21 "
 "   0  3   1  2   4  7   5  8   6 11   9 10  12 15  13 16  14 19  17 20  18 21 "
 "   0  5   1 10   2 13   3 20   4  9   6 19   7 18   8 15  11 14  12 17  16 21 "



   98: |Aut(M)| =  1,  Cycles:3(4:8:10) 
 "   0  1   2  3   4  5   6  7   8  9  10 11  12 13  14 15  16 17  18 19  20 21 "
 "   0  3   1  2   4  7   5  8   6 11   9 10  12 15  13 16  14 19  17 20  18 21 "
 "   0  5   1 10   2 13   3 20   4 15   6  9   7 12   8 21  11 14  16 19  17 18 "



   99: |Aut(M)| =  2,  Cycles:3(4:8:10) 
 "   0  1   2  3   4  5   6  7   8  9  10 11  12 13  14 15  16 17  18 19  20 21 "
 "   0  3   1  2   4  7   5  8   6 11   9 10  12 15  13 16  14 19  17 20  18 21 "
 "   0  5   1 10   2 13   3 20   4 15   6 21   7 12   8 19   9 18  11 16  14 17 "



  100: |Aut(M)| =  1,  Cycles:3(4:8:10) 
 "   0  1   2  3   4  5   6  7   8  9  10 11  12 13  14 15  16 17  18 19  20 21 "
 "   0  3   1  2   4  7   5  8   6 11   9 10  12 15  13 16  14 19  17 20  18 21 "
 "   0  5   1 12   2  7   3 14   4  9   6 17   8 13  10 21  11 20  15 18  16 19 "



  101: |Aut(M)| =  1,  Cycles:3(4:8:10) 
 "   0  1   2  3   4  5   6  7   8  9  10 11  12 13  14 15  16 17  18 19  20 21 "
 "   0  3   1  2   4  7   5  8   6 11   9 10  12 15  13 16  14 19  17 20  18 21 "
 "   0  5   1 12   2  7   3 14   4 21   6 19   8 13   9 20  10 17  11 16  15 18 "



  102: |Aut(M)| =  1,  Cycles:3(4:8:10) 
 "   0  1   2  3   4  5   6  7   8  9  10 11  12 13  14 15  16 17  18 19  20 21 "
 "   0  3   1  2   4  7   5  8   6 11   9 10  12 15  13 16  14 19  17 20  18 21 "
 "   0  5   1 12   2  7   3 14   4 21   6 19   8 17   9 16  10 13  11 20  15 18 "



  103: |Aut(M)| =  1,  Cycles:3(4:8:10) 
 "   0  1   2  3   4  5   6  7   8  9  10 11  12 13  14 15  16 17  18 19  20 21 "
 "   0  3   1  2   4  7   5  8   6 11   9 10  12 15  13 16  14 19  17 20  18 21 "
 "   0  5   1 12   2  7   3 18   4 11   6 17   8 19   9 16  10 13  14 21  15 20 "



  104: |Aut(M)| =  2,  Cycles:3(4:8:10) 
 "   0  1   2  3   4  5   6  7   8  9  10 11  12 13  14 15  16 17  18 19  20 21 "
 "   0  3   1  2   4  7   5  8   6 11   9 10  12 15  13 16  14 19  17 20  18 21 "
 "   0  5   1 12   2 15   3 14   4  9   6 13   7  8  10 19  11 20  16 21  17 18 "



  105: |Aut(M)| =  2,  Cycles:3(4:8:10) 
 "   0  1   2  3   4  5   6  7   8  9  10 11  12 13  14 15  16 17  18 19  20 21 "
 "   0  3   1  2   4  7   5  8   6 11   9 10  12 15  13 16  14 19  17 20  18 21 "
 "   0  5   1 12   2 15   3 14   4  9   6 17   7 18   8 11  10 13  16 21  19 20 "



  106: |Aut(M)| =  3,  Cycles:3(4:8:10) 
 "   0  1   2  3   4  5   6  7   8  9  10 11  12 13  14 15  16 17  18 19  20 21 "
 "   0  3   1  2   4  7   5  8   6 11   9 10  12 15  13 16  14 19  17 20  18 21 "
 "   0  5   1 12   2 15   3 14   4  9   6 19   7 16   8 21  10 17  11 18  13 20 "



  107: |Aut(M)| =  1,  Cycles:3(4:8:10) 
 "   0  1   2  3   4  5   6  7   8  9  10 11  12 13  14 15  16 17  18 19  20 21 "
 "   0  3   1  2   4  7   5  8   6 11   9 10  12 15  13 16  14 19  17 20  18 21 "
 "   0  5   1 12   2 15   3 14   4 11   6  9   7 18   8 17  10 21  13 20  16 19 "



  108: |Aut(M)| =  1,  Cycles:3(4:8:10) 
 "   0  1   2  3   4  5   6  7   8  9  10 11  12 13  14 15  16 17  18 19  20 21 "
 "   0  3   1  2   4  7   5  8   6 11   9 10  12 15  13 16  14 19  17 20  18 21 "
 "   0  5   1 12   2 15   3 14   4 11   6 21   7 16   8 17   9 20  10 19  13 18 "



  109: |Aut(M)| =  2,  Cycles:3(4:8:10) 
 "   0  1   2  3   4  5   6  7   8  9  10 11  12 13  14 15  16 17  18 19  20 21 "
 "   0  3   1  2   4  7   5  8   6 11   9 10  12 15  13 16  14 19  17 20  18 21 "
 "   0  5   1 12   2 15   3 14   4 17   6  9   7 10   8 21  11 20  13 18  16 19 "



  110: |Aut(M)| =  2,  Cycles:3(4:8:10) 
 "   0  1   2  3   4  5   6  7   8  9  10 11  12 13  14 15  16 17  18 19  20 21 "
 "   0  3   1  2   4  7   5  8   6 11   9 10  12 15  13 16  14 19  17 20  18 21 "
 "   0  5   1 12   2 15   3 14   4 19   6 21   7 16   8 13   9 18  10 17  11 20 "



  111: |Aut(M)| =  6,  Cycles:3(4:8:10) 
 "   0  1   2  3   4  5   6  7   8  9  10 11  12 13  14 15  16 17  18 19  20 21 "
 "   0  3   1  2   4  7   5  8   6 11   9 10  12 15  13 16  14 19  17 20  18 21 "
 "   0  5   1 12   2 15   3 14   4 21   6 19   7 16   8 17   9 18  10 13  11 20 "



  112: |Aut(M)| =  1,  Cycles:3(4:8:10) 
 "   0  1   2  3   4  5   6  7   8  9  10 11  12 13  14 15  16 17  18 19  20 21 "
 "   0  3   1  2   4  7   5  8   6 11   9 10  12 15  13 16  14 19  17 20  18 21 "
 "   0  5   1 12   2 15   3 18   4  9   6 21   7 20   8 13  10 19  11 16  14 17 "



  113: |Aut(M)| =  2,  Cycles:3(4:8:10) 
 "   0  1   2  3   4  5   6  7   8  9  10 11  12 13  14 15  16 17  18 19  20 21 "
 "   0  3   1  2   4  7   5  8   6 11   9 10  12 15  13 16  14 19  17 20  18 21 "
 "   0  5   1 12   2 15   3 18   4 11   6 13   7 10   8 17   9 16  14 21  19 20 "



  114: |Aut(M)| =  1,  Cycles:3(4:8:10) 
 "   0  1   2  3   4  5   6  7   8  9  10 11  12 13  14 15  16 17  18 19  20 21 "
 "   0  3   1  2   4  7   5  8   6 11   9 10  12 15  13 16  14 19  17 20  18 21 "
 "   0  5   1 12   2 15   3 18   4 11   6 17   7 16   8 19   9 14  10 21  13 20 "

