3-(  8,   4, 10)

        |Aut(D)|          Nd:             Ns:            Ndt:            Nst:
    _______________________________________________________________________________
             1            3552               0               0               0
             2            4585               0               0               0
             4            2019               0               0               0
             6             404               0               0               0
             8            1010               0             747               0
            12              58               0               0               0
            16             323               0             297               0
            20               1               0               0               0
            24             203               0             194               0
            32              71               0              67               0
            48              54               0              52               0
            64              29               0              29               0
            96              16               0              16               0
           120               2               0               0               0
           128               6               0               6               0
           168              10               0              10               0
           192              21               0              21               0
           336               1               0               1               0
           384               1               0               1               0
          1344               2               0               2               0
         40320               1               0               1               0
    _______________________________________________________________________________
        Total:           12369               0            1444               0

     12369 matrices constructed in  6.84
         0 matrices have no replicated blocks
     20603 matrices were fully constructed
        10 threads launched on level 4 
        Strong canonisity was used
