

    1: |Aut(M)| =  84,  Cycles:3(6:14) 
 "   0  1   2  3   4  5   6  7   8  9  10 11  12 13  14 15  16 17  18 19 "
 "   0  3   1  4   2  5   6  9   7 10   8 13  11 14  12 17  15 18  16 19 "
 "   0  5   1  2   3  4   6 11   7  8   9 12  10 15  13 16  14 19  17 18 "



    2: |Aut(M)| =  6,  Cycles:3(6:14) 
 "   0  1   2  3   4  5   6  7   8  9  10 11  12 13  14 15  16 17  18 19 "
 "   0  3   1  4   2  5   6  9   7 10   8 13  11 14  12 17  15 18  16 19 "
 "   0  5   1  2   3  4   6 11   7  8   9 12  10 17  13 18  14 19  15 16 "



    3: |Aut(M)| =  12,  Cycles:3(6:14) 
 "   0  1   2  3   4  5   6  7   8  9  10 11  12 13  14 15  16 17  18 19 "
 "   0  3   1  4   2  5   6  9   7 10   8 13  11 14  12 17  15 18  16 19 "
 "   0  5   1  2   3  4   6 11   7  8   9 16  10 19  12 15  13 18  14 17 "



    4: |Aut(M)| =  12,  Cycles:3(6:14) 
 "   0  1   2  3   4  5   6  7   8  9  10 11  12 13  14 15  16 17  18 19 "
 "   0  3   1  4   2  5   6  9   7 10   8 13  11 14  12 17  15 18  16 19 "
 "   0  5   1  2   3  4   6 11   7  8   9 18  10 17  12 15  13 16  14 19 "



    5: |Aut(M)| =  6,  Cycles:3(6:14) 
 "   0  1   2  3   4  5   6  7   8  9  10 11  12 13  14 15  16 17  18 19 "
 "   0  3   1  4   2  5   6  9   7 10   8 13  11 14  12 17  15 18  16 19 "
 "   0  5   1  2   3  4   6 11   7 12   8 15   9 16  10 19  13 14  17 18 "



    6: |Aut(M)| =  12,  Cycles:3(6:14) 
 "   0  1   2  3   4  5   6  7   8  9  10 11  12 13  14 15  16 17  18 19 "
 "   0  3   1  4   2  5   6  9   7 10   8 13  11 14  12 17  15 18  16 19 "
 "   0  5   1  2   3  4   6 11   7 12   8 17   9 10  13 18  14 19  15 16 "



    7: |Aut(M)| =  18,  Cycles:3(6:14) 
 "   0  1   2  3   4  5   6  7   8  9  10 11  12 13  14 15  16 17  18 19 "
 "   0  3   1  4   2  5   6  9   7 10   8 13  11 14  12 17  15 18  16 19 "
 "   0  5   1  2   3  4   6 11   7 12   8 19   9 10  13 14  15 16  17 18 "



    8: |Aut(M)| =  18,  Cycles:3(6:14) 
 "   0  1   2  3   4  5   6  7   8  9  10 11  12 13  14 15  16 17  18 19 "
 "   0  3   1  4   2  5   6  9   7 10   8 13  11 14  12 17  15 18  16 19 "
 "   0  5   1  2   3  4   6 11   7 16   8 15   9 18  10 13  12 19  14 17 "



    9: |Aut(M)| =  126,  Cycles:3(6:14) 
 "   0  1   2  3   4  5   6  7   8  9  10 11  12 13  14 15  16 17  18 19 "
 "   0  3   1  4   2  5   6  9   7 10   8 13  11 14  12 17  15 18  16 19 "
 "   0  5   1  2   3  4   6 15   7 12   8 11   9 16  10 19  13 18  14 17 "



   10: |Aut(M)| =  1,  Cycles:3(6:14) 
 "   0  1   2  3   4  5   6  7   8  9  10 11  12 13  14 15  16 17  18 19 "
 "   0  3   1  4   2  5   6  9   7 10   8 13  11 14  12 17  15 18  16 19 "
 "   0  5   1  2   3  6   4 11   7  8   9 18  10 19  12 15  13 16  14 17 "



   11: |Aut(M)| =  1,  Cycles:3(6:14) 
 "   0  1   2  3   4  5   6  7   8  9  10 11  12 13  14 15  16 17  18 19 "
 "   0  3   1  4   2  5   6  9   7 10   8 13  11 14  12 17  15 18  16 19 "
 "   0  5   1  2   3  6   4 11   7 14   8 19   9 12  10 17  13 18  15 16 "



   12: |Aut(M)| =  2,  Cycles:3(6:14) 
 "   0  1   2  3   4  5   6  7   8  9  10 11  12 13  14 15  16 17  18 19 "
 "   0  3   1  4   2  5   6  9   7 10   8 13  11 14  12 17  15 18  16 19 "
 "   0  5   1  2   3  6   4 11   7 18   8 15   9 16  10 13  12 19  14 17 "



   13: |Aut(M)| =  2,  Cycles:3(6:14) 
 "   0  1   2  3   4  5   6  7   8  9  10 11  12 13  14 15  16 17  18 19 "
 "   0  3   1  4   2  5   6  9   7 10   8 13  11 14  12 17  15 18  16 19 "
 "   0  5   1  2   3  6   4 19   7  8   9 10  11 18  12 15  13 16  14 17 "



   14: |Aut(M)| =  1,  Cycles:3(6:14) 
 "   0  1   2  3   4  5   6  7   8  9  10 11  12 13  14 15  16 17  18 19 "
 "   0  3   1  4   2  5   6  9   7 10   8 13  11 14  12 17  15 18  16 19 "
 "   0  5   1  2   3  6   4 19   7  8   9 12  10 15  11 16  13 18  14 17 "



   15: |Aut(M)| =  2,  Cycles:3(6:14) 
 "   0  1   2  3   4  5   6  7   8  9  10 11  12 13  14 15  16 17  18 19 "
 "   0  3   1  4   2  5   6  9   7 10   8 13  11 14  12 17  15 18  16 19 "
 "   0  5   1  2   3  6   4 19   7 14   8 15   9 18  10 17  11 12  13 16 "



   16: |Aut(M)| =  12,  Cycles:3(6:14) 
 "   0  1   2  3   4  5   6  7   8  9  10 11  12 13  14 15  16 17  18 19 "
 "   0  3   1  4   2  5   6  9   7 10   8 13  11 14  12 17  15 18  16 19 "
 "   0  5   1  2   3  6   4 19   7 14   8 17   9 12  10 15  11 18  13 16 "



   17: |Aut(M)| =  4,  Cycles:3(6:14) 
 "   0  1   2  3   4  5   6  7   8  9  10 11  12 13  14 15  16 17  18 19 "
 "   0  3   1  4   2  5   6  9   7 10   8 13  11 14  12 17  15 18  16 19 "
 "   0  5   1  2   3  6   4 19   7 16   8 17   9 18  10 15  11 12  13 14 "



   18: |Aut(M)| =  2,  Cycles:3(6:14) 
 "   0  1   2  3   4  5   6  7   8  9  10 11  12 13  14 15  16 17  18 19 "
 "   0  3   1  4   2  5   6  9   7 10   8 13  11 14  12 17  15 18  16 19 "
 "   0  5   1  6   2  7   3  8   4 13   9 18  10 15  11 16  12 19  14 17 "



   19: |Aut(M)| =  1,  Cycles:3(6:14) 
 "   0  1   2  3   4  5   6  7   8  9  10 11  12 13  14 15  16 17  18 19 "
 "   0  3   1  4   2  5   6  9   7 10   8 13  11 14  12 17  15 18  16 19 "
 "   0  5   1  6   2  7   3  8   4 15   9 18  10 17  11 12  13 16  14 19 "



   20: |Aut(M)| =  1,  Cycles:3(6:14) 
 "   0  1   2  3   4  5   6  7   8  9  10 11  12 13  14 15  16 17  18 19 "
 "   0  3   1  4   2  5   6  9   7 10   8 13  11 14  12 17  15 18  16 19 "
 "   0  5   1  6   2  7   3  8   4 19   9 10  11 18  12 15  13 16  14 17 "



   21: |Aut(M)| =  1,  Cycles:3(6:14) 
 "   0  1   2  3   4  5   6  7   8  9  10 11  12 13  14 15  16 17  18 19 "
 "   0  3   1  4   2  5   6  9   7 10   8 13  11 14  12 17  15 18  16 19 "
 "   0  5   1  6   2  7   3  8   4 19   9 16  10 15  11 12  13 14  17 18 "



   22: |Aut(M)| =  1,  Cycles:3(6:14) 
 "   0  1   2  3   4  5   6  7   8  9  10 11  12 13  14 15  16 17  18 19 "
 "   0  3   1  4   2  5   6  9   7 10   8 13  11 14  12 17  15 18  16 19 "
 "   0  5   1  6   2  7   3 10   4 13   8 15   9 16  11 18  12 19  14 17 "



   23: |Aut(M)| =  2,  Cycles:3(6:14) 
 "   0  1   2  3   4  5   6  7   8  9  10 11  12 13  14 15  16 17  18 19 "
 "   0  3   1  4   2  5   6  9   7 10   8 13  11 14  12 17  15 18  16 19 "
 "   0  5   1  6   2  7   3 10   4 13   8 17   9 14  11 18  12 19  15 16 "



   24: |Aut(M)| =  1,  Cycles:3(6:14) 
 "   0  1   2  3   4  5   6  7   8  9  10 11  12 13  14 15  16 17  18 19 "
 "   0  3   1  4   2  5   6  9   7 10   8 13  11 14  12 17  15 18  16 19 "
 "   0  5   1  6   2  7   3 10   4 15   8 19   9 16  11 12  13 14  17 18 "



   25: |Aut(M)| =  2,  Cycles:3(6:14) 
 "   0  1   2  3   4  5   6  7   8  9  10 11  12 13  14 15  16 17  18 19 "
 "   0  3   1  4   2  5   6  9   7 10   8 13  11 14  12 17  15 18  16 19 "
 "   0  5   1  6   2  7   3 10   4 19   8 11   9 18  12 15  13 16  14 17 "



   26: |Aut(M)| =  1,  Cycles:3(6:14) 
 "   0  1   2  3   4  5   6  7   8  9  10 11  12 13  14 15  16 17  18 19 "
 "   0  3   1  4   2  5   6  9   7 10   8 13  11 14  12 17  15 18  16 19 "
 "   0  5   1  6   2  7   3 12   4 11   8 17   9 14  10 19  13 18  15 16 "



   27: |Aut(M)| =  1,  Cycles:3(6:14) 
 "   0  1   2  3   4  5   6  7   8  9  10 11  12 13  14 15  16 17  18 19 "
 "   0  3   1  4   2  5   6  9   7 10   8 13  11 14  12 17  15 18  16 19 "
 "   0  5   1  6   2  7   3 12   4 15   8 11   9 18  10 19  13 16  14 17 "



   28: |Aut(M)| =  1,  Cycles:3(6:14) 
 "   0  1   2  3   4  5   6  7   8  9  10 11  12 13  14 15  16 17  18 19 "
 "   0  3   1  4   2  5   6  9   7 10   8 13  11 14  12 17  15 18  16 19 "
 "   0  5   1  6   2  7   3 12   4 19   8 15   9 16  10 13  11 18  14 17 "



   29: |Aut(M)| =  2,  Cycles:3(6:14) 
 "   0  1   2  3   4  5   6  7   8  9  10 11  12 13  14 15  16 17  18 19 "
 "   0  3   1  4   2  5   6  9   7 10   8 13  11 14  12 17  15 18  16 19 "
 "   0  5   1  6   2  7   3 14   4 17   8 19   9 12  10 15  11 16  13 18 "



   30: |Aut(M)| =  1,  Cycles:3(6:14) 
 "   0  1   2  3   4  5   6  7   8  9  10 11  12 13  14 15  16 17  18 19 "
 "   0  3   1  4   2  5   6  9   7 10   8 13  11 14  12 17  15 18  16 19 "
 "   0  5   1  6   2  7   3 14   4 19   8 11   9 16  10 17  12 15  13 18 "



   31: |Aut(M)| =  1,  Cycles:3(6:14) 
 "   0  1   2  3   4  5   6  7   8  9  10 11  12 13  14 15  16 17  18 19 "
 "   0  3   1  4   2  5   6  9   7 10   8 13  11 14  12 17  15 18  16 19 "
 "   0  5   1  6   2  7   3 16   4 19   8 15   9 12  10 17  11 18  13 14 "



   32: |Aut(M)| =  1,  Cycles:3(6:14) 
 "   0  1   2  3   4  5   6  7   8  9  10 11  12 13  14 15  16 17  18 19 "
 "   0  3   1  4   2  5   6  9   7 10   8 13  11 14  12 17  15 18  16 19 "
 "   0  5   1  6   2  7   3 18   4 11   8 17   9 14  10 13  12 19  15 16 "



   33: |Aut(M)| =  2,  Cycles:3(6:14) 
 "   0  1   2  3   4  5   6  7   8  9  10 11  12 13  14 15  16 17  18 19 "
 "   0  3   1  4   2  5   6  9   7 10   8 13  11 14  12 17  15 18  16 19 "
 "   0  5   1  6   2  7   3 18   4 17   8 11   9 12  10 13  14 19  15 16 "



   34: |Aut(M)| =  1,  Cycles:3(6:14) 
 "   0  1   2  3   4  5   6  7   8  9  10 11  12 13  14 15  16 17  18 19 "
 "   0  3   1  4   2  5   6  9   7 10   8 13  11 14  12 17  15 18  16 19 "
 "   0  5   1  6   2  7   3 18   4 17   8 15   9 12  10 19  11 16  13 14 "



   35: |Aut(M)| =  1,  Cycles:3(6:14) 
 "   0  1   2  3   4  5   6  7   8  9  10 11  12 13  14 15  16 17  18 19 "
 "   0  3   1  4   2  5   6  9   7 10   8 13  11 14  12 17  15 18  16 19 "
 "   0  5   1  6   2 11   3 12   4  7   8 15   9 10  13 16  14 19  17 18 "



   36: |Aut(M)| =  2,  Cycles:3(6:14) 
 "   0  1   2  3   4  5   6  7   8  9  10 11  12 13  14 15  16 17  18 19 "
 "   0  3   1  4   2  5   6  9   7 10   8 13  11 14  12 17  15 18  16 19 "
 "   0  5   1  6   2 11   3 12   4  7   8 17   9 10  13 18  14 19  15 16 "



   37: |Aut(M)| =  1,  Cycles:3(6:14) 
 "   0  1   2  3   4  5   6  7   8  9  10 11  12 13  14 15  16 17  18 19 "
 "   0  3   1  4   2  5   6  9   7 10   8 13  11 14  12 17  15 18  16 19 "
 "   0  5   1  6   2 11   3 12   4  7   8 19   9 10  13 14  15 16  17 18 "



   38: |Aut(M)| =  1,  Cycles:3(6:14) 
 "   0  1   2  3   4  5   6  7   8  9  10 11  12 13  14 15  16 17  18 19 "
 "   0  3   1  4   2  5   6  9   7 10   8 13  11 14  12 17  15 18  16 19 "
 "   0  5   1  6   2 11   3 12   4 15   7 16   8 17   9 18  10 13  14 19 "



   39: |Aut(M)| =  1,  Cycles:3(6:14) 
 "   0  1   2  3   4  5   6  7   8  9  10 11  12 13  14 15  16 17  18 19 "
 "   0  3   1  4   2  5   6  9   7 10   8 13  11 14  12 17  15 18  16 19 "
 "   0  5   1  6   2 11   3 12   4 15   7 16   8 19   9 14  10 13  17 18 "



   40: |Aut(M)| =  2,  Cycles:3(6:14) 
 "   0  1   2  3   4  5   6  7   8  9  10 11  12 13  14 15  16 17  18 19 "
 "   0  3   1  4   2  5   6  9   7 10   8 13  11 14  12 17  15 18  16 19 "
 "   0  5   1  6   2 11   3 12   4 19   7 14   8 15   9 16  10 13  17 18 "



   41: |Aut(M)| =  1,  Cycles:3(6:14) 
 "   0  1   2  3   4  5   6  7   8  9  10 11  12 13  14 15  16 17  18 19 "
 "   0  3   1  4   2  5   6  9   7 10   8 13  11 14  12 17  15 18  16 19 "
 "   0  5   1  6   2 11   3 14   4  7   8 17   9 12  10 19  13 18  15 16 "



   42: |Aut(M)| =  2,  Cycles:3(6:14) 
 "   0  1   2  3   4  5   6  7   8  9  10 11  12 13  14 15  16 17  18 19 "
 "   0  3   1  4   2  5   6  9   7 10   8 13  11 14  12 17  15 18  16 19 "
 "   0  5   1  6   2 11   3 14   4  7   8 19   9 16  10 17  12 15  13 18 "



   43: |Aut(M)| =  1,  Cycles:3(6:14) 
 "   0  1   2  3   4  5   6  7   8  9  10 11  12 13  14 15  16 17  18 19 "
 "   0  3   1  4   2  5   6  9   7 10   8 13  11 14  12 17  15 18  16 19 "
 "   0  5   1  6   2 11   3 14   4 13   7  8   9 16  10 15  12 19  17 18 "



   44: |Aut(M)| =  1,  Cycles:3(6:14) 
 "   0  1   2  3   4  5   6  7   8  9  10 11  12 13  14 15  16 17  18 19 "
 "   0  3   1  4   2  5   6  9   7 10   8 13  11 14  12 17  15 18  16 19 "
 "   0  5   1  6   2 11   3 14   4 13   7 16   8 17   9 18  10 15  12 19 "



   45: |Aut(M)| =  2,  Cycles:3(6:14) 
 "   0  1   2  3   4  5   6  7   8  9  10 11  12 13  14 15  16 17  18 19 "
 "   0  3   1  4   2  5   6  9   7 10   8 13  11 14  12 17  15 18  16 19 "
 "   0  5   1  6   2 11   3 14   4 13   7 16   8 19   9 12  10 15  17 18 "



   46: |Aut(M)| =  4,  Cycles:3(6:14) 
 "   0  1   2  3   4  5   6  7   8  9  10 11  12 13  14 15  16 17  18 19 "
 "   0  3   1  4   2  5   6  9   7 10   8 13  11 14  12 17  15 18  16 19 "
 "   0  5   1  6   2 11   3 14   4 19   7  8   9 12  10 15  13 16  17 18 "



   47: |Aut(M)| =  2,  Cycles:3(6:14) 
 "   0  1   2  3   4  5   6  7   8  9  10 11  12 13  14 15  16 17  18 19 "
 "   0  3   1  4   2  5   6  9   7 10   8 13  11 14  12 17  15 18  16 19 "
 "   0  5   1  6   2 11   3 14   4 19   7 12   8 17   9 18  10 15  13 16 "



   48: |Aut(M)| =  2,  Cycles:3(6:14) 
 "   0  1   2  3   4  5   6  7   8  9  10 11  12 13  14 15  16 17  18 19 "
 "   0  3   1  4   2  5   6  9   7 10   8 13  11 14  12 17  15 18  16 19 "
 "   0  5   1  6   2 11   3 16   4 13   7 18   8 19   9 14  10 17  12 15 "



   49: |Aut(M)| =  2,  Cycles:3(6:14) 
 "   0  1   2  3   4  5   6  7   8  9  10 11  12 13  14 15  16 17  18 19 "
 "   0  3   1  4   2  5   6  9   7 10   8 13  11 14  12 17  15 18  16 19 "
 "   0  5   1  6   2 11   3 16   4 15   7  8   9 18  10 17  12 19  13 14 "



   50: |Aut(M)| =  1,  Cycles:3(6:14) 
 "   0  1   2  3   4  5   6  7   8  9  10 11  12 13  14 15  16 17  18 19 "
 "   0  3   1  4   2  5   6  9   7 10   8 13  11 14  12 17  15 18  16 19 "
 "   0  5   1  6   2 11   3 18   4 17   7  8   9 12  10 19  13 14  15 16 "



   51: |Aut(M)| =  2,  Cycles:3(6:14) 
 "   0  1   2  3   4  5   6  7   8  9  10 11  12 13  14 15  16 17  18 19 "
 "   0  3   1  4   2  5   6  9   7 10   8 13  11 14  12 17  15 18  16 19 "
 "   0  5   1  6   2 11   3 18   4 17   7  8   9 14  10 19  12 15  13 16 "



   52: |Aut(M)| =  2,  Cycles:3(6:14) 
 "   0  1   2  3   4  5   6  7   8  9  10 11  12 13  14 15  16 17  18 19 "
 "   0  3   1  4   2  5   6  9   7 10   8 13  11 14  12 17  15 18  16 19 "
 "   0  5   1  6   2 15   3  8   4 11   7 12   9 14  10 19  13 16  17 18 "



   53: |Aut(M)| =  1,  Cycles:3(6:14) 
 "   0  1   2  3   4  5   6  7   8  9  10 11  12 13  14 15  16 17  18 19 "
 "   0  3   1  4   2  5   6  9   7 10   8 13  11 14  12 17  15 18  16 19 "
 "   0  5   1  6   2 15   3  8   4 11   7 16   9 14  10 13  12 19  17 18 "



   54: |Aut(M)| =  2,  Cycles:3(6:14) 
 "   0  1   2  3   4  5   6  7   8  9  10 11  12 13  14 15  16 17  18 19 "
 "   0  3   1  4   2  5   6  9   7 10   8 13  11 14  12 17  15 18  16 19 "
 "   0  5   1  6   2 15   3  8   4 19   7 14   9 18  10 17  11 12  13 16 "



   55: |Aut(M)| =  2,  Cycles:3(6:14) 
 "   0  1   2  3   4  5   6  7   8  9  10 11  12 13  14 15  16 17  18 19 "
 "   0  3   1  4   2  5   6  9   7 10   8 13  11 14  12 17  15 18  16 19 "
 "   0  5   1  6   2 15   3 12   4  7   8 11   9 18  10 17  13 16  14 19 "



   56: |Aut(M)| =  4,  Cycles:3(6:14) 
 "   0  1   2  3   4  5   6  7   8  9  10 11  12 13  14 15  16 17  18 19 "
 "   0  3   1  4   2  5   6  9   7 10   8 13  11 14  12 17  15 18  16 19 "
 "   0  5   1  6   2 15   3 12   4  7   8 17   9 10  11 18  13 16  14 19 "



   57: |Aut(M)| =  2,  Cycles:3(6:14) 
 "   0  1   2  3   4  5   6  7   8  9  10 11  12 13  14 15  16 17  18 19 "
 "   0  3   1  4   2  5   6  9   7 10   8 13  11 14  12 17  15 18  16 19 "
 "   0  5   1  6   2 15   3 12   4  7   8 19   9 10  11 16  13 18  14 17 "



   58: |Aut(M)| =  1,  Cycles:3(6:14) 
 "   0  1   2  3   4  5   6  7   8  9  10 11  12 13  14 15  16 17  18 19 "
 "   0  3   1  4   2  5   6  9   7 10   8 13  11 14  12 17  15 18  16 19 "
 "   0  5   1  6   2 15   3 16   4  7   8 17   9 10  11 12  13 18  14 19 "



   59: |Aut(M)| =  2,  Cycles:3(6:14) 
 "   0  1   2  3   4  5   6  7   8  9  10 11  12 13  14 15  16 17  18 19 "
 "   0  3   1  4   2  5   6  9   7 10   8 13  11 14  12 17  15 18  16 19 "
 "   0  5   1  6   2 15   3 16   4  7   8 17   9 10  11 18  12 19  13 14 "



   60: |Aut(M)| =  2,  Cycles:3(6:14) 
 "   0  1   2  3   4  5   6  7   8  9  10 11  12 13  14 15  16 17  18 19 "
 "   0  3   1  4   2  5   6  9   7 10   8 13  11 14  12 17  15 18  16 19 "
 "   0  5   1  6   2 15   3 16   4  7   8 19   9 10  11 12  13 14  17 18 "



   61: |Aut(M)| =  4,  Cycles:3(6:14) 
 "   0  1   2  3   4  5   6  7   8  9  10 11  12 13  14 15  16 17  18 19 "
 "   0  3   1  4   2  5   6  9   7 10   8 13  11 14  12 17  15 18  16 19 "
 "   0  5   1  6   2 15   3 18   4 13   7 14   8 17   9 10  11 16  12 19 "



   62: |Aut(M)| =  4,  Cycles:3(6:14) 
 "   0  1   2  3   4  5   6  7   8  9  10 11  12 13  14 15  16 17  18 19 "
 "   0  3   1  4   2  5   6  9   7 10   8 13  11 14  12 17  15 18  16 19 "
 "   0  5   1  6   2 19   3  8   4 15   7 12   9 18  10 13  11 16  14 17 "



   63: |Aut(M)| =  4,  Cycles:3(6:14) 
 "   0  1   2  3   4  5   6  7   8  9  10 11  12 13  14 15  16 17  18 19 "
 "   0  3   1  4   2  5   6  9   7 10   8 13  11 14  12 17  15 18  16 19 "
 "   0  5   1  6   2 19   3  8   4 15   7 16   9 18  10 17  11 12  13 14 "



   64: |Aut(M)| =  2,  Cycles:3(6:14) 
 "   0  1   2  3   4  5   6  7   8  9  10 11  12 13  14 15  16 17  18 19 "
 "   0  3   1  4   2  5   6  9   7 10   8 13  11 14  12 17  15 18  16 19 "
 "   0  5   1  6   2 19   3 10   4 17   7  8   9 12  11 18  13 14  15 16 "



   65: |Aut(M)| =  4,  Cycles:3(6:14) 
 "   0  1   2  3   4  5   6  7   8  9  10 11  12 13  14 15  16 17  18 19 "
 "   0  3   1  4   2  5   6  9   7 10   8 13  11 14  12 17  15 18  16 19 "
 "   0  5   1  6   2 19   3 10   4 17   7 12   8 15   9 16  11 18  13 14 "



   66: |Aut(M)| =  2,  Cycles:3(6:14) 
 "   0  1   2  3   4  5   6  7   8  9  10 11  12 13  14 15  16 17  18 19 "
 "   0  3   1  4   2  5   6  9   7 10   8 13  11 14  12 17  15 18  16 19 "
 "   0  5   1  6   2 19   3 12   4 11   7  8   9 14  10 17  13 18  15 16 "



   67: |Aut(M)| =  2,  Cycles:3(6:14) 
 "   0  1   2  3   4  5   6  7   8  9  10 11  12 13  14 15  16 17  18 19 "
 "   0  3   1  4   2  5   6  9   7 10   8 13  11 14  12 17  15 18  16 19 "
 "   0  5   1  6   2 19   3 12   4 11   7  8   9 16  10 15  13 18  14 17 "



   68: |Aut(M)| =  4,  Cycles:3(6:14) 
 "   0  1   2  3   4  5   6  7   8  9  10 11  12 13  14 15  16 17  18 19 "
 "   0  3   1  4   2  5   6  9   7 10   8 13  11 14  12 17  15 18  16 19 "
 "   0  5   1  6   2 19   3 12   4 11   7 18   8 15   9 16  10 13  14 17 "



   69: |Aut(M)| =  4,  Cycles:3(6:14) 
 "   0  1   2  3   4  5   6  7   8  9  10 11  12 13  14 15  16 17  18 19 "
 "   0  3   1  4   2  5   6  9   7 10   8 13  11 14  12 17  15 18  16 19 "
 "   0  5   1  6   2 19   3 14   4 13   7 18   8 11   9 16  10 17  12 15 "

