BIBD(  8,  42, 21,  4,  9)

        |Aut(D)|          Nd:             Ns: 
    ________________________________________________
             1         8338423             125
             2           19611              21
             3            1897               3
             4             625               5
             6             144               0
             7               6               2
             8             109               3
            12              28               2
            14               2               0
            16              19               1
            21              10               0
            24               9               0
            32               5               1
            48               4               0
            64               2               0
            72               1               0
            96               1               0
           168               1               0
           192               1               0
           336               1               1
          1152               1               0
          1344               1               0
    ________________________________________________
         Total:        8360901             164

   8360901 matrices constructed in  8:21.76
       164 matrices have no replicated blocks
  17257641 matrices were fully constructed
        15 threads were used
