

    1: |Aut(M)| =  39,  Cycles:78(6:8:12)
 "   0  1   2  3   4  5   6  7   8  9  10 11  12 13  14 15  16 17  18 19  20 21  22 23  24 25 "
 "   0  3   1  4   2  5   6  9   7 10   8 13  11 12  14 17  15 18  16 21  19 22  20 25  23 24 "
 "   0  5   1  2   3 14   4 15   6 11   7 12   8 17   9 10  13 18  16 19  20 23  21 24  22 25 "
 "   0  7   1 10   2 21   3  8   4  9   5 20   6 17  11 18  12 23  13 14  15 22  16 25  19 24 "
 "   0  9   1 14   2 13   3 18   4 23   5 16   6 21   7 24   8 15  10 17  11 22  12 25  19 20 "
 "   0 11   1 22   2 15   3  6   4 13   5 14   7 20   8 19   9 16  10 23  12 21  17 24  18 25 "
 "   0 13   1 24   2 19   3 10   4 17   5  6   7 16   8 21   9 22  11 20  12 15  14 25  18 23 "
 "   0 15   1 12   2 23   3 24   4 25   5 22   6 19   7  8   9 18  10 21  11 14  13 16  17 20 "
 "   0 17   1  6   2  9   3 20   4 11   5 12   7 22   8 25  10 13  14 19  15 24  16 23  18 21 "
 "   0 19   1 16   2 11   3  4   5 24   6 25   7 14   8 23   9 12  10 15  13 20  17 18  21 22 "
 "   0 21   1  8   2 25   3 12   4 19   5 10   6 23   7 18   9 14  11 16  13 24  15 20  17 22 "
 "   0 23   1 20   2 17   3 22   4  7   5 18   6 13   8 11   9 24  10 25  12 19  14 21  15 16 "
 "   0 25   1 18   2  7   3 16   4 21   5  8   6 15   9 20  10 19  11 24  12 17  13 22  14 23 "


Orbits and generators of the Aut(M) acting on elements:
0  1  0  1  0  1  0  1  0  1  0  1  0  1  0  1  0  1  0  1  0  1  0  1  0  1
0  1  2  3  4  5  6  7  8  9 10 11 12 13 14 15 16 17 18 19 20 21 22 23 24 25
0 13 18 23  6  5 12 15  2 19 16  7  4 17 20 11 24  1  8 21 22  9 14 25 10  3
2 19 20 11  0 13 24  1  6  5 16  7 14 25 22  9  8 21 12 15 18 23 10  3  4 17

Orbits and generators of Aut(M) acting on matrix rows, |Aut(R)| = 39:
0  0  0  0  0  0  0  0  0  0  0  0  0
0  1  2  3  4  5  6  7  8  9 10 11 12
0  4 10  2 12 11  9  6  5  7  3  8  1
1  2  0  5  7 11 12  8  4  9  6  3 10

Orbits and generators of Aut(M) acting on k-sets, |Aut(K)| = 39:
0  1  0  3  0  5  6  1  3  3  1  6  6  1  6  6  1  0  1  0  3  3  0  6  5  3  5  3  0  6  6  6  3  1  3  1  0  1  0  3  1  0  6  5  3  1  6  0  0  1  3  6  6  6  5  0  1  1  3  6  1  0  0  3  3  3  0  6  0  1  3  1  0  6  3  5  1  6  0  3  0  6  6  0  5  3  1  1  3  6  1  3  1  6  3  0  3  5  6  0  6  1  1  0  0  6  3  6  3  0  1  1  3  1  5  6  0  6  0  1  3  1  1  0  0  3  6  6  5  3  6  5  0  1  3  1  3  1  3  6  0  0  6  1  3  1  5  0  6  6  3  0  3  1  6  0  1  1  3  3  1  6  0  6  0  0  6  3  5
0  1  2  3  4  5  6  7  8  9 10 11 12 13 14 15 16 17 18 19 20 21 22 23 24 25 26 27 28 29 30 31 32 33 34 35 36 37 38 39 40 41 42 43 44 45 46 47 48 49 50 51 52 53 54 55 56 57 58 59 60 61 62 63 64 65 66 67 68 69 70 71 72 73 74 75 76 77 78 79 80 81 82 83 84 85 86 87 88 89 90 91 92 93 94 95 96 97 98 99 100 101 102 103 104 105 106 107 108 109 110 111 112 113 114 115 116 117 118 119 120 121 122 123 124 125 126 127 128 129 130 131 132 133 134 135 136 137 138 139 140 141 142 143 144 145 146 147 148 149 150 151 152 153 154 155 156 157 158 159 160 161 162 163 164 165 166 167 168
2 10  4  9  0  5 12  1  3  8  7  6 11 160 161 163 157 164 156 165 158 159 162 166 168 167 43 44 41 42 46 51 39 40 50 45 48 49 47 134 135 141 130 131 138 137 139 140 132 133 136 142 14 15 24 22 18 16 21 23 13 17 19 25 20 108 109 107 116 111 106 113 104 105 112 114 110 115 95 96 103 100 98 99 97 91 92 101 94 93 102 120 121 127 129 124 125 128 117 118 126 119 122 123 147 148 144 154 150 151 153 143 152 145 146 149 155 82 83 87 85 86 90 80 78 79 81 89 84 88 29 26 36 37 32 33 34 35 27 30 38 28 31 69 70 71 75 72 73 77 65 66 74 76 67 68 56 57 64 58 60 52 55 53 61 62 59 63 54

SRG #1 of type 1 with parameters (v,k,λ μ) = (169,24,11,2): |Aut(G)| = 3764599792427073536
It's a rank 3 graph with (α, β) = (55, 0)
*111111111111111111111111000000000000000000000000000000000000000000000000000000000000000000000000000000000000000000000000000000000000000000000000000000000000000000000000  0
1*11111111111000000000000111111111111000000000000000000000000000000000000000000000000000000000000000000000000000000000000000000000000000000000000000000000000000000000000  1
11*1111111111000000000000000000000000111111111111000000000000000000000000000000000000000000000000000000000000000000000000000000000000000000000000000000000000000000000000  2
111*111111111000000000000000000000000000000000000111111111111000000000000000000000000000000000000000000000000000000000000000000000000000000000000000000000000000000000000  3
1111*11111111000000000000000000000000000000000000000000000000111111111111000000000000000000000000000000000000000000000000000000000000000000000000000000000000000000000000  4
11111*1111111000000000000000000000000000000000000000000000000000000000000111111111111000000000000000000000000000000000000000000000000000000000000000000000000000000000000  5
111111*111111000000000000000000000000000000000000000000000000000000000000000000000000111111111111000000000000000000000000000000000000000000000000000000000000000000000000  6
1111111*11111000000000000000000000000000000000000000000000000000000000000000000000000000000000000111111111111000000000000000000000000000000000000000000000000000000000000  7
11111111*1111000000000000000000000000000000000000000000000000000000000000000000000000000000000000000000000000111111111111000000000000000000000000000000000000000000000000  8
111111111*111000000000000000000000000000000000000000000000000000000000000000000000000000000000000000000000000000000000000111111111111000000000000000000000000000000000000  9
1111111111*11000000000000000000000000000000000000000000000000000000000000000000000000000000000000000000000000000000000000000000000000111111111111000000000000000000000000 10
11111111111*1000000000000000000000000000000000000000000000000000000000000000000000000000000000000000000000000000000000000000000000000000000000000111111111111000000000000 11
111111111111*000000000000000000000000000000000000000000000000000000000000000000000000000000000000000000000000000000000000000000000000000000000000000000000000111111111111 12
1000000000000*11111111111100000000000100000000000100000000000100000000000100000000000100000000000100000000000100000000000100000000000100000000000100000000000100000000000 13
10000000000001*1111111111010000000000010000000000010000000000010000000000010000000000010000000000010000000000010000000000010000000000010000000000010000000000010000000000 14
100000000000011*111111111001000000000001000000000001000000000001000000000001000000000001000000000001000000000001000000000001000000000001000000000001000000000001000000000 15
1000000000000111*11111111000100000000000100000000000100000000000100000000000100000000000100000000000100000000000100000000000100000000000100000000000100000000000100000000 16
10000000000001111*1111111000010000000000010000000000010000000000010000000000010000000000010000000000010000000000010000000000010000000000010000000000010000000000010000000 17
100000000000011111*111111000001000000000001000000000001000000000001000000000001000000000001000000000001000000000001000000000001000000000001000000000001000000000001000000 18
1000000000000111111*11111000000100000000000100000000000100000000000100000000000100000000000100000000000100000000000100000000000100000000000100000000000100000000000100000 19
10000000000001111111*1111000000010000000000010000000000010000000000010000000000010000000000010000000000010000000000010000000000010000000000010000000000010000000000010000 20
100000000000011111111*111000000001000000000001000000000001000000000001000000000001000000000001000000000001000000000001000000000001000000000001000000000001000000000001000 21
1000000000000111111111*11000000000100000000000100000000000100000000000100000000000100000000000100000000000100000000000100000000000100000000000100000000000100000000000100 22
10000000000001111111111*1000000000010000000000010000000000010000000000010000000000010000000000010000000000010000000000010000000000010000000000010000000000010000000000010 23
100000000000011111111111*000000000001000000000001000000000001000000000001000000000001000000000001000000000001000000000001000000000001000000000001000000000001000000000001 24
0100000000000100000000000*11111111111100000000000100000000000100000000000100000000000100000000000100000000000100000000000100000000000100000000000100000000000100000000000 25
01000000000000100000000001*1111111111010000000000010000000000010000000000010000000000010000000000010000000000010000000000010000000000010000000000010000000000010000000000 26
010000000000000100000000011*111111111001000000000001000000000001000000000001000000000001000000000001000000000001000000000001000000000001000000000001000000000001000000000 27
0100000000000000100000000111*11111111000100000000000100000000000100000000000100000000000100000000000100000000000100000000000100000000000100000000000100000000000100000000 28
01000000000000000100000001111*1111111000010000000000010000000000010000000000010000000000010000000000010000000000010000000000010000000000010000000000010000000000010000000 29
010000000000000000100000011111*111111000001000000000001000000000001000000000001000000000001000000000001000000000001000000000001000000000001000000000001000000000001000000 30
0100000000000000000100000111111*11111000000100000000000100000000000100000000000100000000000100000000000100000000000100000000000100000000000100000000000100000000000100000 31
01000000000000000000100001111111*1111000000010000000000010000000000010000000000010000000000010000000000010000000000010000000000010000000000010000000000010000000000010000 32
010000000000000000000100011111111*111000000001000000000001000000000001000000000001000000000001000000000001000000000001000000000001000000000001000000000001000000000001000 33
0100000000000000000000100111111111*11000000000100000000000100000000000100000000000100000000000100000000000100000000000100000000000100000000000100000000000100000000000100 34
01000000000000000000000101111111111*1000000000010000000000010000000000010000000000010000000000010000000000010000000000010000000000010000000000010000000000010000000000010 35
010000000000000000000000111111111111*000000000001000000000001000000000001000000000001000000000001000000000001000000000001000000000001000000000001000000000001000000000001 36
0010000000000100000000000100000000000*11111111111100000000000100000000000100000000000100000000000100000000000100000000000100000000000100000000000100000000000100000000000 37
00100000000000100000000000100000000001*1111111111010000000000010000000000010000000000010000000000010000000000010000000000010000000000010000000000010000000000010000000000 38
001000000000000100000000000100000000011*111111111001000000000001000000000001000000000001000000000001000000000001000000000001000000000001000000000001000000000001000000000 39
0010000000000000100000000000100000000111*11111111000100000000000100000000000100000000000100000000000100000000000100000000000100000000000100000000000100000000000100000000 40
00100000000000000100000000000100000001111*1111111000010000000000010000000000010000000000010000000000010000000000010000000000010000000000010000000000010000000000010000000 41
001000000000000000100000000000100000011111*111111000001000000000001000000000001000000000001000000000001000000000001000000000001000000000001000000000001000000000001000000 42
0010000000000000000100000000000100000111111*11111000000100000000000100000000000100000000000100000000000100000000000100000000000100000000000100000000000100000000000100000 43
00100000000000000000100000000000100001111111*1111000000010000000000010000000000010000000000010000000000010000000000010000000000010000000000010000000000010000000000010000 44
001000000000000000000100000000000100011111111*111000000001000000000001000000000001000000000001000000000001000000000001000000000001000000000001000000000001000000000001000 45
0010000000000000000000100000000000100111111111*11000000000100000000000100000000000100000000000100000000000100000000000100000000000100000000000100000000000100000000000100 46
00100000000000000000000100000000000101111111111*1000000000010000000000010000000000010000000000010000000000010000000000010000000000010000000000010000000000010000000000010 47
001000000000000000000000100000000000111111111111*000000000001000000000001000000000001000000000001000000000001000000000001000000000001000000000001000000000001000000000001 48
0001000000000100000000000100000000000100000000000*11111111111100000000000100000000000100000000000100000000000100000000000100000000000100000000000100000000000100000000000 49
00010000000000100000000000100000000000100000000001*1111111111010000000000010000000000010000000000010000000000010000000000010000000000010000000000010000000000010000000000 50
000100000000000100000000000100000000000100000000011*111111111001000000000001000000000001000000000001000000000001000000000001000000000001000000000001000000000001000000000 51
0001000000000000100000000000100000000000100000000111*11111111000100000000000100000000000100000000000100000000000100000000000100000000000100000000000100000000000100000000 52
00010000000000000100000000000100000000000100000001111*1111111000010000000000010000000000010000000000010000000000010000000000010000000000010000000000010000000000010000000 53
000100000000000000100000000000100000000000100000011111*111111000001000000000001000000000001000000000001000000000001000000000001000000000001000000000001000000000001000000 54
0001000000000000000100000000000100000000000100000111111*11111000000100000000000100000000000100000000000100000000000100000000000100000000000100000000000100000000000100000 55
00010000000000000000100000000000100000000000100001111111*1111000000010000000000010000000000010000000000010000000000010000000000010000000000010000000000010000000000010000 56
000100000000000000000100000000000100000000000100011111111*111000000001000000000001000000000001000000000001000000000001000000000001000000000001000000000001000000000001000 57
0001000000000000000000100000000000100000000000100111111111*11000000000100000000000100000000000100000000000100000000000100000000000100000000000100000000000100000000000100 58
00010000000000000000000100000000000100000000000101111111111*1000000000010000000000010000000000010000000000010000000000010000000000010000000000010000000000010000000000010 59
000100000000000000000000100000000000100000000000111111111111*000000000001000000000001000000000001000000000001000000000001000000000001000000000001000000000001000000000001 60
0000100000000100000000000100000000000100000000000100000000000*11111111111100000000000100000000000100000000000100000000000100000000000100000000000100000000000100000000000 61
00001000000000100000000000100000000000100000000000100000000001*1111111111010000000000010000000000010000000000010000000000010000000000010000000000010000000000010000000000 62
000010000000000100000000000100000000000100000000000100000000011*111111111001000000000001000000000001000000000001000000000001000000000001000000000001000000000001000000000 63
0000100000000000100000000000100000000000100000000000100000000111*11111111000100000000000100000000000100000000000100000000000100000000000100000000000100000000000100000000 64
00001000000000000100000000000100000000000100000000000100000001111*1111111000010000000000010000000000010000000000010000000000010000000000010000000000010000000000010000000 65
000010000000000000100000000000100000000000100000000000100000011111*111111000001000000000001000000000001000000000001000000000001000000000001000000000001000000000001000000 66
0000100000000000000100000000000100000000000100000000000100000111111*11111000000100000000000100000000000100000000000100000000000100000000000100000000000100000000000100000 67
00001000000000000000100000000000100000000000100000000000100001111111*1111000000010000000000010000000000010000000000010000000000010000000000010000000000010000000000010000 68
000010000000000000000100000000000100000000000100000000000100011111111*111000000001000000000001000000000001000000000001000000000001000000000001000000000001000000000001000 69
0000100000000000000000100000000000100000000000100000000000100111111111*11000000000100000000000100000000000100000000000100000000000100000000000100000000000100000000000100 70
00001000000000000000000100000000000100000000000100000000000101111111111*1000000000010000000000010000000000010000000000010000000000010000000000010000000000010000000000010 71
000010000000000000000000100000000000100000000000100000000000111111111111*000000000001000000000001000000000001000000000001000000000001000000000001000000000001000000000001 72
0000010000000100000000000100000000000100000000000100000000000100000000000*11111111111100000000000100000000000100000000000100000000000100000000000100000000000100000000000 73
00000100000000100000000000100000000000100000000000100000000000100000000001*1111111111010000000000010000000000010000000000010000000000010000000000010000000000010000000000 74
000001000000000100000000000100000000000100000000000100000000000100000000011*111111111001000000000001000000000001000000000001000000000001000000000001000000000001000000000 75
0000010000000000100000000000100000000000100000000000100000000000100000000111*11111111000100000000000100000000000100000000000100000000000100000000000100000000000100000000 76
00000100000000000100000000000100000000000100000000000100000000000100000001111*1111111000010000000000010000000000010000000000010000000000010000000000010000000000010000000 77
000001000000000000100000000000100000000000100000000000100000000000100000011111*111111000001000000000001000000000001000000000001000000000001000000000001000000000001000000 78
0000010000000000000100000000000100000000000100000000000100000000000100000111111*11111000000100000000000100000000000100000000000100000000000100000000000100000000000100000 79
00000100000000000000100000000000100000000000100000000000100000000000100001111111*1111000000010000000000010000000000010000000000010000000000010000000000010000000000010000 80
000001000000000000000100000000000100000000000100000000000100000000000100011111111*111000000001000000000001000000000001000000000001000000000001000000000001000000000001000 81
0000010000000000000000100000000000100000000000100000000000100000000000100111111111*11000000000100000000000100000000000100000000000100000000000100000000000100000000000100 82
00000100000000000000000100000000000100000000000100000000000100000000000101111111111*1000000000010000000000010000000000010000000000010000000000010000000000010000000000010 83
000001000000000000000000100000000000100000000000100000000000100000000000111111111111*000000000001000000000001000000000001000000000001000000000001000000000001000000000001 84
0000001000000100000000000100000000000100000000000100000000000100000000000100000000000*11111111111100000000000100000000000100000000000100000000000100000000000100000000000 85
00000010000000100000000000100000000000100000000000100000000000100000000000100000000001*1111111111010000000000010000000000010000000000010000000000010000000000010000000000 86
000000100000000100000000000100000000000100000000000100000000000100000000000100000000011*111111111001000000000001000000000001000000000001000000000001000000000001000000000 87
0000001000000000100000000000100000000000100000000000100000000000100000000000100000000111*11111111000100000000000100000000000100000000000100000000000100000000000100000000 88
00000010000000000100000000000100000000000100000000000100000000000100000000000100000001111*1111111000010000000000010000000000010000000000010000000000010000000000010000000 89
000000100000000000100000000000100000000000100000000000100000000000100000000000100000011111*111111000001000000000001000000000001000000000001000000000001000000000001000000 90
0000001000000000000100000000000100000000000100000000000100000000000100000000000100000111111*11111000000100000000000100000000000100000000000100000000000100000000000100000 91
00000010000000000000100000000000100000000000100000000000100000000000100000000000100001111111*1111000000010000000000010000000000010000000000010000000000010000000000010000 92
000000100000000000000100000000000100000000000100000000000100000000000100000000000100011111111*111000000001000000000001000000000001000000000001000000000001000000000001000 93
0000001000000000000000100000000000100000000000100000000000100000000000100000000000100111111111*11000000000100000000000100000000000100000000000100000000000100000000000100 94
00000010000000000000000100000000000100000000000100000000000100000000000100000000000101111111111*1000000000010000000000010000000000010000000000010000000000010000000000010 95
000000100000000000000000100000000000100000000000100000000000100000000000100000000000111111111111*000000000001000000000001000000000001000000000001000000000001000000000001 96
0000000100000100000000000100000000000100000000000100000000000100000000000100000000000100000000000*11111111111100000000000100000000000100000000000100000000000100000000000 97
00000001000000100000000000100000000000100000000000100000000000100000000000100000000000100000000001*1111111111010000000000010000000000010000000000010000000000010000000000 98
000000010000000100000000000100000000000100000000000100000000000100000000000100000000000100000000011*111111111001000000000001000000000001000000000001000000000001000000000 99
0000000100000000100000000000100000000000100000000000100000000000100000000000100000000000100000000111*11111111000100000000000100000000000100000000000100000000000100000000 100
00000001000000000100000000000100000000000100000000000100000000000100000000000100000000000100000001111*1111111000010000000000010000000000010000000000010000000000010000000 101
000000010000000000100000000000100000000000100000000000100000000000100000000000100000000000100000011111*111111000001000000000001000000000001000000000001000000000001000000 102
0000000100000000000100000000000100000000000100000000000100000000000100000000000100000000000100000111111*11111000000100000000000100000000000100000000000100000000000100000 103
00000001000000000000100000000000100000000000100000000000100000000000100000000000100000000000100001111111*1111000000010000000000010000000000010000000000010000000000010000 104
000000010000000000000100000000000100000000000100000000000100000000000100000000000100000000000100011111111*111000000001000000000001000000000001000000000001000000000001000 105
0000000100000000000000100000000000100000000000100000000000100000000000100000000000100000000000100111111111*11000000000100000000000100000000000100000000000100000000000100 106
00000001000000000000000100000000000100000000000100000000000100000000000100000000000100000000000101111111111*1000000000010000000000010000000000010000000000010000000000010 107
000000010000000000000000100000000000100000000000100000000000100000000000100000000000100000000000111111111111*000000000001000000000001000000000001000000000001000000000001 108
0000000010000100000000000100000000000100000000000100000000000100000000000100000000000100000000000100000000000*11111111111100000000000100000000000100000000000100000000000 109
00000000100000100000000000100000000000100000000000100000000000100000000000100000000000100000000000100000000001*1111111111010000000000010000000000010000000000010000000000 110
000000001000000100000000000100000000000100000000000100000000000100000000000100000000000100000000000100000000011*111111111001000000000001000000000001000000000001000000000 111
0000000010000000100000000000100000000000100000000000100000000000100000000000100000000000100000000000100000000111*11111111000100000000000100000000000100000000000100000000 112
00000000100000000100000000000100000000000100000000000100000000000100000000000100000000000100000000000100000001111*1111111000010000000000010000000000010000000000010000000 113
000000001000000000100000000000100000000000100000000000100000000000100000000000100000000000100000000000100000011111*111111000001000000000001000000000001000000000001000000 114
0000000010000000000100000000000100000000000100000000000100000000000100000000000100000000000100000000000100000111111*11111000000100000000000100000000000100000000000100000 115
00000000100000000000100000000000100000000000100000000000100000000000100000000000100000000000100000000000100001111111*1111000000010000000000010000000000010000000000010000 116
000000001000000000000100000000000100000000000100000000000100000000000100000000000100000000000100000000000100011111111*111000000001000000000001000000000001000000000001000 117
0000000010000000000000100000000000100000000000100000000000100000000000100000000000100000000000100000000000100111111111*11000000000100000000000100000000000100000000000100 118
00000000100000000000000100000000000100000000000100000000000100000000000100000000000100000000000100000000000101111111111*1000000000010000000000010000000000010000000000010 119
000000001000000000000000100000000000100000000000100000000000100000000000100000000000100000000000100000000000111111111111*000000000001000000000001000000000001000000000001 120
0000000001000100000000000100000000000100000000000100000000000100000000000100000000000100000000000100000000000100000000000*11111111111100000000000100000000000100000000000 121
00000000010000100000000000100000000000100000000000100000000000100000000000100000000000100000000000100000000000100000000001*1111111111010000000000010000000000010000000000 122
000000000100000100000000000100000000000100000000000100000000000100000000000100000000000100000000000100000000000100000000011*111111111001000000000001000000000001000000000 123
0000000001000000100000000000100000000000100000000000100000000000100000000000100000000000100000000000100000000000100000000111*11111111000100000000000100000000000100000000 124
00000000010000000100000000000100000000000100000000000100000000000100000000000100000000000100000000000100000000000100000001111*1111111000010000000000010000000000010000000 125
000000000100000000100000000000100000000000100000000000100000000000100000000000100000000000100000000000100000000000100000011111*111111000001000000000001000000000001000000 126
0000000001000000000100000000000100000000000100000000000100000000000100000000000100000000000100000000000100000000000100000111111*11111000000100000000000100000000000100000 127
00000000010000000000100000000000100000000000100000000000100000000000100000000000100000000000100000000000100000000000100001111111*1111000000010000000000010000000000010000 128
000000000100000000000100000000000100000000000100000000000100000000000100000000000100000000000100000000000100000000000100011111111*111000000001000000000001000000000001000 129
0000000001000000000000100000000000100000000000100000000000100000000000100000000000100000000000100000000000100000000000100111111111*11000000000100000000000100000000000100 130
00000000010000000000000100000000000100000000000100000000000100000000000100000000000100000000000100000000000100000000000101111111111*1000000000010000000000010000000000010 131
000000000100000000000000100000000000100000000000100000000000100000000000100000000000100000000000100000000000100000000000111111111111*000000000001000000000001000000000001 132
0000000000100100000000000100000000000100000000000100000000000100000000000100000000000100000000000100000000000100000000000100000000000*11111111111100000000000100000000000 133
00000000001000100000000000100000000000100000000000100000000000100000000000100000000000100000000000100000000000100000000000100000000001*1111111111010000000000010000000000 134
000000000010000100000000000100000000000100000000000100000000000100000000000100000000000100000000000100000000000100000000000100000000011*111111111001000000000001000000000 135
0000000000100000100000000000100000000000100000000000100000000000100000000000100000000000100000000000100000000000100000000000100000000111*11111111000100000000000100000000 136
00000000001000000100000000000100000000000100000000000100000000000100000000000100000000000100000000000100000000000100000000000100000001111*1111111000010000000000010000000 137
000000000010000000100000000000100000000000100000000000100000000000100000000000100000000000100000000000100000000000100000000000100000011111*111111000001000000000001000000 138
0000000000100000000100000000000100000000000100000000000100000000000100000000000100000000000100000000000100000000000100000000000100000111111*11111000000100000000000100000 139
00000000001000000000100000000000100000000000100000000000100000000000100000000000100000000000100000000000100000000000100000000000100001111111*1111000000010000000000010000 140
000000000010000000000100000000000100000000000100000000000100000000000100000000000100000000000100000000000100000000000100000000000100011111111*111000000001000000000001000 141
0000000000100000000000100000000000100000000000100000000000100000000000100000000000100000000000100000000000100000000000100000000000100111111111*11000000000100000000000100 142
00000000001000000000000100000000000100000000000100000000000100000000000100000000000100000000000100000000000100000000000100000000000101111111111*1000000000010000000000010 143
000000000010000000000000100000000000100000000000100000000000100000000000100000000000100000000000100000000000100000000000100000000000111111111111*000000000001000000000001 144
0000000000010100000000000100000000000100000000000100000000000100000000000100000000000100000000000100000000000100000000000100000000000100000000000*11111111111100000000000 145
00000000000100100000000000100000000000100000000000100000000000100000000000100000000000100000000000100000000000100000000000100000000000100000000001*1111111111010000000000 146
000000000001000100000000000100000000000100000000000100000000000100000000000100000000000100000000000100000000000100000000000100000000000100000000011*111111111001000000000 147
0000000000010000100000000000100000000000100000000000100000000000100000000000100000000000100000000000100000000000100000000000100000000000100000000111*11111111000100000000 148
00000000000100000100000000000100000000000100000000000100000000000100000000000100000000000100000000000100000000000100000000000100000000000100000001111*1111111000010000000 149
000000000001000000100000000000100000000000100000000000100000000000100000000000100000000000100000000000100000000000100000000000100000000000100000011111*111111000001000000 150
0000000000010000000100000000000100000000000100000000000100000000000100000000000100000000000100000000000100000000000100000000000100000000000100000111111*11111000000100000 151
00000000000100000000100000000000100000000000100000000000100000000000100000000000100000000000100000000000100000000000100000000000100000000000100001111111*1111000000010000 152
000000000001000000000100000000000100000000000100000000000100000000000100000000000100000000000100000000000100000000000100000000000100000000000100011111111*111000000001000 153
0000000000010000000000100000000000100000000000100000000000100000000000100000000000100000000000100000000000100000000000100000000000100000000000100111111111*11000000000100 154
00000000000100000000000100000000000100000000000100000000000100000000000100000000000100000000000100000000000100000000000100000000000100000000000101111111111*1000000000010 155
000000000001000000000000100000000000100000000000100000000000100000000000100000000000100000000000100000000000100000000000100000000000100000000000111111111111*000000000001 156
0000000000001100000000000100000000000100000000000100000000000100000000000100000000000100000000000100000000000100000000000100000000000100000000000100000000000*11111111111 157
00000000000010100000000000100000000000100000000000100000000000100000000000100000000000100000000000100000000000100000000000100000000000100000000000100000000001*1111111111 158
000000000000100100000000000100000000000100000000000100000000000100000000000100000000000100000000000100000000000100000000000100000000000100000000000100000000011*111111111 159
0000000000001000100000000000100000000000100000000000100000000000100000000000100000000000100000000000100000000000100000000000100000000000100000000000100000000111*11111111 160
00000000000010000100000000000100000000000100000000000100000000000100000000000100000000000100000000000100000000000100000000000100000000000100000000000100000001111*1111111 161
000000000000100000100000000000100000000000100000000000100000000000100000000000100000000000100000000000100000000000100000000000100000000000100000000000100000011111*111111 162
0000000000001000000100000000000100000000000100000000000100000000000100000000000100000000000100000000000100000000000100000000000100000000000100000000000100000111111*11111 163
00000000000010000000100000000000100000000000100000000000100000000000100000000000100000000000100000000000100000000000100000000000100000000000100000000000100001111111*1111 164
000000000000100000000100000000000100000000000100000000000100000000000100000000000100000000000100000000000100000000000100000000000100000000000100000000000100011111111*111 165
0000000000001000000000100000000000100000000000100000000000100000000000100000000000100000000000100000000000100000000000100000000000100000000000100000000000100111111111*11 166
00000000000010000000000100000000000100000000000100000000000100000000000100000000000100000000000100000000000100000000000100000000000100000000000100000000000101111111111*1 167
000000000000100000000000100000000000100000000000100000000000100000000000100000000000100000000000100000000000100000000000100000000000100000000000100000000000111111111111* 168

Vertex orbits and group generators of graph:
  0  0  0  0  0  0  0  0  0  0  0  0  0  0  0  0  0  0  0  0  0  0  0  0  0  0  0  0  0  0  0  0  0  0  0  0  0  0  0  0  0  0  0  0  0  0  0  0  0  0  0  0  0  0  0  0  0  0  0  0  0  0  0  0  0  0  0  0  0  0  0  0  0  0  0  0  0  0  0  0  0  0  0  0  0  0  0  0  0  0  0  0  0  0  0  0  0  0  0  0  0  0  0  0  0  0  0  0  0  0  0  0  0  0  0  0  0  0  0  0  0  0  0  0  0  0  0  0  0  0  0  0  0  0  0  0  0  0  0  0  0  0  0  0  0  0  0  0  0  0  0  0  0  0  0  0  0  0  0  0  0  0  0  0  0  0  0  0  0
  0  1  1  1  1  1  1  1  1  1  1  1  1  1  1  1  1  1  1  1  1  1  1  1  1 25 25 25 25 25 25 25 25 25 25 25 25 25 25 25 25 25 25 25 25 25 25 25 25 25 25 25 25 25 25 25 25 25 25 25 25 25 25 25 25 25 25 25 25 25 25 25 25 25 25 25 25 25 25 25 25 25 25 25 25 25 25 25 25 25 25 25 25 25 25 25 25 25 25 25 25 25 25 25 25 25 25 25 25 25 25 25 25 25 25 25 25 25 25 25 25 25 25 25 25 25 25 25 25 25 25 25 25 25 25 25 25 25 25 25 25 25 25 25 25 25 25 25 25 25 25 25 25 25 25 25 25 25 25 25 25 25 25 25 25 25 25 25 25
  0  1  2  3  4  5  6  7  8  9 10 11 12 13 14 15 16 17 18 19 20 21 22 23 24 25 26 27 28 29 30 31 32 33 34 35 36 37 38 39 40 41 42 43 44 45 46 47 48 49 50 51 52 53 54 55 56 57 58 59 60 61 62 63 64 65 66 67 68 69 70 71 72 73 74 75 76 77 78 79 80 81 82 83 84 85 86 87 88 89 90 91 92 93 94 95 96 97 98 99 100 101 102 103 104 105 106 107 108 109 110 111 112 113 114 115 116 117 118 119 120 121 122 123 124 125 126 127 128 129 130 131 132 133 134 135 136 137 138 139 140 141 142 143 144 145 146 147 148 149 150 151 152 153 154 155 156 157 158 159 160 161 162 163 164 165 166 167 168
  0  1  2  3  4  5  6  7  8  9 10 11 12 13 14 15 16 17 18 19 20 21 22 24 23 25 26 27 28 29 30 31 32 33 34 36 35 37 38 39 40 41 42 43 44 45 46 48 47 49 50 51 52 53 54 55 56 57 58 60 59 61 62 63 64 65 66 67 68 69 70 72 71 73 74 75 76 77 78 79 80 81 82 84 83 85 86 87 88 89 90 91 92 93 94 96 95 97 98 99 100 101 102 103 104 105 106 108 107 109 110 111 112 113 114 115 116 117 118 120 119 121 122 123 124 125 126 127 128 129 130 132 131 133 134 135 136 137 138 139 140 141 142 144 143 145 146 147 148 149 150 151 152 153 154 156 155 157 158 159 160 161 162 163 164 165 166 168 167
  0  1  2  3  4  5  6  7  8  9 10 11 12 13 14 15 16 17 18 19 20 21 23 22 24 25 26 27 28 29 30 31 32 33 35 34 36 37 38 39 40 41 42 43 44 45 47 46 48 49 50 51 52 53 54 55 56 57 59 58 60 61 62 63 64 65 66 67 68 69 71 70 72 73 74 75 76 77 78 79 80 81 83 82 84 85 86 87 88 89 90 91 92 93 95 94 96 97 98 99 100 101 102 103 104 105 107 106 108 109 110 111 112 113 114 115 116 117 119 118 120 121 122 123 124 125 126 127 128 129 131 130 132 133 134 135 136 137 138 139 140 141 143 142 144 145 146 147 148 149 150 151 152 153 155 154 156 157 158 159 160 161 162 163 164 165 167 166 168
  0  1  2  3  4  5  6  7  8  9 10 11 12 13 14 15 16 17 18 19 20 22 21 23 24 25 26 27 28 29 30 31 32 34 33 35 36 37 38 39 40 41 42 43 44 46 45 47 48 49 50 51 52 53 54 55 56 58 57 59 60 61 62 63 64 65 66 67 68 70 69 71 72 73 74 75 76 77 78 79 80 82 81 83 84 85 86 87 88 89 90 91 92 94 93 95 96 97 98 99 100 101 102 103 104 106 105 107 108 109 110 111 112 113 114 115 116 118 117 119 120 121 122 123 124 125 126 127 128 130 129 131 132 133 134 135 136 137 138 139 140 142 141 143 144 145 146 147 148 149 150 151 152 154 153 155 156 157 158 159 160 161 162 163 164 166 165 167 168
  0  1  2  3  4  5  6  7  8  9 10 11 12 13 14 15 16 17 18 19 21 20 22 23 24 25 26 27 28 29 30 31 33 32 34 35 36 37 38 39 40 41 42 43 45 44 46 47 48 49 50 51 52 53 54 55 57 56 58 59 60 61 62 63 64 65 66 67 69 68 70 71 72 73 74 75 76 77 78 79 81 80 82 83 84 85 86 87 88 89 90 91 93 92 94 95 96 97 98 99 100 101 102 103 105 104 106 107 108 109 110 111 112 113 114 115 117 116 118 119 120 121 122 123 124 125 126 127 129 128 130 131 132 133 134 135 136 137 138 139 141 140 142 143 144 145 146 147 148 149 150 151 153 152 154 155 156 157 158 159 160 161 162 163 165 164 166 167 168
  0  1  2  3  4  5  6  7  8  9 10 11 12 13 14 15 16 17 18 20 19 21 22 23 24 25 26 27 28 29 30 32 31 33 34 35 36 37 38 39 40 41 42 44 43 45 46 47 48 49 50 51 52 53 54 56 55 57 58 59 60 61 62 63 64 65 66 68 67 69 70 71 72 73 74 75 76 77 78 80 79 81 82 83 84 85 86 87 88 89 90 92 91 93 94 95 96 97 98 99 100 101 102 104 103 105 106 107 108 109 110 111 112 113 114 116 115 117 118 119 120 121 122 123 124 125 126 128 127 129 130 131 132 133 134 135 136 137 138 140 139 141 142 143 144 145 146 147 148 149 150 152 151 153 154 155 156 157 158 159 160 161 162 164 163 165 166 167 168
  0  1  2  3  4  5  6  7  8  9 10 11 12 13 14 15 16 17 19 18 20 21 22 23 24 25 26 27 28 29 31 30 32 33 34 35 36 37 38 39 40 41 43 42 44 45 46 47 48 49 50 51 52 53 55 54 56 57 58 59 60 61 62 63 64 65 67 66 68 69 70 71 72 73 74 75 76 77 79 78 80 81 82 83 84 85 86 87 88 89 91 90 92 93 94 95 96 97 98 99 100 101 103 102 104 105 106 107 108 109 110 111 112 113 115 114 116 117 118 119 120 121 122 123 124 125 127 126 128 129 130 131 132 133 134 135 136 137 139 138 140 141 142 143 144 145 146 147 148 149 151 150 152 153 154 155 156 157 158 159 160 161 163 162 164 165 166 167 168
  0  1  2  3  4  5  6  7  8  9 10 11 12 13 14 15 16 18 17 19 20 21 22 23 24 25 26 27 28 30 29 31 32 33 34 35 36 37 38 39 40 42 41 43 44 45 46 47 48 49 50 51 52 54 53 55 56 57 58 59 60 61 62 63 64 66 65 67 68 69 70 71 72 73 74 75 76 78 77 79 80 81 82 83 84 85 86 87 88 90 89 91 92 93 94 95 96 97 98 99 100 102 101 103 104 105 106 107 108 109 110 111 112 114 113 115 116 117 118 119 120 121 122 123 124 126 125 127 128 129 130 131 132 133 134 135 136 138 137 139 140 141 142 143 144 145 146 147 148 150 149 151 152 153 154 155 156 157 158 159 160 162 161 163 164 165 166 167 168
  0  1  2  3  4  5  6  7  8  9 10 11 12 13 14 15 17 16 18 19 20 21 22 23 24 25 26 27 29 28 30 31 32 33 34 35 36 37 38 39 41 40 42 43 44 45 46 47 48 49 50 51 53 52 54 55 56 57 58 59 60 61 62 63 65 64 66 67 68 69 70 71 72 73 74 75 77 76 78 79 80 81 82 83 84 85 86 87 89 88 90 91 92 93 94 95 96 97 98 99 101 100 102 103 104 105 106 107 108 109 110 111 113 112 114 115 116 117 118 119 120 121 122 123 125 124 126 127 128 129 130 131 132 133 134 135 137 136 138 139 140 141 142 143 144 145 146 147 149 148 150 151 152 153 154 155 156 157 158 159 161 160 162 163 164 165 166 167 168
  0  1  2  3  4  5  6  7  8  9 10 11 12 13 14 16 15 17 18 19 20 21 22 23 24 25 26 28 27 29 30 31 32 33 34 35 36 37 38 40 39 41 42 43 44 45 46 47 48 49 50 52 51 53 54 55 56 57 58 59 60 61 62 64 63 65 66 67 68 69 70 71 72 73 74 76 75 77 78 79 80 81 82 83 84 85 86 88 87 89 90 91 92 93 94 95 96 97 98 100 99 101 102 103 104 105 106 107 108 109 110 112 111 113 114 115 116 117 118 119 120 121 122 124 123 125 126 127 128 129 130 131 132 133 134 136 135 137 138 139 140 141 142 143 144 145 146 148 147 149 150 151 152 153 154 155 156 157 158 160 159 161 162 163 164 165 166 167 168
  0  1  2  3  4  5  6  7  8  9 10 11 12 13 15 14 16 17 18 19 20 21 22 23 24 25 27 26 28 29 30 31 32 33 34 35 36 37 39 38 40 41 42 43 44 45 46 47 48 49 51 50 52 53 54 55 56 57 58 59 60 61 63 62 64 65 66 67 68 69 70 71 72 73 75 74 76 77 78 79 80 81 82 83 84 85 87 86 88 89 90 91 92 93 94 95 96 97 99 98 100 101 102 103 104 105 106 107 108 109 111 110 112 113 114 115 116 117 118 119 120 121 123 122 124 125 126 127 128 129 130 131 132 133 135 134 136 137 138 139 140 141 142 143 144 145 147 146 148 149 150 151 152 153 154 155 156 157 159 158 160 161 162 163 164 165 166 167 168
  0  1  2  3  4  5  6  7  8  9 10 11 12 14 13 15 16 17 18 19 20 21 22 23 24 26 25 27 28 29 30 31 32 33 34 35 36 38 37 39 40 41 42 43 44 45 46 47 48 50 49 51 52 53 54 55 56 57 58 59 60 62 61 63 64 65 66 67 68 69 70 71 72 74 73 75 76 77 78 79 80 81 82 83 84 86 85 87 88 89 90 91 92 93 94 95 96 98 97 99 100 101 102 103 104 105 106 107 108 110 109 111 112 113 114 115 116 117 118 119 120 122 121 123 124 125 126 127 128 129 130 131 132 134 133 135 136 137 138 139 140 141 142 143 144 146 145 147 148 149 150 151 152 153 154 155 156 158 157 159 160 161 162 163 164 165 166 167 168
  0  1  2  3  4  5  6  7  8  9 10 12 11 13 14 15 16 17 18 19 20 21 22 23 24 25 26 27 28 29 30 31 32 33 34 35 36 37 38 39 40 41 42 43 44 45 46 47 48 49 50 51 52 53 54 55 56 57 58 59 60 61 62 63 64 65 66 67 68 69 70 71 72 73 74 75 76 77 78 79 80 81 82 83 84 85 86 87 88 89 90 91 92 93 94 95 96 97 98 99 100 101 102 103 104 105 106 107 108 109 110 111 112 113 114 115 116 117 118 119 120 121 122 123 124 125 126 127 128 129 130 131 132 133 134 135 136 137 138 139 140 141 142 143 144 157 158 159 160 161 162 163 164 165 166 167 168 145 146 147 148 149 150 151 152 153 154 155 156
  0  1  2  3  4  5  6  7  8  9 11 10 12 13 14 15 16 17 18 19 20 21 22 23 24 25 26 27 28 29 30 31 32 33 34 35 36 37 38 39 40 41 42 43 44 45 46 47 48 49 50 51 52 53 54 55 56 57 58 59 60 61 62 63 64 65 66 67 68 69 70 71 72 73 74 75 76 77 78 79 80 81 82 83 84 85 86 87 88 89 90 91 92 93 94 95 96 97 98 99 100 101 102 103 104 105 106 107 108 109 110 111 112 113 114 115 116 117 118 119 120 121 122 123 124 125 126 127 128 129 130 131 132 145 146 147 148 149 150 151 152 153 154 155 156 133 134 135 136 137 138 139 140 141 142 143 144 157 158 159 160 161 162 163 164 165 166 167 168
  0  1  2  3  4  5  6  7  8 10  9 11 12 13 14 15 16 17 18 19 20 21 22 23 24 25 26 27 28 29 30 31 32 33 34 35 36 37 38 39 40 41 42 43 44 45 46 47 48 49 50 51 52 53 54 55 56 57 58 59 60 61 62 63 64 65 66 67 68 69 70 71 72 73 74 75 76 77 78 79 80 81 82 83 84 85 86 87 88 89 90 91 92 93 94 95 96 97 98 99 100 101 102 103 104 105 106 107 108 109 110 111 112 113 114 115 116 117 118 119 120 133 134 135 136 137 138 139 140 141 142 143 144 121 122 123 124 125 126 127 128 129 130 131 132 145 146 147 148 149 150 151 152 153 154 155 156 157 158 159 160 161 162 163 164 165 166 167 168
  0  1  2  3  4  5  6  7  9  8 10 11 12 13 14 15 16 17 18 19 20 21 22 23 24 25 26 27 28 29 30 31 32 33 34 35 36 37 38 39 40 41 42 43 44 45 46 47 48 49 50 51 52 53 54 55 56 57 58 59 60 61 62 63 64 65 66 67 68 69 70 71 72 73 74 75 76 77 78 79 80 81 82 83 84 85 86 87 88 89 90 91 92 93 94 95 96 97 98 99 100 101 102 103 104 105 106 107 108 121 122 123 124 125 126 127 128 129 130 131 132 109 110 111 112 113 114 115 116 117 118 119 120 133 134 135 136 137 138 139 140 141 142 143 144 145 146 147 148 149 150 151 152 153 154 155 156 157 158 159 160 161 162 163 164 165 166 167 168
  0  1  2  3  4  5  6  8  7  9 10 11 12 13 14 15 16 17 18 19 20 21 22 23 24 25 26 27 28 29 30 31 32 33 34 35 36 37 38 39 40 41 42 43 44 45 46 47 48 49 50 51 52 53 54 55 56 57 58 59 60 61 62 63 64 65 66 67 68 69 70 71 72 73 74 75 76 77 78 79 80 81 82 83 84 85 86 87 88 89 90 91 92 93 94 95 96 109 110 111 112 113 114 115 116 117 118 119 120 97 98 99 100 101 102 103 104 105 106 107 108 121 122 123 124 125 126 127 128 129 130 131 132 133 134 135 136 137 138 139 140 141 142 143 144 145 146 147 148 149 150 151 152 153 154 155 156 157 158 159 160 161 162 163 164 165 166 167 168
  0  1  2  3  4  5  7  6  8  9 10 11 12 13 14 15 16 17 18 19 20 21 22 23 24 25 26 27 28 29 30 31 32 33 34 35 36 37 38 39 40 41 42 43 44 45 46 47 48 49 50 51 52 53 54 55 56 57 58 59 60 61 62 63 64 65 66 67 68 69 70 71 72 73 74 75 76 77 78 79 80 81 82 83 84 97 98 99 100 101 102 103 104 105 106 107 108 85 86 87 88 89 90 91 92 93 94 95 96 109 110 111 112 113 114 115 116 117 118 119 120 121 122 123 124 125 126 127 128 129 130 131 132 133 134 135 136 137 138 139 140 141 142 143 144 145 146 147 148 149 150 151 152 153 154 155 156 157 158 159 160 161 162 163 164 165 166 167 168
  0  1  2  3  4  6  5  7  8  9 10 11 12 13 14 15 16 17 18 19 20 21 22 23 24 25 26 27 28 29 30 31 32 33 34 35 36 37 38 39 40 41 42 43 44 45 46 47 48 49 50 51 52 53 54 55 56 57 58 59 60 61 62 63 64 65 66 67 68 69 70 71 72 85 86 87 88 89 90 91 92 93 94 95 96 73 74 75 76 77 78 79 80 81 82 83 84 97 98 99 100 101 102 103 104 105 106 107 108 109 110 111 112 113 114 115 116 117 118 119 120 121 122 123 124 125 126 127 128 129 130 131 132 133 134 135 136 137 138 139 140 141 142 143 144 145 146 147 148 149 150 151 152 153 154 155 156 157 158 159 160 161 162 163 164 165 166 167 168
  0  1  2  3  5  4  6  7  8  9 10 11 12 13 14 15 16 17 18 19 20 21 22 23 24 25 26 27 28 29 30 31 32 33 34 35 36 37 38 39 40 41 42 43 44 45 46 47 48 49 50 51 52 53 54 55 56 57 58 59 60 73 74 75 76 77 78 79 80 81 82 83 84 61 62 63 64 65 66 67 68 69 70 71 72 85 86 87 88 89 90 91 92 93 94 95 96 97 98 99 100 101 102 103 104 105 106 107 108 109 110 111 112 113 114 115 116 117 118 119 120 121 122 123 124 125 126 127 128 129 130 131 132 133 134 135 136 137 138 139 140 141 142 143 144 145 146 147 148 149 150 151 152 153 154 155 156 157 158 159 160 161 162 163 164 165 166 167 168
  0  1  2  4  3  5  6  7  8  9 10 11 12 13 14 15 16 17 18 19 20 21 22 23 24 25 26 27 28 29 30 31 32 33 34 35 36 37 38 39 40 41 42 43 44 45 46 47 48 61 62 63 64 65 66 67 68 69 70 71 72 49 50 51 52 53 54 55 56 57 58 59 60 73 74 75 76 77 78 79 80 81 82 83 84 85 86 87 88 89 90 91 92 93 94 95 96 97 98 99 100 101 102 103 104 105 106 107 108 109 110 111 112 113 114 115 116 117 118 119 120 121 122 123 124 125 126 127 128 129 130 131 132 133 134 135 136 137 138 139 140 141 142 143 144 145 146 147 148 149 150 151 152 153 154 155 156 157 158 159 160 161 162 163 164 165 166 167 168
  0  1  3  2  4  5  6  7  8  9 10 11 12 13 14 15 16 17 18 19 20 21 22 23 24 25 26 27 28 29 30 31 32 33 34 35 36 49 50 51 52 53 54 55 56 57 58 59 60 37 38 39 40 41 42 43 44 45 46 47 48 61 62 63 64 65 66 67 68 69 70 71 72 73 74 75 76 77 78 79 80 81 82 83 84 85 86 87 88 89 90 91 92 93 94 95 96 97 98 99 100 101 102 103 104 105 106 107 108 109 110 111 112 113 114 115 116 117 118 119 120 121 122 123 124 125 126 127 128 129 130 131 132 133 134 135 136 137 138 139 140 141 142 143 144 145 146 147 148 149 150 151 152 153 154 155 156 157 158 159 160 161 162 163 164 165 166 167 168
  0  2  1  3  4  5  6  7  8  9 10 11 12 13 14 15 16 17 18 19 20 21 22 23 24 37 38 39 40 41 42 43 44 45 46 47 48 25 26 27 28 29 30 31 32 33 34 35 36 49 50 51 52 53 54 55 56 57 58 59 60 61 62 63 64 65 66 67 68 69 70 71 72 73 74 75 76 77 78 79 80 81 82 83 84 85 86 87 88 89 90 91 92 93 94 95 96 97 98 99 100 101 102 103 104 105 106 107 108 109 110 111 112 113 114 115 116 117 118 119 120 121 122 123 124 125 126 127 128 129 130 131 132 133 134 135 136 137 138 139 140 141 142 143 144 145 146 147 148 149 150 151 152 153 154 155 156 157 158 159 160 161 162 163 164 165 166 167 168
  1  0  2  3  4  5  6  7  8  9 10 11 12 36 35 34 33 32 31 30 29 28 27 26 25 24 23 22 21 20 19 18 17 16 15 14 13 48 47 46 45 44 43 42 41 40 39 38 37 60 59 58 57 56 55 54 53 52 51 50 49 72 71 70 69 68 67 66 65 64 63 62 61 84 83 82 81 80 79 78 77 76 75 74 73 96 95 94 93 92 91 90 89 88 87 86 85 108 107 106 105 104 103 102 101 100 99 98 97 120 119 118 117 116 115 114 113 112 111 110 109 132 131 130 129 128 127 126 125 124 123 122 121 144 143 142 141 140 139 138 137 136 135 134 133 156 155 154 153 152 151 150 149 148 147 146 145 168 167 166 165 164 163 162 161 160 159 158 157


SRG #1 of type 2 with parameters (v,k,λ μ) = (169,36,13,6): |Aut(G)| = 39
*111111111111111111111111111111111111000000000000000000000000000000000000000000000000000000000000000000000000000000000000000000000000000000000000000000000000000000000000  0
1*11111111111110000000000000000000000111111111111111111111100000000000000000000000000000000000000000000000000000000000000000000000000000000000000000000000000000000000000  1
11*1111111111001100000000000000000000110000000000000000000011111111111111111111000000000000000000000000000000000000000000000000000000000000000000000000000000000000000000  2
111*111111111000011000000000000000000001100000000000000000011000000000000000000111111111111111111000000000000000000000000000000000000000000000000000000000000000000000000  3
1111*11111111000000110000000000000000000011000000000000000000110000000000000000110000000000000000111111111111111100000000000000000000000000000000000000000000000000000000  4
11111*1111111000000001100000000000000000000110000000000000000001100000000000000001100000000000000110000000000000011111111111111000000000000000000000000000000000000000000  5
111111*111111000000000011000000000000000000001100000000000000000011000000000000000011000000000000001100000000000011000000000000111111111111000000000000000000000000000000  6
1111111*11111000000000000110000000000000000000011000000000000000000110000000000000000110000000000000011000000000000110000000000110000000000111111111100000000000000000000  7
11111111*1111000000000000001100000000000000000000110000000000000000001100000000000000001100000000000000110000000000001100000000001100000000110000000011111111000000000000  8
111111111*111000000000000000011000000000000000000001100000000000000000011000000000000000011000000000000001100000000000011000000000011000000001100000011000000111111000000  9
1111111111*11000000000000000000110000000000000000000011000000000000000000110000000000000000110000000000000011000000000000110000000000110000000011000000110000110000111100 10
11111111111*1000000000000000000001100000000000000000000110000000000000000001100000000000000001100000000000000110000000000001100000000001100000000110000001100001100110011 11
111111111111*000000000000000000000011000000000000000000001100000000000000000011000000000000000011000000000000001100000000000011000000000011000000001100000011000011001111 12
1100000000000*01110101010101010101010111010101010101010101000000000000000000000101000000000000000100000000000000000000000000000101000000000001000000000100000001000001010 13
11000000000000*1101010101010101010101100101011101010101010100000000100000000000010000000000100000000000000000001000001010000000000000001000000000001000001000100000000000 14
101000000000011*010101010101010101010100000001000000000000010101010111010101010010000000000100000000000000000001000001010000000000000001000000000001000001000100000000000 15
1010000000000110*01010101010101010101110000000000000000000001010101100101010101101000000000000000100000000000000000000000000000101000000000001000000000100000001000001010 16
10010000000001010*0101010101010101110000100010000000010000001010000000000000010011010101110011010000000001000000000000000000010000010000100100010000000000000000000000000 17
100100000000001010*011101010101010101001001000000000000001010000000010001000000100101011011100101000000100000000000000000100000010100000000000000000000000000000000100001 18
1000100000000101010*01110101010101010000001000000100001000000110000000000000001100001000000000010011010010110101010000000000000000000000000000100100000010000000100000000 19
10001000000000101010*0101010101011101000010000001001000000001100000000000100000010000000001000000110101101001010100100000000000000000100010000000000000000110000000000000 20
100001000000010101110*010101010101010000001010000000000001000000100010001000000000100000010000000100000100000000010100110111001010100000000000000000000000000000000100001 21
1000010000000010101110*01010101010101000000100000100001000000101000000000000001001001000000000010010000000000000011011001100110000000000000000100100000010000000100000000 22
10000010000001010101010*0101010111010010000000100000000010000000011000000000000000001010100000000000100000001100001000001000001100110011010010000000000000000000010000000 23
100000100000001010101010*010101110101000100001000000000100000000010000010000100000110000000000000001010000000000111000000000000011001100101000001000010000001000000000000 24
1000000100000101010101010*01110101010000010000001000100000000001000100100000000000000110000000100000001000100000000010000001000010000010001101001100100000000000000000100 25
10000001000000101010101010*0101010111001000000010010000000000000100010000001000000000100000010000000110010000000000100000000100100001000000010110011100000000010000000000 26
100000001000010101010101010*011101010000000100100010000000000000000001100010000000000001000001001001001100000000000001000010000001000000000010000010001010101000001000000 27
1000000010000010101010101110*01010101000010000000100100000000001000001100000000000000100100000100000000010100000000000100001000000100010001100000000010101010000000000100 28
10000000010001010101010101010*0101011000000000010000100000110000001000001000000000010000001000000000000001010010000010101000000000001000000000100000011000000101001010000 29
100000000100001010101010101110*010101000000100100001000000000000000001010010000000000000010001001001001000100000000000010010000000010000000001000010001000000010111000000 30
1000000000100101010101011101010*01010000100000000000001100000000000000010010100000100000000100000000010000001000101000000100000000000100000000011000010100001010000010100 31
10000000001000101010101110101010*0101010000000000000010010000000010000000100000000000010100010000000000000011100000000001010001000000010000010001000000010000100010101000 32
100000000001010101011101010101010*010000000000001001000010001000000000000100100000000000001000100010000000000010000100000000100000000100110000000010000001110000100100010 33
1000000000010010111010101010101010*01000000010000000010100000010000000000001010000000001000001000000000001000100000000000001010000010001100100010100000000100001000010001 34
10000000000011010101010101110101010*0001000000000010000000100000100000000001001000000000000010001000100010000000100000000000110000001000001000000001100000010010010001001 35
100000000000101010101010101011101010*000000000010000000001110000001000000000010000010000000000010000000000010011000010100000001000000000010000000000101000001000001010110 36
0110000000000111100000000000000000000*00101010101010101010110101010011010101010101000000000000000100000000000000000000000000000101000000000001000000000100000001000001010 37
01100000000001001000000100000000100000*1010101010101010111001010111100101010101000000010100000000000000000001100000000001000001000000000000010000000000000000000010000000 38
010100000000010000100000001000000001001*010101010111010101010000100000000001000100101011001110101000100010000000000000000000100000001000000000000000100000000010000000000 39
0101000000000010010000001000000100000100*01010101010101110101000000000010000100011110100110011010000010000000000101000000000000000000000000000001000010000001000000000000 40
01001000000001000000100001001000000000110*0101010101110101000101000000100000000010000100000000100100101101101010100000000001000000000010001000000000000000000000000000100 41
010010000000001000110100000000000000010010*010101010101011100010000010001000000100000000010000000011010110110101000000000100000010100000000000000000000000000000000100001 42
0100010000000100000000100001001000000011010*01110101010101000001000001000010000001000000000001001011001000000000001011001110110000000000000000000010000000000000001000000 43
01000100000000100100010000000000001001001010*0101010111010100010100000000000010000100001000000000100000001000000010100110011011000010000100100010000000000000000000000000 44
010000100000011100000000100000000000001101010*010101010101000000010100000000000010010000000100000001000000000001010001010000000011001101101000000001000001000100000000000 45
0100001000000010000000010001001000000100101110*01010101010100000001001000010000000001000000001001001101000000000001000000010000100110011010000000010000000000000001000000 46
01000001000001000000000000100100000010110101010*0101010101110000001010000000000000010100000000000000010000010010000110100000000100000000000010110011001000000000000010000 47
010000010000001000001000010000000100010010101010*011101010101000000100000100000000000010001000000010001000000000000110000000000010000100010101001100100000110000000000000 48
0100000010000100000100100000100000000011010101010*01011101000100000001000000001000001000100000010000000010000000010000100000000000100000000100100100010111010000100000000 49
01000000100000100000000000110000000101011010101010*0101010100000100000100001000000000001000010000000100110000000000001000000100001001000000010000000101010101010000000000 50
010000000100010000001000000000100100001101010101110*010101001000000000010100000000000000011000000010000000100000000100010000000000010100010001000000001000110010110000000 51
0100000001000010000000000100110000000100111010101010*01010100001000000101000000000000100001000100000000001100000000000001001000000001010001000100000010000000101001000100 52
01000000001001000100000000000000101000110101110101010*0101000010000000000100010000000001000010000000000001010000000000000010010000010010100100011000000010000100000101000 53
010000000010001000010010000000010000010010101010111010*010100100000000000010001000001000000100010000000000001000010000000100000000000100000000110100000110000010100010100 54
0100000000010100000000001000000100100011110101010101010*01000000000000010001100000100000000001000000010000000100101000000001000000000001000000001100010000101001000010001 55
01000000000100100000000100000000110001101010101010101010*0100000010000000000100000000010100000100000000000001110000000001000101000000000100010000010000001000000110100010 56
010000000000110000100100000000000000101101110101010101010*000000000010001000010000000000010000010000000100000001000000000100001010100000010000000000100000001000001100111 57
0100000000001010000000000000010000011100101010111010101010*10000001000000000001000010000000000001000000000010010100010100000010000000000001000000001001000010000010011001 58
00110000000000010010000000000100000011010000000100000000001*0101011011010101010100111011001100101000000000010010000010100000000000000000000000000000001000000000000010000 59
001100000000000011001000000000000100001010000000100100000000*010101100101110101011010100111011010010000000000000000100000000000000000100010000000000000000110000000000000 60
0010100000000001000110100000000000000100010000000100001000010*01010011010101011010001000000000010100101101001010110000000000000000000000000000100100000010000000100000000 61
00101000000000001101000000000000001000100010100000000100000010*0101100101010111100000001000000000011010011110101000000000000010000010000100100010000000000000000000000000 62
001001000000000100000010010010000000010001010000000010000001010*010011110101010001000100000000100010000000100000001011001101110000000010001000000000000000000000000000100 63
0010010000000000100001000010000000010011000010000010000000001010*01100101011101000100000000010000100100010000000010100110011101000001000000000000000100000000010000000000 64
00100010000000010000000110000000100001100000010000000000100101010*0011010101010000010010100000000001000000001100010000001000001011001100101010000000000000000000010000000 65
001000100000000010000001000001000000101000000011000000000011101010*100101010101000011000000000000000100000010010001010100000000100110011010000000000001000000000000010000 66
0010000100000011100000000100000000000010000001001000000000001010101*00101010101010000010000100000000001000000001000011010000000010000001000101001101100001000100000000000 67
00100001000000010010010000100000000001000010000100000000010101010100*1011101010000000100010000000000010100000000000100000100000110100000000010110011000000000000000100001 68
001000001000000100000000000110100000010000010010010000000001010101001*010111010000000000100001001001001010000000000000100010000000100000000100000010010101010000001000000 69
0010000010000000100000000101100000000010010000000010100000001011101100*01010101000000101000000100000000100100000000001000001000001000010001010000000001010101000000000100 70
00100000010000010000000010000011000001001000000000010001000101010100110*0101110000100000010000000000010000100000101000010000000000010000000001001000011000001010110000000 71
001000000100000010100100000001000000001000100000000010000100101010111010*010101000000000011000000000000101000000000000001100000010101000000000100000010000000101001100001 72
0010000000100001000010000000000011000100000000001001010000011101010011010*01010000000000001010000010000000010000000100000010000000000110010000001000000010110100000101000 73
00100000001000001000000000010011000000100001001000000010000010101011011010*0101000000000000101001001001000001000000000000110000000000100000000010010000100000010001010100 74
001000000001000100000000001000000011010100000000001000010001010111001101010*010000000000000011000000100010000100000000000001100000001001000000000100100000100011000010001 75
0010000000010000100000001000000101000010100000000000000110001010101100111010*01000100000000000100000010000000010101000000000100000000000100000001010010001001000100100010 76
00100000000010010100000000000000001011000000100000000100010101110100110101010*0000000001000000010000000001000001000000000000011000010000110100010000100000001000001000110 77
001000000000100010010010000000000001001000000000010000100010111010110010101010*000001000000000011000000000000000110000000000010000000000001000100101000010010000110001001 78
0001100000000100101100000000000000000101001000000000000000010010000000000000000*01101011001100101111010010110101000000000000000101000000000001000000000100000001000001010 79
00011000000000110100100000000000000000001100010000000000000011000001000000000000*1010100110111010100101101001011100001010000000000000001000000000001000001000100000000000 80
000101000000010011000010000000000000010010010000000000000000100100000000000000011*010100110011010110000000000000001011001100110101000000000001000000000100000001000001010 81
0001010000000000001001001000000100000001100010000000000100010000100000010000100100*01011001100101100010000000000111100110011001000000000000000001000010000001000000000000 82
00010010000000000100000010000100000010001000010100000000001110000110000000000000110*0100110011010001000000010010010010100000000011001100101000000000001000000000000010000 83
000100100000000000110011000000000000000100000010010000100001010000100000000000110010*011001100111000100000000000011000000000000100110011010000100100000010000000100000000 84
0001000100000000010000000110100000000000110000010000100000001001000010100000000011010*00110011110000010000100000000100000001000100000010001010110011000000000000000000100 85
00010001000000000010000101000000100000110000000010000000100100000101000000000001001010*1101100101000001000001100000010001000001010000000000111001100100000000000010000000 86
000100001000000001100000000100000010000100001000001001000001001000000010000001010010101*001100101000000101000000000001000000010001010000100110010000001010101000000000000 87
0001000010000000010000010000100010000010100000000100000010001000010001000000000011010110*10011010000000010001100000000101000001000100000000110000000010101010000010000000 88
00010000010000000110010000000010000000001010000000010000010010000000100110000000110101001*0011010000000100100000000000010100000010110000000001000000001000000010110100001 89
000100000100000000101000000001000100000100000000100110000001100000000000110000010010101100*100101010000001000000000100001000000000001100010000100000010000110101001000000 90
0001000000100011001000000000000100000001000001000000001000010000000100000010000110101011001*00101000000000001001000001010100000000000101000000010001000101000110000010100 91
00010000001000000100000000100000100100011000000000100100000010001000000001010000110101001100*1010000100010010000000000000010100000001010000000001000100010000110000101000 92
000100000001000001000000000100100010000010010010000000010000100000000100001100001101010011001*011001001000000100000000000011000000000001000000000110000000100001001010001 93
0001000000010000001000000100100001000001010000000000100010010001000000100000100100101111001100*01000000000100010000000000001100000000010101000000010000001000000100100110 94
00010000000010000101001000000000000010001000000001000010010011000000000000000110110111001100110*0000000000000001010000000000001000000000010000100100100010001000101000110 95
000100000000100000100000000100100001000100010010000000000011000000000100001000110010101100110110*001001000000000100000000010010000000000001000000011000000010000011001001 96
0000110000000100100011000000000000000100010010000000000000000100100000000000000111100000000000000*00101101001010110100110011001101000000000001000000000100000001000001010 97
00001100000000000001101000000000010000000011000010010000000010110000000001000001010000000010000000*1010010110101001111001100110000000100010000000000000000110000000000000 98
000010100000000000010000100100100000000000110110000000000000001001000100001000010001000000000100101*011010110101010000000010000011001100101000000010000000000000001000000 99
0000101000000000000010010010000000010001010000100010000000000100101000000001000010001000000010000100*01111001010101000000000100100111011010000000000100000000010000000000 100
00001001000000000001000010100001000000001010000100000001000000100000100100001001001001000000000000110*0010110101101100000000000100000000000010111011010000001000000000000 101
000010010000000000001000010100100000000001010010100000000000010000010100001000001000001000000100110110*101001010100010000010000010000000000101001110100000000000001000000 102
0000100010000000001011000001000000000000011000000010000001000100000010101000000010000001010000000100101*01001010100001000100000011100000000010000000001010101000000100001 103
00001000100000000001000000101000000100010010000001100000000000101000010000010001000000001000100000111100*0110101000000100000100000101000000100000000110101010010000000000 104
000010000100000001001000000001000010000001001000000011000000011000000000100001001000000100100000010010110*001010100000001000010000011000100100110000010000000101001000000 105
0000100001000000000100000100101000000000011000000001100000000011000000110000000100000100010000100011010010*10101000000010001000000010010001001000000001000000010110000100 106
00001000001000000001000000000100100010000010000100000100001100100010000001000001000100000000100000110100101*0111000010100010000000000010000000001000001010000100000111000 107
000010000010000000001001000000011000001001000000000000101000010001000000001000001000001010010000010010110100*110100000001100001000000100000010010000000100000010010010100 108
0000100000010000000100010000000010100010001000000000000110000010010000000001000100000010100001000011010010111*01000000001001001000000001000010000100000000100001010010001 109
00001000000100000000100000000100010010000100000100000000101101000010000000001000100100000000001001001011010110*0100010100000100000000000100000000010001001000000100110010 110
000010000000101100010000000000000000100000100100000000000100001000010000000001011000000000010001001101001011010*000001010000001000000001010000000001100001001100001000110 111
0000100000001000000010001000000100010000110000000000000100100100000000010000101010100000000000001100111101001010*01000000000010000000000001000001001010000011000010001001 112
00000110000000000001011010000000000000000000110001000010000001001100000000000010001110000000000101010000000000000*0100110011001011001100101000100100000010000000100000000 113
000001100000000000000011100000010000000010010010000000010000000100100001000010000110100000000000001011000000000010*011001100110100110011010000001000010000001000000000000 114
0000010100000000000011000010000001000000000010011001000000001000100010000100000000100100001000000110010000000000010*00110011001100000100010010110011000000110000000000000 115
00000101000000000000001001000100000010000001000110000000001100010011000000000000010100100000000000100010000100100010*1101100110010000000000101001100101000000000000010000 116
000001001000001100000010000100000000000000010100001000000000000100010010000000001100000100010000001000010000000100101*011100110001000001000010000001001011101100000000000 117
0000010010000000000001000000110000001000000010010100000000110000101001000000000000110000100000000100000010010010010110*10011001000100000000100000000011101010000000010000 118
00000100010000110000010000000010000000000000110000010000000000001001000100000000101000000101000001000000001000010101011*0011001000010001000001000001001001000110110000000 119
000001000100000000000011000001001000001000010000000010001000000101000000100000000100001010100000001000000100110000101100*100111000001000000010100000010000000101011000000 120
0000010000100000001001100000000100000000001100000000001001000001000010001010000001000000010100000010000100001000001011001*00110010100100000000010000000100000010000110101 121
00000100001000000000010000010010100000000001101000000100000000001000010001100000001000000000110011010010000100000101001100*1001000000010000000001010000010000100001101000 122
000001000001000000000100010010000010000001001000000010010000000110000010000100000010010000000110010000000010010001010011001*001000000011001000000100000000100001000010101 123
0000010000010000000000100010000001010001000100000010000010000001100000000001100001000000000010100010100010000010001011001100*10000001000100000000010100001000010100100010 124
00000100000010000100001000000000001100000001100000000100001000110000000000000110010000010000000010100000010000001010110011001*0000010000101100010001000000010000010001001 125
000001000000100000000101000000001000101000001000000000001100000011000000000001000010001010000001010000000000110101010011101100*000000000010010000000100000001000011000110 126
0000001100000100100000010010000000000100000000110000000000000000001010000000000101001100000000000100110000000000001100000000000*01110011010011110011000100000001000001010 127
00000011000000000010010011000000000000000010010010000000010000000101100010000000000100100100000000010011000000000100100001000000*1101100101101001100100000000000000100001 128
000000101000010010000000100100000000010000000100001000000000000001000010000000010101000100000000010100010000000001000100000000011*001100101011000000001110101001000001010 129
0000001010000000001001010000100000000000001000100100000001000000001011001000000000001000110000000000100110000000001000100100000110*10011010100000000010101010000000100001 130
00000010010000000100000100000010001000000000101000010100000000100010000100000100000010010100000000001000011000000010000100000101001*0011110101010000001000000010110000000 131
000000100100000000000000101001000001000100000100001010000000000011000000100100000001000000101000000110001100000001000000100010001100*100101000100000110000000111001000000 132
0000001000100000000010001000000101000000000001001001001000001000010000000110000000010000001100000011000000001000010100000100000011001*00111000010000000100110010000010100 133
00000010001000000000000101001000100000000100001000001100000000010010001001000000000011000000101000001000001100000010000000110001001100*1011000001000000010000100000101100 134
000000100001001100000001000000000010000000000110000000010000000000110000000100001000100000010100000010000000010100100101000100010011001*010000000101000001100101000010001 135
0000001000010000010000001000000001100000000011000000010010000010010000000000110000010001000000100001000001000010010000000000110011011100*01100010010000001000000100100010 136
00000010000010000000100100000000010010000000001010010000010010000010000001000100000010000010000100101000000000010011000000000011001101110*0000000000100000111000001000110 137
000000100000100000000000110010000001000001000100000010000010000101000010000000100001010000000010100100000010000011000000000101001100111010*000000001000000010000010001101 138
0000000110000000010000000100100000100000000010001100010000000010000101000000010000000011100000000000001011000000000010100000010010110000100*01011100110101010000000000000 139
00000001100000000000000100110000100000100000000100100000100000000100101000000000000001111000000000000101000011000001010010000011010000000000*0110011001010101000010000000 140
000000010100010010000000010000100000010000000000100100000000000000010001000000010100001001000000010000100010000000001001000000011101000000010*001100101100000011110001010 141
0000000101000000000100100010010000000000000000010100101000000100000010001000001000001100001000010000010001000000010100001000000100001000000010*10111010010000101101000000 142
00000001001000000100000000100001001000000000100100000110000000100000100000100100000001010001000000000100010010000001000001000101000101001001101*0011000100000010000010100 143
000000010010000000000000110000011000000010000000100001010000000000010001010010000010001000001000000001100001000010101000001000001000001000010100*100110010001100000101000 144
0000000100010000000100100100000000100000000000001100001100000100000100000001001000001010000001010000001000000100010010000001000010000001000101101*00100010100001100010001 145
00000001000100000000000000110010010000000001001100000000100000000000110000101000000001000000011010010110000000100001000000101001000000001000101100*1000001000000101100010 146
000000010000101100000000001000000001000000000101000000000010000000011000000000101000010000010000100001000000000110010101000001010000000100101011001*000001010100010001001 147
0000000100001000000000000110000000011001000000001010000001000000100100000001010000000010000010010000101010000001000010000000101010001000010101001100*00000001010001000110 148
00000000110000000000000010001101000000001000000001001001000000000000010110001000001000001010000000000100110000001010001010000000001010000001001010000*0101011101001000000 149
000000001100000000000000000101100000100000000001001100000011000000100011000000000001000101000000000000010011001000001111000000000101000000001100000000*010101010110010000 150
0000000010100100100000000000100100000100000000000100001000000000000001000010000101000000100100000100000010001000000000100100000101100100000101010000010*01010011000011110 151
00000000101000000001001000010000100000000000000001100110000001000000001001000010000010010000100100000001000100000100010000100000010000100000101011000010*0101100100101000 152
000000001001001100000000000010000100000000000100010000001000000000010100000010001000000010010010000000001000001100000111000010000010000110010000001101010*010100100100010 153
0000000010010000000010000001000001100000000000001011000100001000000000100101000000000001001001000010000100000100000101000001000001000101010010000100001010*11001000010001 154
00000000100010000000100000001000010100000000000011010000001010000000010001000010000000001010000010100000100000001001001000000100001001000111000000010101011*0000010001001 155
000000001000100000000000100100010000100010000000001000010100000000000011000011000010000100000001000001010000000110100100000000100100000001001000100011101010*000001000110 156
0000000001100011000000000000010010000000000001000000110000000000000100001100000010000000001110000000000001010001000001011010000000001011000000101001010011000*01001101000 157
00000000011000000000000000100011000100010000000000110010000000001000000100110000000000000101100000001000101010000000000101001000000111000000010100001011000000*0110010100 158
000000000101010010000000000001000010010000000000000010010000000000000000100100010100000000100100010000000100010000000000100100010100100100000110010001010010010*001011011 159
0000000001010000000100100000001001000000000000000101001010000100000000010000101000001000010000110000000000100010010000010000100000010000100001100110001011000010*10100010 160
00000000010010000000000100000010100100100000000000010000101000000100000100000010000000101100000010000000001011001000000110000110000100000010110000010010000100101*0001001 161
000000000100100000000000000101100000100000010010000010000100000000000100101001000000000000100101100100100100000100000000101000100000100001000010001011000000110100*000110 162
0000000000110000001001000000000011000000001000000000010011000000000010001100100000000000010010100000000100010010000000000110100010100010100000001010000011000100100*01011 163
00000000001100000000000000000101001010000000000100000011001100000010000000110000000100000001010000000000000111100000101001010000000001010000000101000011001000110000*0101 164
000000000010110010000000000000001001010000000000000001000010000000000000010000110100000000001000110000000001000010000000001001010100001000100100100100011001010101010*011 165
0000000000101000000000000100100100001000010000000000101001000001000000100010010000000100000100110000000000101001000000000101001000000110011000010000100100001010001010*10 166
00000000000111001000000000000000010011000000000000000000110000000000000000001101010000000000001101000000000000110000000000001011010000001100010000101001010010011011011*0 167
000000000001100000100100000000000011000000100000000000010110000000001000100100100000000001000100100000010000010010000000010101001010000100100000010100000011000101011100* 168

Vertex orbits and group generators of graph:
  0  1  2  1  4  4  0  2  0  4  2 11  1 11  0  4  2  0  4  1  4  2 11  1  1  2  4  1  1  4  0  0  1  2  2  4  2  4  4  0  2  2  2  4 11  0  4  0  4  4  2  2  1  1  1  1  0  2  0  1  1  2  0  0  2  2  4  1 11  0  1  1  0  1 11  0  4  4  0  1  2  2  2  4  2  4  4  0 11  4 11  4  0  1  0  0  2  0  1  2 11  0  1  0  4  1  0  2  0  4  1 11  4  4  0  0  2  4  1  1  0  1  0  4  1  2  1  1  0  1  1  4  1  4  2  2  2  0 11  4  2  0  2  1 11  0  4  1  1  2 11  2  4  2  2  0  4  0  2  4  1  2  2  4  0  4  4  0  1
  0  1  2  3  4  5  6  7  8  9 10 11 12 13 14 15 16 17 18 19 20 21 22 23 24 25 26 27 28 29 30 31 32 33 34 35 36 37 38 39 40 41 42 43 44 45 46 47 48 49 50 51 52 53 54 55 56 57 58 59 60 61 62 63 64 65 66 67 68 69 70 71 72 73 74 75 76 77 78 79 80 81 82 83 84 85 86 87 88 89 90 91 92 93 94 95 96 97 98 99 100 101 102 103 104 105 106 107 108 109 110 111 112 113 114 115 116 117 118 119 120 121 122 123 124 125 126 127 128 129 130 131 132 133 134 135 136 137 138 139 140 141 142 143 144 145 146 147 148 149 150 151 152 153 154 155 156 157 158 159 160 161 162 163 164 165 166 167 168
  0  1  2  3  4  5  6  7  8  9 10 11 12 13 14 15 16 17 18 19 20 21 22 23 24 25 26 27 28 29 30 31 32 33 34 35 36 37 38 39 40 41 42 43 44 45 46 47 48 49 50 51 52 53 54 55 56 57 58 59 60 61 62 63 64 65 66 67 68 69 70 71 72 73 74 75 76 77 78 79 80 81 82 83 84 85 86 87 88 89 90 91 92 93 94 95 96 97 98 99 100 101 102 103 104 105 106 107 108 109 110 111 112 113 114 115 116 117 118 119 120 121 122 123 124 125 126 127 128 129 130 131 132 133 134 135 136 137 138 139 140 141 142 143 144 145 146 147 148 149 150 151 152 153 154 155 156 157 158 159 160 161 162 163 164 165 166 167 168
 31 55 149 24 156 76 101 82 114 112 40 144 71 13 164 29 151  0 133 27 166 33 74 19 143 21 91 23 121 35 108 17 54 25 10 15 158 159 49 45 34 57 154 38 11 47 109 39 123 43 135 41 168  1 93 53 145 51 75 132 28 162  8 72 153 142 104 118 90 120 130 105 155 52 88 157 139  9 69 129 36 16 136 26 99 18 113  6 22 20 138 83 14 32 128 30 65 167 70 140 111 87 126 137 117 12 103 50 95 152 148 150 77 146 62 94 64 66 124 110 78 60 56 163 67  2 160 79 115 127 98  4 147 85 42 107  7 106 68  5 84 97 96  3 44 122 86 59 119 125 100 81 46 116 134 63 131 58 80 165 102 61 161 48 92 37 89 141 73

