    1: |Aut(M)| = 4,  Cycles:3(14) 
 "    0   1    2   3    4   5    6   7    8   9   10  11   12  13 "
 "    0   2    1   4    3   6    5   8    7  10    9  12   11  13 "
 "    0   3    1   5    2   7    4   9    6  11    8  13   10  12 "
    2: |Aut(M)| = 2,  Cycles:3(14) 
 "    0   1    2   3    4   5    6   7    8   9   10  11   12  13 "
 "    0   2    1   4    3   6    5   8    7  10    9  12   11  13 "
 "    0   3    1   5    2   7    4   9    6  12    8  11   10  13 "
    3: |Aut(M)| = 4,  Cycles:3(14) 
 "    0   1    2   3    4   5    6   7    8   9   10  11   12  13 "
 "    0   2    1   4    3   6    5   8    7  10    9  12   11  13 "
 "    0   3    1   5    2   7    4   9    6  13    8  11   10  12 "
    4: |Aut(M)| = 1,  Cycles:3(14) 
 "    0   1    2   3    4   5    6   7    8   9   10  11   12  13 "
 "    0   2    1   4    3   6    5   8    7  10    9  12   11  13 "
 "    0   3    1   5    2   7    4  10    6   9    8  13   11  12 "
    5: |Aut(M)| = 1,  Cycles:3(14) 
 "    0   1    2   3    4   5    6   7    8   9   10  11   12  13 "
 "    0   2    1   4    3   6    5   8    7  10    9  12   11  13 "
 "    0   3    1   5    2   7    4  10    6  12    8  11    9  13 "
    6: |Aut(M)| = 1,  Cycles:3(14) 
 "    0   1    2   3    4   5    6   7    8   9   10  11   12  13 "
 "    0   2    1   4    3   6    5   8    7  10    9  12   11  13 "
 "    0   3    1   5    2   7    4  10    6  12    8  13    9  11 "
    7: |Aut(M)| = 2,  Cycles:3(14) 
 "    0   1    2   3    4   5    6   7    8   9   10  11   12  13 "
 "    0   2    1   4    3   6    5   8    7  10    9  12   11  13 "
 "    0   3    1   5    2   7    4  10    6  13    8  12    9  11 "
    8: |Aut(M)| = 2,  Cycles:3(14) 
 "    0   1    2   3    4   5    6   7    8   9   10  11   12  13 "
 "    0   2    1   4    3   6    5   8    7  10    9  12   11  13 "
 "    0   3    1   5    2   7    4  11    6   9    8  12   10  13 "
    9: |Aut(M)| = 1,  Cycles:3(14) 
 "    0   1    2   3    4   5    6   7    8   9   10  11   12  13 "
 "    0   2    1   4    3   6    5   8    7  10    9  12   11  13 "
 "    0   3    1   5    2   7    4  11    6  12    8  10    9  13 "
   10: |Aut(M)| = 1,  Cycles:3(14) 
 "    0   1    2   3    4   5    6   7    8   9   10  11   12  13 "
 "    0   2    1   4    3   6    5   8    7  10    9  12   11  13 "
 "    0   3    1   5    2   7    4  11    6  13    8  12    9  10 "
   11: |Aut(M)| = 1,  Cycles:3(14) 
 "    0   1    2   3    4   5    6   7    8   9   10  11   12  13 "
 "    0   2    1   4    3   6    5   8    7  10    9  12   11  13 "
 "    0   3    1   5    2   7    4  12    6  11    8  10    9  13 "
   12: |Aut(M)| = 2,  Cycles:3(14) 
 "    0   1    2   3    4   5    6   7    8   9   10  11   12  13 "
 "    0   2    1   4    3   6    5   8    7  10    9  12   11  13 "
 "    0   3    1   5    2   7    4  12    6  11    8  13    9  10 "
   13: |Aut(M)| = 2,  Cycles:3(14) 
 "    0   1    2   3    4   5    6   7    8   9   10  11   12  13 "
 "    0   2    1   4    3   6    5   8    7  10    9  12   11  13 "
 "    0   3    1   5    2   8    4   7    6  11    9  13   10  12 "
   14: |Aut(M)| = 1,  Cycles:3(14) 
 "    0   1    2   3    4   5    6   7    8   9   10  11   12  13 "
 "    0   2    1   4    3   6    5   8    7  10    9  12   11  13 "
 "    0   3    1   5    2   8    4   7    6  12    9  11   10  13 "
   15: |Aut(M)| = 2,  Cycles:3(14) 
 "    0   1    2   3    4   5    6   7    8   9   10  11   12  13 "
 "    0   2    1   4    3   6    5   8    7  10    9  12   11  13 "
 "    0   3    1   5    2   8    4   7    6  13    9  11   10  12 "
   16: |Aut(M)| = 1,  Cycles:3(14) 
 "    0   1    2   3    4   5    6   7    8   9   10  11   12  13 "
 "    0   2    1   4    3   6    5   8    7  10    9  12   11  13 "
 "    0   3    1   5    2   8    4  10    6   9    7  13   11  12 "
   17: |Aut(M)| = 2,  Cycles:3(14) 
 "    0   1    2   3    4   5    6   7    8   9   10  11   12  13 "
 "    0   2    1   4    3   6    5   8    7  10    9  12   11  13 "
 "    0   3    1   5    2   8    4  10    6  11    7  12    9  13 "
   18: |Aut(M)| = 2,  Cycles:3(14) 
 "    0   1    2   3    4   5    6   7    8   9   10  11   12  13 "
 "    0   2    1   4    3   6    5   8    7  10    9  12   11  13 "
 "    0   3    1   5    2   8    4  10    6  12    7  11    9  13 "
   19: |Aut(M)| = 1,  Cycles:3(14) 
 "    0   1    2   3    4   5    6   7    8   9   10  11   12  13 "
 "    0   2    1   4    3   6    5   8    7  10    9  12   11  13 "
 "    0   3    1   5    2   8    4  10    6  13    7   9   11  12 "
   20: |Aut(M)| = 1,  Cycles:3(14) 
 "    0   1    2   3    4   5    6   7    8   9   10  11   12  13 "
 "    0   2    1   4    3   6    5   8    7  10    9  12   11  13 "
 "    0   3    1   5    2   8    4  11    6   9    7  13   10  12 "
   21: |Aut(M)| = 1,  Cycles:3(14) 
 "    0   1    2   3    4   5    6   7    8   9   10  11   12  13 "
 "    0   2    1   4    3   6    5   8    7  10    9  12   11  13 "
 "    0   3    1   5    2   8    4  11    6  12    7   9   10  13 "
   22: |Aut(M)| = 1,  Cycles:3(14) 
 "    0   1    2   3    4   5    6   7    8   9   10  11   12  13 "
 "    0   2    1   4    3   6    5   8    7  10    9  12   11  13 "
 "    0   3    1   5    2   8    4  12    6  11    7   9   10  13 "
   23: |Aut(M)| = 4,  Cycles:3(14) 
 "    0   1    2   3    4   5    6   7    8   9   10  11   12  13 "
 "    0   2    1   4    3   6    5   8    7  10    9  12   11  13 "
 "    0   3    1   5    2   8    4  13    6  10    7   9   11  12 "
   24: |Aut(M)| = 4,  Cycles:3(14) 
 "    0   1    2   3    4   5    6   7    8   9   10  11   12  13 "
 "    0   2    1   4    3   6    5   8    7  10    9  12   11  13 "
 "    0   3    1   5    2   9    4   7    6  11    8  13   10  12 "
   25: |Aut(M)| = 4,  Cycles:3(14) 
 "    0   1    2   3    4   5    6   7    8   9   10  11   12  13 "
 "    0   2    1   4    3   6    5   8    7  10    9  12   11  13 "
 "    0   3    1   5    2   9    4   7    6  13    8  11   10  12 "
   26: |Aut(M)| = 1,  Cycles:3(14) 
 "    0   1    2   3    4   5    6   7    8   9   10  11   12  13 "
 "    0   2    1   4    3   6    5   8    7  10    9  12   11  13 "
 "    0   3    1   5    2   9    4  10    6   8    7  13   11  12 "
   27: |Aut(M)| = 2,  Cycles:3(14) 
 "    0   1    2   3    4   5    6   7    8   9   10  11   12  13 "
 "    0   2    1   4    3   6    5   8    7  10    9  12   11  13 "
 "    0   3    1   5    2   9    4  10    6  11    7  12    8  13 "
   28: |Aut(M)| = 6,  Cycles:3(14) 
 "    0   1    2   3    4   5    6   7    8   9   10  11   12  13 "
 "    0   2    1   4    3   6    5   8    7  10    9  12   11  13 "
 "    0   3    1   5    2   9    4  10    6  11    7  13    8  12 "
   29: |Aut(M)| = 1,  Cycles:3(14) 
 "    0   1    2   3    4   5    6   7    8   9   10  11   12  13 "
 "    0   2    1   4    3   6    5   8    7  10    9  12   11  13 "
 "    0   3    1   5    2   9    4  11    6   8    7  13   10  12 "
   30: |Aut(M)| = 1,  Cycles:3(14) 
 "    0   1    2   3    4   5    6   7    8   9   10  11   12  13 "
 "    0   2    1   4    3   6    5   8    7  10    9  12   11  13 "
 "    0   3    1   5    2   9    4  11    6  13    7   8   10  12 "
   31: |Aut(M)| = 1,  Cycles:3(14) 
 "    0   1    2   3    4   5    6   7    8   9   10  11   12  13 "
 "    0   2    1   4    3   6    5   8    7  10    9  12   11  13 "
 "    0   3    1   5    2   9    4  12    6  11    7   8   10  13 "
   32: |Aut(M)| = 4,  Cycles:3(14) 
 "    0   1    2   3    4   5    6   7    8   9   10  11   12  13 "
 "    0   2    1   4    3   6    5   8    7  10    9  12   11  13 "
 "    0   3    1   5    2   9    4  13    6  10    7   8   11  12 "
   33: |Aut(M)| = 2,  Cycles:3(14) 
 "    0   1    2   3    4   5    6   7    8   9   10  11   12  13 "
 "    0   2    1   4    3   6    5   8    7  10    9  12   11  13 "
 "    0   3    1   5    2   9    4  13    6  11    7   8   10  12 "
   34: |Aut(M)| = 2,  Cycles:3(14) 
 "    0   1    2   3    4   5    6   7    8   9   10  11   12  13 "
 "    0   2    1   4    3   6    5   8    7  10    9  12   11  13 "
 "    0   3    1   5    2  10    4  12    6   8    7  13    9  11 "
   35: |Aut(M)| = 1,  Cycles:3(14) 
 "    0   1    2   3    4   5    6   7    8   9   10  11   12  13 "
 "    0   2    1   4    3   6    5   8    7  10    9  12   11  13 "
 "    0   3    1   5    2  10    4  12    6   9    7  13    8  11 "
   36: |Aut(M)| = 4,  Cycles:3(14) 
 "    0   1    2   3    4   5    6   7    8   9   10  11   12  13 "
 "    0   2    1   4    3   6    5   8    7  10    9  12   11  13 "
 "    0   3    1   5    2  10    4  12    6  11    7   9    8  13 "
   37: |Aut(M)| = 2,  Cycles:3(14) 
 "    0   1    2   3    4   5    6   7    8   9   10  11   12  13 "
 "    0   2    1   4    3   6    5   8    7  10    9  12   11  13 "
 "    0   3    1   5    2  10    4  12    6  13    7   9    8  11 "
   38: |Aut(M)| = 1,  Cycles:3(14) 
 "    0   1    2   3    4   5    6   7    8   9   10  11   12  13 "
 "    0   2    1   4    3   6    5   8    7  10    9  12   11  13 "
 "    0   3    1   5    2  10    4  13    6   8    7  12    9  11 "
   39: |Aut(M)| = 1,  Cycles:3(14) 
 "    0   1    2   3    4   5    6   7    8   9   10  11   12  13 "
 "    0   2    1   4    3   6    5   8    7  10    9  12   11  13 "
 "    0   3    1   5    2  10    4  13    6  12    7   8    9  11 "
   40: |Aut(M)| = 1,  Cycles:3(14) 
 "    0   1    2   3    4   5    6   7    8   9   10  11   12  13 "
 "    0   2    1   4    3   6    5   8    7  10    9  12   11  13 "
 "    0   3    1   5    2  11    4  13    6   9    7  12    8  10 "
   41: |Aut(M)| = 2,  Cycles:3(14) 
 "    0   1    2   3    4   5    6   7    8   9   10  11   12  13 "
 "    0   2    1   4    3   6    5   8    7  10    9  12   11  13 "
 "    0   3    1   5    2  11    4  13    6  12    7   9    8  10 "
   42: |Aut(M)| = 4,  Cycles:3(14) 
 "    0   1    2   3    4   5    6   7    8   9   10  11   12  13 "
 "    0   2    1   4    3   6    5   8    7  10    9  12   11  13 "
 "    0   3    1   5    2  12    4  10    6  11    7   9    8  13 "
   43: |Aut(M)| = 6,  Cycles:3(14) 
 "    0   1    2   3    4   5    6   7    8   9   10  11   12  13 "
 "    0   2    1   4    3   6    5   8    7  10    9  12   11  13 "
 "    0   3    1   5    2  12    4  11    6  10    7   8    9  13 "
   44: |Aut(M)| = 1,  Cycles:3(14) 
 "    0   1    2   3    4   5    6   7    8   9   10  11   12  13 "
 "    0   2    1   4    3   6    5   8    7  10    9  12   11  13 "
 "    0   3    1   6    2   5    4   9    7  11    8  13   10  12 "
   45: |Aut(M)| = 2,  Cycles:3(14) 
 "    0   1    2   3    4   5    6   7    8   9   10  11   12  13 "
 "    0   2    1   4    3   6    5   8    7  10    9  12   11  13 "
 "    0   3    1   6    2   5    4   9    7  12    8  11   10  13 "
   46: |Aut(M)| = 2,  Cycles:3(14) 
 "    0   1    2   3    4   5    6   7    8   9   10  11   12  13 "
 "    0   2    1   4    3   6    5   8    7  10    9  12   11  13 "
 "    0   3    1   6    2   5    4   9    7  13    8  10   11  12 "
   47: |Aut(M)| = 1,  Cycles:3(14) 
 "    0   1    2   3    4   5    6   7    8   9   10  11   12  13 "
 "    0   2    1   4    3   6    5   8    7  10    9  12   11  13 "
 "    0   3    1   6    2   5    4   9    7  13    8  11   10  12 "
   48: |Aut(M)| = 1,  Cycles:3(14) 
 "    0   1    2   3    4   5    6   7    8   9   10  11   12  13 "
 "    0   2    1   4    3   6    5   8    7  10    9  12   11  13 "
 "    0   3    1   6    2   5    4  10    7   9    8  13   11  12 "
   49: |Aut(M)| = 2,  Cycles:3(14) 
 "    0   1    2   3    4   5    6   7    8   9   10  11   12  13 "
 "    0   2    1   4    3   6    5   8    7  10    9  12   11  13 "
 "    0   3    1   6    2   5    4  10    7  12    8  11    9  13 "
   50: |Aut(M)| = 1,  Cycles:3(14) 
 "    0   1    2   3    4   5    6   7    8   9   10  11   12  13 "
 "    0   2    1   4    3   6    5   8    7  10    9  12   11  13 "
 "    0   3    1   6    2   5    4  10    7  12    8  13    9  11 "
   51: |Aut(M)| = 1,  Cycles:3(14) 
 "    0   1    2   3    4   5    6   7    8   9   10  11   12  13 "
 "    0   2    1   4    3   6    5   8    7  10    9  12   11  13 "
 "    0   3    1   6    2   5    4  10    7  13    8  12    9  11 "
   52: |Aut(M)| = 2,  Cycles:3(14) 
 "    0   1    2   3    4   5    6   7    8   9   10  11   12  13 "
 "    0   2    1   4    3   6    5   8    7  10    9  12   11  13 "
 "    0   3    1   6    2   5    4  11    7   8    9  13   10  12 "
   53: |Aut(M)| = 1,  Cycles:3(14) 
 "    0   1    2   3    4   5    6   7    8   9   10  11   12  13 "
 "    0   2    1   4    3   6    5   8    7  10    9  12   11  13 "
 "    0   3    1   6    2   5    4  11    7  12    8  10    9  13 "
   54: |Aut(M)| = 1,  Cycles:3(14) 
 "    0   1    2   3    4   5    6   7    8   9   10  11   12  13 "
 "    0   2    1   4    3   6    5   8    7  10    9  12   11  13 "
 "    0   3    1   6    2   5    4  11    7  13    8  12    9  10 "
   55: |Aut(M)| = 1,  Cycles:3(14) 
 "    0   1    2   3    4   5    6   7    8   9   10  11   12  13 "
 "    0   2    1   4    3   6    5   8    7  10    9  12   11  13 "
 "    0   3    1   6    2   5    4  12    7   9    8  11   10  13 "
   56: |Aut(M)| = 1,  Cycles:3(14) 
 "    0   1    2   3    4   5    6   7    8   9   10  11   12  13 "
 "    0   2    1   4    3   6    5   8    7  10    9  12   11  13 "
 "    0   3    1   6    2   5    4  12    7  11    8  13    9  10 "
   57: |Aut(M)| = 1,  Cycles:3(14) 
 "    0   1    2   3    4   5    6   7    8   9   10  11   12  13 "
 "    0   2    1   4    3   6    5   8    7  10    9  12   11  13 "
 "    0   3    1   6    2   5    4  13    7   8    9  10   11  12 "
   58: |Aut(M)| = 1,  Cycles:3(14) 
 "    0   1    2   3    4   5    6   7    8   9   10  11   12  13 "
 "    0   2    1   4    3   6    5   8    7  10    9  12   11  13 "
 "    0   3    1   6    2   5    4  13    7   8    9  11   10  12 "
   59: |Aut(M)| = 1,  Cycles:3(14) 
 "    0   1    2   3    4   5    6   7    8   9   10  11   12  13 "
 "    0   2    1   4    3   6    5   8    7  10    9  12   11  13 "
 "    0   3    1   6    2   5    4  13    7   9    8  10   11  12 "
   60: |Aut(M)| = 2,  Cycles:3(14) 
 "    0   1    2   3    4   5    6   7    8   9   10  11   12  13 "
 "    0   2    1   4    3   6    5   8    7  10    9  12   11  13 "
 "    0   3    1   6    2   8    4   7    5  12    9  11   10  13 "
   61: |Aut(M)| = 1,  Cycles:3(14) 
 "    0   1    2   3    4   5    6   7    8   9   10  11   12  13 "
 "    0   2    1   4    3   6    5   8    7  10    9  12   11  13 "
 "    0   3    1   6    2   8    4   7    5  13    9  11   10  12 "
   62: |Aut(M)| = 2,  Cycles:3(14) 
 "    0   1    2   3    4   5    6   7    8   9   10  11   12  13 "
 "    0   2    1   4    3   6    5   8    7  10    9  12   11  13 "
 "    0   3    1   6    2   8    4   9    5  10    7  13   11  12 "
   63: |Aut(M)| = 2,  Cycles:3(14) 
 "    0   1    2   3    4   5    6   7    8   9   10  11   12  13 "
 "    0   2    1   4    3   6    5   8    7  10    9  12   11  13 "
 "    0   3    1   6    2   8    4   9    5  11    7  12   10  13 "
   64: |Aut(M)| = 1,  Cycles:3(14) 
 "    0   1    2   3    4   5    6   7    8   9   10  11   12  13 "
 "    0   2    1   4    3   6    5   8    7  10    9  12   11  13 "
 "    0   3    1   6    2   8    4   9    5  11    7  13   10  12 "
   65: |Aut(M)| = 1,  Cycles:3(14) 
 "    0   1    2   3    4   5    6   7    8   9   10  11   12  13 "
 "    0   2    1   4    3   6    5   8    7  10    9  12   11  13 "
 "    0   3    1   6    2   8    4   9    5  13    7  11   10  12 "
   66: |Aut(M)| = 1,  Cycles:3(14) 
 "    0   1    2   3    4   5    6   7    8   9   10  11   12  13 "
 "    0   2    1   4    3   6    5   8    7  10    9  12   11  13 "
 "    0   3    1   6    2   8    4  10    5  12    7  13    9  11 "
   67: |Aut(M)| = 1,  Cycles:3(14) 
 "    0   1    2   3    4   5    6   7    8   9   10  11   12  13 "
 "    0   2    1   4    3   6    5   8    7  10    9  12   11  13 "
 "    0   3    1   6    2   8    4  10    5  13    7  12    9  11 "
   68: |Aut(M)| = 2,  Cycles:3(14) 
 "    0   1    2   3    4   5    6   7    8   9   10  11   12  13 "
 "    0   2    1   4    3   6    5   8    7  10    9  12   11  13 "
 "    0   3    1   6    2   8    4  11    5   7    9  13   10  12 "
   69: |Aut(M)| = 1,  Cycles:3(14) 
 "    0   1    2   3    4   5    6   7    8   9   10  11   12  13 "
 "    0   2    1   4    3   6    5   8    7  10    9  12   11  13 "
 "    0   3    1   6    2   8    4  11    5  12    7  13    9  10 "
   70: |Aut(M)| = 2,  Cycles:3(14) 
 "    0   1    2   3    4   5    6   7    8   9   10  11   12  13 "
 "    0   2    1   4    3   6    5   8    7  10    9  12   11  13 "
 "    0   3    1   6    2   8    4  12    5   7    9  11   10  13 "
   71: |Aut(M)| = 1,  Cycles:3(14) 
 "    0   1    2   3    4   5    6   7    8   9   10  11   12  13 "
 "    0   2    1   4    3   6    5   8    7  10    9  12   11  13 "
 "    0   3    1   6    2   8    4  12    5  10    7  13    9  11 "
   72: |Aut(M)| = 1,  Cycles:3(14) 
 "    0   1    2   3    4   5    6   7    8   9   10  11   12  13 "
 "    0   2    1   4    3   6    5   8    7  10    9  12   11  13 "
 "    0   3    1   6    2   8    4  12    5  11    7  13    9  10 "
   73: |Aut(M)| = 2,  Cycles:3(14) 
 "    0   1    2   3    4   5    6   7    8   9   10  11   12  13 "
 "    0   2    1   4    3   6    5   8    7  10    9  12   11  13 "
 "    0   3    1   6    2   8    4  13    5   7    9  10   11  12 "
   74: |Aut(M)| = 1,  Cycles:3(14) 
 "    0   1    2   3    4   5    6   7    8   9   10  11   12  13 "
 "    0   2    1   4    3   6    5   8    7  10    9  12   11  13 "
 "    0   3    1   6    2   8    4  13    5   7    9  11   10  12 "
   75: |Aut(M)| = 1,  Cycles:3(14) 
 "    0   1    2   3    4   5    6   7    8   9   10  11   12  13 "
 "    0   2    1   4    3   6    5   8    7  10    9  12   11  13 "
 "    0   3    1   6    2   8    4  13    5  10    7  12    9  11 "
   76: |Aut(M)| = 1,  Cycles:3(14) 
 "    0   1    2   3    4   5    6   7    8   9   10  11   12  13 "
 "    0   2    1   4    3   6    5   8    7  10    9  12   11  13 "
 "    0   3    1   6    2   9    4   7    5  12    8  11   10  13 "
   77: |Aut(M)| = 1,  Cycles:3(14) 
 "    0   1    2   3    4   5    6   7    8   9   10  11   12  13 "
 "    0   2    1   4    3   6    5   8    7  10    9  12   11  13 "
 "    0   3    1   6    2   9    4   7    5  13    8  10   11  12 "
   78: |Aut(M)| = 2,  Cycles:3(14) 
 "    0   1    2   3    4   5    6   7    8   9   10  11   12  13 "
 "    0   2    1   4    3   6    5   8    7  10    9  12   11  13 "
 "    0   3    1   6    2   9    4   8    5  10    7  13   11  12 "
   79: |Aut(M)| = 1,  Cycles:3(14) 
 "    0   1    2   3    4   5    6   7    8   9   10  11   12  13 "
 "    0   2    1   4    3   6    5   8    7  10    9  12   11  13 "
 "    0   3    1   6    2   9    4   8    5  11    7  13   10  12 "
   80: |Aut(M)| = 1,  Cycles:3(14) 
 "    0   1    2   3    4   5    6   7    8   9   10  11   12  13 "
 "    0   2    1   4    3   6    5   8    7  10    9  12   11  13 "
 "    0   3    1   6    2   9    4   8    5  13    7  11   10  12 "
   81: |Aut(M)| = 1,  Cycles:3(14) 
 "    0   1    2   3    4   5    6   7    8   9   10  11   12  13 "
 "    0   2    1   4    3   6    5   8    7  10    9  12   11  13 "
 "    0   3    1   6    2   9    4  10    5  12    7  11    8  13 "
   82: |Aut(M)| = 1,  Cycles:3(14) 
 "    0   1    2   3    4   5    6   7    8   9   10  11   12  13 "
 "    0   2    1   4    3   6    5   8    7  10    9  12   11  13 "
 "    0   3    1   6    2   9    4  10    5  12    7  13    8  11 "
   83: |Aut(M)| = 1,  Cycles:3(14) 
 "    0   1    2   3    4   5    6   7    8   9   10  11   12  13 "
 "    0   2    1   4    3   6    5   8    7  10    9  12   11  13 "
 "    0   3    1   6    2   9    4  11    5   7    8  13   10  12 "
   84: |Aut(M)| = 1,  Cycles:3(14) 
 "    0   1    2   3    4   5    6   7    8   9   10  11   12  13 "
 "    0   2    1   4    3   6    5   8    7  10    9  12   11  13 "
 "    0   3    1   6    2   9    4  11    5  12    7  13    8  10 "
   85: |Aut(M)| = 1,  Cycles:3(14) 
 "    0   1    2   3    4   5    6   7    8   9   10  11   12  13 "
 "    0   2    1   4    3   6    5   8    7  10    9  12   11  13 "
 "    0   3    1   6    2   9    4  11    5  13    7  12    8  10 "
   86: |Aut(M)| = 1,  Cycles:3(14) 
 "    0   1    2   3    4   5    6   7    8   9   10  11   12  13 "
 "    0   2    1   4    3   6    5   8    7  10    9  12   11  13 "
 "    0   3    1   6    2   9    4  13    5   7    8  11   10  12 "
   87: |Aut(M)| = 1,  Cycles:3(14) 
 "    0   1    2   3    4   5    6   7    8   9   10  11   12  13 "
 "    0   2    1   4    3   6    5   8    7  10    9  12   11  13 "
 "    0   3    1   6    2   9    4  13    5  10    7  12    8  11 "
   88: |Aut(M)| = 1,  Cycles:3(14) 
 "    0   1    2   3    4   5    6   7    8   9   10  11   12  13 "
 "    0   2    1   4    3   6    5   8    7  10    9  12   11  13 "
 "    0   3    1   6    2   9    4  13    5  11    7  12    8  10 "
   89: |Aut(M)| = 2,  Cycles:3(14) 
 "    0   1    2   3    4   5    6   7    8   9   10  11   12  13 "
 "    0   2    1   4    3   6    5   8    7  10    9  12   11  13 "
 "    0   3    1   6    2  12    4   7    5  10    8  13    9  11 "
   90: |Aut(M)| = 2,  Cycles:3(14) 
 "    0   1    2   3    4   5    6   7    8   9   10  11   12  13 "
 "    0   2    1   4    3   6    5   8    7  10    9  12   11  13 "
 "    0   3    1   6    2  12    4   8    5  13    7  11    9  10 "
   91: |Aut(M)| = 2,  Cycles:3(14) 
 "    0   1    2   3    4   5    6   7    8   9   10  11   12  13 "
 "    0   2    1   4    3   6    5   8    7  10    9  12   11  13 "
 "    0   3    1   6    2  12    4  10    5   7    8  13    9  11 "
   92: |Aut(M)| = 1,  Cycles:3(14) 
 "    0   1    2   3    4   5    6   7    8   9   10  11   12  13 "
 "    0   2    1   4    3   6    5   8    7  10    9  12   11  13 "
 "    0   3    1   6    2  12    4  10    5  13    7   8    9  11 "
   93: |Aut(M)| = 2,  Cycles:3(14) 
 "    0   1    2   3    4   5    6   7    8   9   10  11   12  13 "
 "    0   2    1   4    3   6    5   8    7  10    9  12   11  13 "
 "    0   3    1   6    2  12    4  11    5   9    7   8   10  13 "
   94: |Aut(M)| = 2,  Cycles:3(14) 
 "    0   1    2   3    4   5    6   7    8   9   10  11   12  13 "
 "    0   2    1   4    3   6    5   8    7  10    9  12   11  13 "
 "    0   3    1   6    2  12    4  11    5  13    7   8    9  10 "
   95: |Aut(M)| = 1,  Cycles:3(14) 
 "    0   1    2   3    4   5    6   7    8   9   10  11   12  13 "
 "    0   2    1   4    3   6    5   8    7  10    9  12   11  13 "
 "    0   3    1   6    2  12    4  11    5  13    7   9    8  10 "
   96: |Aut(M)| = 2,  Cycles:3(14) 
 "    0   1    2   3    4   5    6   7    8   9   10  11   12  13 "
 "    0   2    1   4    3   6    5   8    7  10    9  12   11  13 "
 "    0   3    1   6    2  12    4  13    5  10    7   9    8  11 "
   97: |Aut(M)| = 2,  Cycles:3(14) 
 "    0   1    2   3    4   5    6   7    8   9   10  11   12  13 "
 "    0   2    1   4    3   6    5   8    7  10    9  12   11  13 "
 "    0   3    1   6    2  12    4  13    5  11    7   9    8  10 "
   98: |Aut(M)| = 2,  Cycles:3(14) 
 "    0   1    2   3    4   5    6   7    8   9   10  11   12  13 "
 "    0   2    1   4    3   6    5   8    7  10    9  12   11  13 "
 "    0   3    1   7    2   5    4   9    6  12    8  11   10  13 "
   99: |Aut(M)| = 2,  Cycles:3(14) 
 "    0   1    2   3    4   5    6   7    8   9   10  11   12  13 "
 "    0   2    1   4    3   6    5   8    7  10    9  12   11  13 "
 "    0   3    1   7    2   5    4   9    6  13    8  10   11  12 "
  100: |Aut(M)| = 2,  Cycles:3(14) 
 "    0   1    2   3    4   5    6   7    8   9   10  11   12  13 "
 "    0   2    1   4    3   6    5   8    7  10    9  12   11  13 "
 "    0   3    1   7    2   5    4  11    6   9    8  13   10  12 "
  101: |Aut(M)| = 1,  Cycles:3(14) 
 "    0   1    2   3    4   5    6   7    8   9   10  11   12  13 "
 "    0   2    1   4    3   6    5   8    7  10    9  12   11  13 "
 "    0   3    1   7    2   5    4  11    6  12    8  10    9  13 "
  102: |Aut(M)| = 2,  Cycles:3(14) 
 "    0   1    2   3    4   5    6   7    8   9   10  11   12  13 "
 "    0   2    1   4    3   6    5   8    7  10    9  12   11  13 "
 "    0   3    1   7    2   5    4  11    6  12    8  13    9  10 "
  103: |Aut(M)| = 1,  Cycles:3(14) 
 "    0   1    2   3    4   5    6   7    8   9   10  11   12  13 "
 "    0   2    1   4    3   6    5   8    7  10    9  12   11  13 "
 "    0   3    1   7    2   5    4  12    6   9    8  11   10  13 "
  104: |Aut(M)| = 2,  Cycles:3(14) 
 "    0   1    2   3    4   5    6   7    8   9   10  11   12  13 "
 "    0   2    1   4    3   6    5   8    7  10    9  12   11  13 "
 "    0   3    1   7    2   5    4  13    6   9    8  11   10  12 "
  105: |Aut(M)| = 1,  Cycles:3(14) 
 "    0   1    2   3    4   5    6   7    8   9   10  11   12  13 "
 "    0   2    1   4    3   6    5   8    7  10    9  12   11  13 "
 "    0   3    1   7    2   8    4   6    5  13    9  11   10  12 "
  106: |Aut(M)| = 2,  Cycles:3(14) 
 "    0   1    2   3    4   5    6   7    8   9   10  11   12  13 "
 "    0   2    1   4    3   6    5   8    7  10    9  12   11  13 "
 "    0   3    1   7    2   8    4   9    5  10    6  13   11  12 "
  107: |Aut(M)| = 2,  Cycles:3(14) 
 "    0   1    2   3    4   5    6   7    8   9   10  11   12  13 "
 "    0   2    1   4    3   6    5   8    7  10    9  12   11  13 "
 "    0   3    1   7    2   8    4   9    5  11    6  12   10  13 "
  108: |Aut(M)| = 1,  Cycles:3(14) 
 "    0   1    2   3    4   5    6   7    8   9   10  11   12  13 "
 "    0   2    1   4    3   6    5   8    7  10    9  12   11  13 "
 "    0   3    1   7    2   8    4  11    5  12    6  13    9  10 "
  109: |Aut(M)| = 1,  Cycles:3(14) 
 "    0   1    2   3    4   5    6   7    8   9   10  11   12  13 "
 "    0   2    1   4    3   6    5   8    7  10    9  12   11  13 "
 "    0   3    1   7    2   8    4  11    5  13    6  12    9  10 "
  110: |Aut(M)| = 1,  Cycles:3(14) 
 "    0   1    2   3    4   5    6   7    8   9   10  11   12  13 "
 "    0   2    1   4    3   6    5   8    7  10    9  12   11  13 "
 "    0   3    1   7    2   8    4  12    5  10    6  11    9  13 "
  111: |Aut(M)| = 1,  Cycles:3(14) 
 "    0   1    2   3    4   5    6   7    8   9   10  11   12  13 "
 "    0   2    1   4    3   6    5   8    7  10    9  12   11  13 "
 "    0   3    1   7    2   8    4  12    5  10    6  13    9  11 "
  112: |Aut(M)| = 1,  Cycles:3(14) 
 "    0   1    2   3    4   5    6   7    8   9   10  11   12  13 "
 "    0   2    1   4    3   6    5   8    7  10    9  12   11  13 "
 "    0   3    1   7    2   8    4  13    5  10    6  12    9  11 "
  113: |Aut(M)| = 1,  Cycles:3(14) 
 "    0   1    2   3    4   5    6   7    8   9   10  11   12  13 "
 "    0   2    1   4    3   6    5   8    7  10    9  12   11  13 "
 "    0   3    1   7    2   8    4  13    5  11    6  12    9  10 "
  114: |Aut(M)| = 2,  Cycles:3(14) 
 "    0   1    2   3    4   5    6   7    8   9   10  11   12  13 "
 "    0   2    1   4    3   6    5   8    7  10    9  12   11  13 "
 "    0   3    1   7    2   9    4   6    5  12    8  11   10  13 "
  115: |Aut(M)| = 1,  Cycles:3(14) 
 "    0   1    2   3    4   5    6   7    8   9   10  11   12  13 "
 "    0   2    1   4    3   6    5   8    7  10    9  12   11  13 "
 "    0   3    1   7    2   9    4   6    5  13    8  10   11  12 "
  116: |Aut(M)| = 1,  Cycles:3(14) 
 "    0   1    2   3    4   5    6   7    8   9   10  11   12  13 "
 "    0   2    1   4    3   6    5   8    7  10    9  12   11  13 "
 "    0   3    1   7    2   9    4   8    5  11    6  13   10  12 "
  117: |Aut(M)| = 2,  Cycles:3(14) 
 "    0   1    2   3    4   5    6   7    8   9   10  11   12  13 "
 "    0   2    1   4    3   6    5   8    7  10    9  12   11  13 "
 "    0   3    1   7    2   9    4   8    5  13    6  11   10  12 "
  118: |Aut(M)| = 1,  Cycles:3(14) 
 "    0   1    2   3    4   5    6   7    8   9   10  11   12  13 "
 "    0   2    1   4    3   6    5   8    7  10    9  12   11  13 "
 "    0   3    1   7    2   9    4  11    5   6    8  13   10  12 "
  119: |Aut(M)| = 1,  Cycles:3(14) 
 "    0   1    2   3    4   5    6   7    8   9   10  11   12  13 "
 "    0   2    1   4    3   6    5   8    7  10    9  12   11  13 "
 "    0   3    1   7    2   9    4  11    5  12    6  13    8  10 "
  120: |Aut(M)| = 2,  Cycles:3(14) 
 "    0   1    2   3    4   5    6   7    8   9   10  11   12  13 "
 "    0   2    1   4    3   6    5   8    7  10    9  12   11  13 "
 "    0   3    1   7    2   9    4  12    5   6    8  11   10  13 "
  121: |Aut(M)| = 1,  Cycles:3(14) 
 "    0   1    2   3    4   5    6   7    8   9   10  11   12  13 "
 "    0   2    1   4    3   6    5   8    7  10    9  12   11  13 "
 "    0   3    1   7    2   9    4  12    5  10    6  11    8  13 "
  122: |Aut(M)| = 1,  Cycles:3(14) 
 "    0   1    2   3    4   5    6   7    8   9   10  11   12  13 "
 "    0   2    1   4    3   6    5   8    7  10    9  12   11  13 "
 "    0   3    1   7    2   9    4  12    5  10    6  13    8  11 "
  123: |Aut(M)| = 1,  Cycles:3(14) 
 "    0   1    2   3    4   5    6   7    8   9   10  11   12  13 "
 "    0   2    1   4    3   6    5   8    7  10    9  12   11  13 "
 "    0   3    1   7    2   9    4  12    5  11    6  13    8  10 "
  124: |Aut(M)| = 1,  Cycles:3(14) 
 "    0   1    2   3    4   5    6   7    8   9   10  11   12  13 "
 "    0   2    1   4    3   6    5   8    7  10    9  12   11  13 "
 "    0   3    1   7    2   9    4  13    5   6    8  10   11  12 "
  125: |Aut(M)| = 1,  Cycles:3(14) 
 "    0   1    2   3    4   5    6   7    8   9   10  11   12  13 "
 "    0   2    1   4    3   6    5   8    7  10    9  12   11  13 "
 "    0   3    1   7    2   9    4  13    5   6    8  11   10  12 "
  126: |Aut(M)| = 1,  Cycles:3(14) 
 "    0   1    2   3    4   5    6   7    8   9   10  11   12  13 "
 "    0   2    1   4    3   6    5   8    7  10    9  12   11  13 "
 "    0   3    1   7    2  10    4   9    5  12    6  13    8  11 "
  127: |Aut(M)| = 6,  Cycles:3(14) 
 "    0   1    2   3    4   5    6   7    8   9   10  11   12  13 "
 "    0   2    1   4    3   6    5   8    7  10    9  12   11  13 "
 "    0   3    1   7    2  10    4  12    5  11    6   8    9  13 "
  128: |Aut(M)| = 6,  Cycles:3(14) 
 "    0   1    2   3    4   5    6   7    8   9   10  11   12  13 "
 "    0   2    1   4    3   6    5   8    7  10    9  12   11  13 "
 "    0   3    1   7    2  10    4  13    5   9    6  12    8  11 "
  129: |Aut(M)| = 1,  Cycles:3(14) 
 "    0   1    2   3    4   5    6   7    8   9   10  11   12  13 "
 "    0   2    1   4    3   6    5   8    7  10    9  12   11  13 "
 "    0   3    1   7    2  11    4   8    5  13    6  12    9  10 "
  130: |Aut(M)| = 1,  Cycles:3(14) 
 "    0   1    2   3    4   5    6   7    8   9   10  11   12  13 "
 "    0   2    1   4    3   6    5   8    7  10    9  12   11  13 "
 "    0   3    1   7    2  11    4   9    5  10    6  12    8  13 "
  131: |Aut(M)| = 1,  Cycles:3(14) 
 "    0   1    2   3    4   5    6   7    8   9   10  11   12  13 "
 "    0   2    1   4    3   6    5   8    7  10    9  12   11  13 "
 "    0   3    1   7    2  11    4   9    5  13    6  12    8  10 "
  132: |Aut(M)| = 2,  Cycles:3(14) 
 "    0   1    2   3    4   5    6   7    8   9   10  11   12  13 "
 "    0   2    1   4    3   6    5   8    7  10    9  12   11  13 "
 "    0   3    1   7    2  11    4  12    5  10    6   8    9  13 "
  133: |Aut(M)| = 1,  Cycles:3(14) 
 "    0   1    2   3    4   5    6   7    8   9   10  11   12  13 "
 "    0   2    1   4    3   6    5   8    7  10    9  12   11  13 "
 "    0   3    1   7    2  11    4  12    5  10    6   9    8  13 "
  134: |Aut(M)| = 1,  Cycles:3(14) 
 "    0   1    2   3    4   5    6   7    8   9   10  11   12  13 "
 "    0   2    1   4    3   6    5   8    7  10    9  12   11  13 "
 "    0   3    1   7    2  11    4  13    5   9    6   8   10  12 "
  135: |Aut(M)| = 2,  Cycles:3(14) 
 "    0   1    2   3    4   5    6   7    8   9   10  11   12  13 "
 "    0   2    1   4    3   6    5   8    7  10    9  12   11  13 "
 "    0   3    1   7    2  11    4  13    5   9    6  12    8  10 "
  136: |Aut(M)| = 2,  Cycles:3(14) 
 "    0   1    2   3    4   5    6   7    8   9   10  11   12  13 "
 "    0   2    1   4    3   6    5   8    7  10    9  12   11  13 "
 "    0   3    1   7    2  12    4   6    5  10    8  13    9  11 "
  137: |Aut(M)| = 1,  Cycles:3(14) 
 "    0   1    2   3    4   5    6   7    8   9   10  11   12  13 "
 "    0   2    1   4    3   6    5   8    7  10    9  12   11  13 "
 "    0   3    1   7    2  12    4   8    5  13    6  11    9  10 "
  138: |Aut(M)| = 1,  Cycles:3(14) 
 "    0   1    2   3    4   5    6   7    8   9   10  11   12  13 "
 "    0   2    1   4    3   6    5   8    7  10    9  12   11  13 "
 "    0   3    1   7    2  12    4   9    5  10    6  11    8  13 "
  139: |Aut(M)| = 1,  Cycles:3(14) 
 "    0   1    2   3    4   5    6   7    8   9   10  11   12  13 "
 "    0   2    1   4    3   6    5   8    7  10    9  12   11  13 "
 "    0   3    1   7    2  12    4   9    5  11    6   8   10  13 "
  140: |Aut(M)| = 1,  Cycles:3(14) 
 "    0   1    2   3    4   5    6   7    8   9   10  11   12  13 "
 "    0   2    1   4    3   6    5   8    7  10    9  12   11  13 "
 "    0   3    1   7    2  12    4   9    5  13    6  11    8  10 "
  141: |Aut(M)| = 1,  Cycles:3(14) 
 "    0   1    2   3    4   5    6   7    8   9   10  11   12  13 "
 "    0   2    1   4    3   6    5   8    7  10    9  12   11  13 "
 "    0   3    1   7    2  12    4  11    5   6    8  13    9  10 "
  142: |Aut(M)| = 1,  Cycles:3(14) 
 "    0   1    2   3    4   5    6   7    8   9   10  11   12  13 "
 "    0   2    1   4    3   6    5   8    7  10    9  12   11  13 "
 "    0   3    1   7    2  12    4  11    5  13    6   8    9  10 "
  143: |Aut(M)| = 1,  Cycles:3(14) 
 "    0   1    2   3    4   5    6   7    8   9   10  11   12  13 "
 "    0   2    1   4    3   6    5   8    7  10    9  12   11  13 "
 "    0   3    1   7    2  12    4  13    5  10    6   8    9  11 "
  144: |Aut(M)| = 1,  Cycles:3(14) 
 "    0   1    2   3    4   5    6   7    8   9   10  11   12  13 "
 "    0   2    1   4    3   6    5   8    7  10    9  12   11  13 "
 "    0   3    1   7    2  12    4  13    5  11    6   8    9  10 "
  145: |Aut(M)| = 2,  Cycles:3(14) 
 "    0   1    2   3    4   5    6   7    8   9   10  11   12  13 "
 "    0   2    1   4    3   6    5   8    7  10    9  12   11  13 "
 "    0   3    1   7    2  13    4   8    5   6    9  11   10  12 "
  146: |Aut(M)| = 1,  Cycles:3(14) 
 "    0   1    2   3    4   5    6   7    8   9   10  11   12  13 "
 "    0   2    1   4    3   6    5   8    7  10    9  12   11  13 "
 "    0   3    1   7    2  13    4   8    5  11    6   9   10  12 "
  147: |Aut(M)| = 1,  Cycles:3(14) 
 "    0   1    2   3    4   5    6   7    8   9   10  11   12  13 "
 "    0   2    1   4    3   6    5   8    7  10    9  12   11  13 "
 "    0   3    1   7    2  13    4  11    5   9    6   8   10  12 "
  148: |Aut(M)| = 1,  Cycles:3(14) 
 "    0   1    2   3    4   5    6   7    8   9   10  11   12  13 "
 "    0   2    1   4    3   6    5   8    7  10    9  12   11  13 "
 "    0   3    1   7    2  13    4  11    5  12    6   8    9  10 "
  149: |Aut(M)| = 1,  Cycles:3(14) 
 "    0   1    2   3    4   5    6   7    8   9   10  11   12  13 "
 "    0   2    1   4    3   6    5   8    7  10    9  12   11  13 "
 "    0   3    1   7    2  13    4  11    5  12    6   9    8  10 "
  150: |Aut(M)| = 1,  Cycles:3(14) 
 "    0   1    2   3    4   5    6   7    8   9   10  11   12  13 "
 "    0   2    1   4    3   6    5   8    7  10    9  12   11  13 "
 "    0   3    1   7    2  13    4  12    5  10    6   8    9  11 "
  151: |Aut(M)| = 1,  Cycles:3(14) 
 "    0   1    2   3    4   5    6   7    8   9   10  11   12  13 "
 "    0   2    1   4    3   6    5   8    7  10    9  12   11  13 "
 "    0   3    1   7    2  13    4  12    5  10    6   9    8  11 "
  152: |Aut(M)| = 1,  Cycles:3(14) 
 "    0   1    2   3    4   5    6   7    8   9   10  11   12  13 "
 "    0   2    1   4    3   6    5   8    7  10    9  12   11  13 "
 "    0   3    1   7    2  13    4  12    5  11    6   9    8  10 "
  153: |Aut(M)| = 1,  Cycles:3(14) 
 "    0   1    2   3    4   5    6   7    8   9   10  11   12  13 "
 "    0   2    1   4    3   6    5   8    7  10    9  12   11  13 "
 "    0   3    1   8    2  11    4   7    5  13    6   9   10  12 "
  154: |Aut(M)| = 2,  Cycles:3(14) 
 "    0   1    2   3    4   5    6   7    8   9   10  11   12  13 "
 "    0   2    1   4    3   6    5   8    7  10    9  12   11  13 "
 "    0   3    1   8    2  11    4   9    5   6    7  13   10  12 "
  155: |Aut(M)| = 1,  Cycles:3(14) 
 "    0   1    2   3    4   5    6   7    8   9   10  11   12  13 "
 "    0   2    1   4    3   6    5   8    7  10    9  12   11  13 "
 "    0   3    1   8    2  11    4  10    5  12    6   9    7  13 "
  156: |Aut(M)| = 1,  Cycles:3(14) 
 "    0   1    2   3    4   5    6   7    8   9   10  11   12  13 "
 "    0   2    1   4    3   6    5   8    7  10    9  12   11  13 "
 "    0   3    1   8    2  11    4  10    5  13    6   9    7  12 "
  157: |Aut(M)| = 1,  Cycles:3(14) 
 "    0   1    2   3    4   5    6   7    8   9   10  11   12  13 "
 "    0   2    1   4    3   6    5   8    7  10    9  12   11  13 "
 "    0   3    1   8    2  11    4  10    5  13    6  12    7   9 "
  158: |Aut(M)| = 1,  Cycles:3(14) 
 "    0   1    2   3    4   5    6   7    8   9   10  11   12  13 "
 "    0   2    1   4    3   6    5   8    7  10    9  12   11  13 "
 "    0   3    1   8    2  11    4  12    5  10    6   9    7  13 "
  159: |Aut(M)| = 1,  Cycles:3(14) 
 "    0   1    2   3    4   5    6   7    8   9   10  11   12  13 "
 "    0   2    1   4    3   6    5   8    7  10    9  12   11  13 "
 "    0   3    1   8    2  11    4  13    5   7    6   9   10  12 "
  160: |Aut(M)| = 2,  Cycles:3(14) 
 "    0   1    2   3    4   5    6   7    8   9   10  11   12  13 "
 "    0   2    1   4    3   6    5   8    7  10    9  12   11  13 "
 "    0   3    1   8    2  12    4   7    5  13    6  11    9  10 "
  161: |Aut(M)| = 1,  Cycles:3(14) 
 "    0   1    2   3    4   5    6   7    8   9   10  11   12  13 "
 "    0   2    1   4    3   6    5   8    7  10    9  12   11  13 "
 "    0   3    1   8    2  12    4  10    5  13    6  11    7   9 "
  162: |Aut(M)| = 1,  Cycles:3(14) 
 "    0   1    2   3    4   5    6   7    8   9   10  11   12  13 "
 "    0   2    1   4    3   6    5   8    7  10    9  12   11  13 "
 "    0   3    1   8    2  12    4  11    5   6    7  13    9  10 "
  163: |Aut(M)| = 2,  Cycles:3(14) 
 "    0   1    2   3    4   5    6   7    8   9   10  11   12  13 "
 "    0   2    1   4    3   6    5   8    7  10    9  12   11  13 "
 "    0   3    1   8    2  12    4  13    5  10    6  11    7   9 "
  164: |Aut(M)| = 2,  Cycles:3(14) 
 "    0   1    2   3    4   5    6   7    8   9   10  11   12  13 "
 "    0   2    1   4    3   6    5   8    7  10    9  12   11  13 "
 "    0   3    1   8    2  13    4  10    5  12    6   9    7  11 "
  165: |Aut(M)| = 2,  Cycles:3(14) 
 "    0   1    2   3    4   5    6   7    8   9   10  11   12  13 "
 "    0   2    1   4    3   6    5   8    7  10    9  12   11  13 "
 "    0   3    1   8    2  13    4  12    5  10    6   9    7  11 "
  166: |Aut(M)| = 2,  Cycles:3(14) 
 "    0   1    2   3    4   5    6   7    8   9   10  11   12  13 "
 "    0   2    1   4    3   6    5   8    7  10    9  12   11  13 "
 "    0   3    1   9    2  11    4   7    5  10    6  12    8  13 "
  167: |Aut(M)| = 1,  Cycles:3(14) 
 "    0   1    2   3    4   5    6   7    8   9   10  11   12  13 "
 "    0   2    1   4    3   6    5   8    7  10    9  12   11  13 "
 "    0   3    1   9    2  11    4  10    5   7    6  12    8  13 "
  168: |Aut(M)| = 1,  Cycles:3(14) 
 "    0   1    2   3    4   5    6   7    8   9   10  11   12  13 "
 "    0   2    1   4    3   6    5   8    7  10    9  12   11  13 "
 "    0   3    1   9    2  11    4  10    5  13    6  12    7   8 "
  169: |Aut(M)| = 3,  Cycles:3(14) 
 "    0   1    2   3    4   5    6   7    8   9   10  11   12  13 "
 "    0   2    1   4    3   6    5   8    7  10    9  12   11  13 "
 "    0   3    1   9    2  11    4  13    5  10    6   8    7  12 "
  170: |Aut(M)| = 2,  Cycles:3(14) 
 "    0   1    2   3    4   5    6   7    8   9   10  11   12  13 "
 "    0   2    1   4    3   6    5   8    7  10    9  12   11  13 "
 "    0   3    1   9    2  13    4  10    5  12    6   8    7  11 "
  171: |Aut(M)| = 2,  Cycles:3(14) 
 "    0   1    2   3    4   5    6   7    8   9   10  11   12  13 "
 "    0   2    1   4    3   6    5   8    7  10    9  12   11  13 "
 "    0   3    1  10    2  12    4   9    5   6    7  13    8  11 "
  172: |Aut(M)| = 2,  Cycles:3(14) 
 "    0   1    2   3    4   5    6   7    8   9   10  11   12  13 "
 "    0   2    1   4    3   6    5   8    7  10    9  12   11  13 "
 "    0   3    1  10    2  12    4  13    5   6    7   9    8  11 "
  173: |Aut(M)| = 6,  Cycles:3(14) 
 "    0   1    2   3    4   5    6   7    8   9   10  11   12  13 "
 "    0   2    1   4    3   6    5   8    7  10    9  12   11  13 "
 "    0   3    1  10    2  13    4   9    5  12    6   8    7  11 "
  174: |Aut(M)| = 6,  Cycles:3(14) 
 "    0   1    2   3    4   5    6   7    8   9   10  11   12  13 "
 "    0   2    1   4    3   6    5   8    7  10    9  12   11  13 "
 "    0   3    1  11    2  12    4   7    5  13    6   8    9  10 "
