

    1: |Aut(M)| =  4536,  Cycles:3(4:4:6:6:6) 
 "   0  1   2  3   4  5   6  7   8  9  10 11  12 13  14 15  16 17  18 19  20 21  22 23  24 25 "
 "   0  3   1  2   4  7   5  6   8 11   9 12  10 13  14 17  15 18  16 19  20 23  21 24  22 25 "
 "   0  5   1  4   2  7   3  6   8 13   9 10  11 12  14 19  15 16  17 18  20 25  21 22  23 24 "



    2: |Aut(M)| =  216,  Cycles:3(4:4:6:6:6) 
 "   0  1   2  3   4  5   6  7   8  9  10 11  12 13  14 15  16 17  18 19  20 21  22 23  24 25 "
 "   0  3   1  2   4  7   5  6   8 11   9 12  10 13  14 17  15 18  16 19  20 23  21 24  22 25 "
 "   0  5   1  4   2  7   3  6   8 13   9 10  11 12  14 19  15 20  16 25  17 22  18 21  23 24 "



    3: |Aut(M)| =  84,  Cycles:3(4:4:6:6:6) 
 "   0  1   2  3   4  5   6  7   8  9  10 11  12 13  14 15  16 17  18 19  20 21  22 23  24 25 "
 "   0  3   1  2   4  7   5  6   8 11   9 12  10 13  14 17  15 18  16 19  20 23  21 24  22 25 "
 "   0  5   1  4   2  7   3  6   8 13   9 14  10 21  11 24  12 15  16 23  17 18  19 22  20 25 "



    4: |Aut(M)| =  252,  Cycles:3(4:4:6:6:6) 
 "   0  1   2  3   4  5   6  7   8  9  10 11  12 13  14 15  16 17  18 19  20 21  22 23  24 25 "
 "   0  3   1  2   4  7   5  6   8 11   9 12  10 13  14 17  15 18  16 19  20 23  21 24  22 25 "
 "   0  5   1  4   2  7   3  6   8 15   9 20  10 17  11 22  12 19  13 24  14 21  16 23  18 25 "



    5: |Aut(M)| =  18,  Cycles:3(4:4:6:6:6) 
 "   0  1   2  3   4  5   6  7   8  9  10 11  12 13  14 15  16 17  18 19  20 21  22 23  24 25 "
 "   0  3   1  2   4  7   5  6   8 11   9 12  10 13  14 17  15 18  16 19  20 23  21 24  22 25 "
 "   0  5   1  4   2  9   3 14   6 17   7 12   8 15  10 19  11 18  13 16  20 25  21 22  23 24 "



    6: |Aut(M)| =  162,  Cycles:3(4:4:6:6:6) 
 "   0  1   2  3   4  5   6  7   8  9  10 11  12 13  14 15  16 17  18 19  20 21  22 23  24 25 "
 "   0  3   1  2   4  7   5  6   8 11   9 12  10 13  14 17  15 18  16 19  20 23  21 24  22 25 "
 "   0  5   1  8   2 11   3 10   4  9   6 13   7 12  14 19  15 16  17 18  20 25  21 22  23 24 "



    7: |Aut(M)| =  18,  Cycles:3(4:4:6:6:6) 
 "   0  1   2  3   4  5   6  7   8  9  10 11  12 13  14 15  16 17  18 19  20 21  22 23  24 25 "
 "   0  3   1  2   4  7   5  6   8 11   9 12  10 13  14 17  15 18  16 19  20 23  21 24  22 25 "
 "   0  5   1  8   2 11   3 10   4  9   6 13   7 12  14 19  15 20  16 25  17 22  18 21  23 24 "



    8: |Aut(M)| =  18,  Cycles:3(4:4:6:6:6) 
 "   0  1   2  3   4  5   6  7   8  9  10 11  12 13  14 15  16 17  18 19  20 21  22 23  24 25 "
 "   0  3   1  2   4  7   5  6   8 11   9 12  10 13  14 17  15 18  16 19  20 23  21 24  22 25 "
 "   0  5   1  8   2 11   3 14   4  9   6 17   7 16  10 15  12 19  13 18  20 25  21 22  23 24 "



    9: |Aut(M)| =  2,  Cycles:3(4:4:6:6:6) 
 "   0  1   2  3   4  5   6  7   8  9  10 11  12 13  14 15  16 17  18 19  20 21  22 23  24 25 "
 "   0  3   1  2   4  7   5  6   8 11   9 12  10 13  14 17  15 18  16 19  20 23  21 24  22 25 "
 "   0  5   1  8   2 11   3 14   4  9   6 17   7 20  10 15  12 23  13 22  16 21  18 25  19 24 "



   10: |Aut(M)| =  1,  Cycles:3(4:4:6:6:6) 
 "   0  1   2  3   4  5   6  7   8  9  10 11  12 13  14 15  16 17  18 19  20 21  22 23  24 25 "
 "   0  3   1  2   4  7   5  6   8 11   9 12  10 13  14 17  15 18  16 19  20 23  21 24  22 25 "
 "   0  5   1  8   2 15   3 14   4  9   6 17   7 20  10 25  11 18  12 23  13 22  16 21  19 24 "

