16 (K8,8)
0 - (6,10), (8,8), (4,4,8), (4,6,6)
1 - (4,4,4,4)
2 - (4,12)

18 (K9,9)
0 - (4,14), (6,12), (8,10), (4,6,8), (4,4,4,6)
37 - (18)
1 - (4,4,10)
2 - (6,6,6)

20 (K10,10)
0 - (4,4,4,4,4), (4,4,4,8), (4,4,6,6), (4,4,12), (4,6,10), (4,8,8), (4,16), (6,6,8), (6,14), (8,12), (10,10)

22 (K11,11)
23 - (22) aut >=2 + 6 atomic LS: 7 
1 - (6,6,10)
0 - (4,4,4,4,6), (4,4,4,10), (4,4,6,8), (4,4,14), (4,6,6,6), (4,6,12), (4,8,10), (6,8,8), (6,16), (8,14), (10,12)

24 (K12,12)
0 - (4,4,4,4,4,4), (4,4,4,4,8), (4,4,4,6,6), (4,4,4,12), (4,4,6,10), (4,4,8,8), (4,4,16), (4,6,6,8), (4,6,14), (4,8,12), (4,10,10),
    (6,6,6,6), (6,6,12), (6,8,10), (6,18), (8,8,8), (8,16), (10,14), (12,12)
6 - (4,20) Cycle 4 is the first cycle for all rows pairs with first row. Too many solution to calculate generic case. Only 1 matrix if limit aut for all subs to > 1.

26 (K13,13)
===
26
4,22; 6,20; 8,18; 10,16; 12,14
4,4,18; 4,6,16; 4,8,14; +4,10,12;
6,6,14; 6,8,12; 6,10,10
8,8,10
4,4,4,14; 4,4,6,12; 4,4,8,10
+4,6,6,10; +4,6,8,8;
6,6,6,8;
4,4,4,4,10, 4,4,4,6,8;
4,4,4,4,4,6

1 - (26) (all subm aut >= 3 1h)
1 - (4,4,6,6,6)
1 - (6,8,12) - about 6? hours (with 8 rows output and precalculate)
0 - (4,4,4,4,10), (4,4,4,6,8),
0 - (4,4,18), 1 - (4,6,16), 0 - (4,8,14) - (too much time needed)
0 - (6,6,14), - about 2h45m (with precalculate)
0 - (6,10,10), ~1h
0 - (8,8,10) - ~30min
(4,4,4,4,4panda,6), (4,4,4,14), (4,4,6,12), (4,4,8,10), (4,22), (6,6,6,8), (6,20), (8,18), (10,16), (12,14) - no 3 rows

 
tripartite K6,6,6
18x6x3
0 - All

21x7x3 K7,7,7
3 (2 with a2r=1) - (21)
0 - (6,6,9), (6,15), (9,12)

24x8x3
0 - (24), (6,6,12), (6,18), (12,12)
1 - (6,6,6,6)

27x9x3
(6,9,12) - needs  about 3 hours
2 - (6,6,15),
13(3 with a2r=1) - (9,9,9)

four partite
16x4x4
0 - (16)
1 -(8,8)

20x5x4
0 - (8,12)
1 - (20)

24x6x4
0 - (24), (8,8,8), (8,16), (12,12)

28x7x4
0 - (8,8,12), (8,20), (12,16)
2 - 28

5-partite
35x7x5
1 - 35
0 - (10,10,15), (10,25)


"normal"
16x15x2 U1F:
1 - (4,4,4,4)
0 - all other u1f

18x17x2 U1F:
0 - (4,4,4,6), (4,4,10), (4,6,8), (4,14), (6,6,6), (6,12), (8,10)

20x19x2
0 - (4,4,4,4,4),(4,4,4,8), (4,4,6,6), (4,4,12), (4,6,10), (4,8,8), (6,6,8),
NA - (4,16), (6,14) ~10 hours 2 min automorphism, (8,12),  - 2659 3 rows matrices, no memory for precalc
0 - (10,10) - needs about 2 hours to calculate
1 - (4,6,10)