

    1: |Aut(M)| =  600,  Cycles:3(6:10:10) 
 "   0  1   2  3   4  5   6  7   8  9  10 11  12 13  14 15  16 17  18 19  20 21  22 23  24 25 "
 "   0  3   1  4   2  5   6  9   7 10   8 13  11 14  12 15  16 19  17 20  18 23  21 24  22 25 "
 "   0  5   1  2   3  4   6 11   7  8   9 12  10 15  13 14  16 21  17 18  19 22  20 25  23 24 "



    2: |Aut(M)| =  60,  Cycles:3(6:10:10) 
 "   0  1   2  3   4  5   6  7   8  9  10 11  12 13  14 15  16 17  18 19  20 21  22 23  24 25 "
 "   0  3   1  4   2  5   6  9   7 10   8 13  11 14  12 15  16 19  17 20  18 23  21 24  22 25 "
 "   0  5   1  2   3  4   6 11   7  8   9 12  10 15  13 14  16 21  17 22  18 25  19 20  23 24 "



    3: |Aut(M)| =  300,  Cycles:3(6:10:10) 
 "   0  1   2  3   4  5   6  7   8  9  10 11  12 13  14 15  16 17  18 19  20 21  22 23  24 25 "
 "   0  3   1  4   2  5   6  9   7 10   8 13  11 14  12 15  16 19  17 20  18 23  21 24  22 25 "
 "   0  5   1  2   3  4   6 11   7  8   9 12  10 15  13 14  16 23  17 24  18 25  19 20  21 22 "



    4: |Aut(M)| =  24,  Cycles:3(6:10:10) 
 "   0  1   2  3   4  5   6  7   8  9  10 11  12 13  14 15  16 17  18 19  20 21  22 23  24 25 "
 "   0  3   1  4   2  5   6  9   7 10   8 13  11 14  12 15  16 19  17 20  18 23  21 24  22 25 "
 "   0  5   1  2   3  4   6 11   7  8   9 12  10 17  13 16  14 21  15 18  19 22  20 25  23 24 "



    5: |Aut(M)| =  12,  Cycles:3(6:10:10) 
 "   0  1   2  3   4  5   6  7   8  9  10 11  12 13  14 15  16 17  18 19  20 21  22 23  24 25 "
 "   0  3   1  4   2  5   6  9   7 10   8 13  11 14  12 15  16 19  17 20  18 23  21 24  22 25 "
 "   0  5   1  2   3  4   6 11   7  8   9 12  10 17  13 16  14 23  15 24  18 21  19 22  20 25 "



    6: |Aut(M)| =  24,  Cycles:3(6:10:10) 
 "   0  1   2  3   4  5   6  7   8  9  10 11  12 13  14 15  16 17  18 19  20 21  22 23  24 25 "
 "   0  3   1  4   2  5   6  9   7 10   8 13  11 14  12 15  16 19  17 20  18 23  21 24  22 25 "
 "   0  5   1  2   3  4   6 11   7  8   9 16  10 19  12 21  13 14  15 22  17 18  20 25  23 24 "



    7: |Aut(M)| =  6,  Cycles:3(6:10:10) 
 "   0  1   2  3   4  5   6  7   8  9  10 11  12 13  14 15  16 17  18 19  20 21  22 23  24 25 "
 "   0  3   1  4   2  5   6  9   7 10   8 13  11 14  12 15  16 19  17 20  18 23  21 24  22 25 "
 "   0  5   1  2   3  4   6 11   7  8   9 16  10 19  12 23  13 14  15 24  17 18  20 25  21 22 "



    8: |Aut(M)| =  6,  Cycles:3(6:10:10) 
 "   0  1   2  3   4  5   6  7   8  9  10 11  12 13  14 15  16 17  18 19  20 21  22 23  24 25 "
 "   0  3   1  4   2  5   6  9   7 10   8 13  11 14  12 15  16 19  17 20  18 23  21 24  22 25 "
 "   0  5   1  2   3  4   6 11   7  8   9 16  10 23  12 19  13 20  14 21  15 24  17 22  18 25 "



    9: |Aut(M)| =  18,  Cycles:3(6:10:10) 
 "   0  1   2  3   4  5   6  7   8  9  10 11  12 13  14 15  16 17  18 19  20 21  22 23  24 25 "
 "   0  3   1  4   2  5   6  9   7 10   8 13  11 14  12 15  16 19  17 20  18 23  21 24  22 25 "
 "   0  5   1  2   3  4   6 11   7  8   9 16  10 25  12 19  13 20  14 23  15 18  17 24  21 22 "



   10: |Aut(M)| =  72,  Cycles:3(6:10:10) 
 "   0  1   2  3   4  5   6  7   8  9  10 11  12 13  14 15  16 17  18 19  20 21  22 23  24 25 "
 "   0  3   1  4   2  5   6  9   7 10   8 13  11 14  12 15  16 19  17 20  18 23  21 24  22 25 "
 "   0  5   1  2   3  4   6 11   7 12   8 15   9 10  13 14  16 21  17 22  18 25  19 20  23 24 "



   11: |Aut(M)| =  12,  Cycles:3(6:10:10) 
 "   0  1   2  3   4  5   6  7   8  9  10 11  12 13  14 15  16 17  18 19  20 21  22 23  24 25 "
 "   0  3   1  4   2  5   6  9   7 10   8 13  11 14  12 15  16 19  17 20  18 23  21 24  22 25 "
 "   0  5   1  2   3  4   6 11   7 12   8 15   9 16  10 21  13 18  14 25  17 22  19 20  23 24 "



   12: |Aut(M)| =  12,  Cycles:3(6:10:10) 
 "   0  1   2  3   4  5   6  7   8  9  10 11  12 13  14 15  16 17  18 19  20 21  22 23  24 25 "
 "   0  3   1  4   2  5   6  9   7 10   8 13  11 14  12 15  16 19  17 20  18 23  21 24  22 25 "
 "   0  5   1  2   3  4   6 11   7 12   8 15   9 16  10 23  13 20  14 25  17 18  19 24  21 22 "



   13: |Aut(M)| =  12,  Cycles:3(6:10:10) 
 "   0  1   2  3   4  5   6  7   8  9  10 11  12 13  14 15  16 17  18 19  20 21  22 23  24 25 "
 "   0  3   1  4   2  5   6  9   7 10   8 13  11 14  12 15  16 19  17 20  18 23  21 24  22 25 "
 "   0  5   1  2   3  4   6 11   7 12   8 17   9 10  13 16  14 21  15 24  18 25  19 22  20 23 "



   14: |Aut(M)| =  12,  Cycles:3(6:10:10) 
 "   0  1   2  3   4  5   6  7   8  9  10 11  12 13  14 15  16 17  18 19  20 21  22 23  24 25 "
 "   0  3   1  4   2  5   6  9   7 10   8 13  11 14  12 15  16 19  17 20  18 23  21 24  22 25 "
 "   0  5   1  2   3  4   6 11   7 12   8 17   9 10  13 16  14 23  15 18  19 24  20 25  21 22 "



   15: |Aut(M)| =  24,  Cycles:3(6:10:10) 
 "   0  1   2  3   4  5   6  7   8  9  10 11  12 13  14 15  16 17  18 19  20 21  22 23  24 25 "
 "   0  3   1  4   2  5   6  9   7 10   8 13  11 14  12 15  16 19  17 20  18 23  21 24  22 25 "
 "   0  5   1  2   3  4   6 11   7 12   8 17   9 18  10 25  13 14  15 24  16 21  19 22  20 23 "



   16: |Aut(M)| =  6,  Cycles:3(6:10:10) 
 "   0  1   2  3   4  5   6  7   8  9  10 11  12 13  14 15  16 17  18 19  20 21  22 23  24 25 "
 "   0  3   1  4   2  5   6  9   7 10   8 13  11 14  12 15  16 19  17 20  18 23  21 24  22 25 "
 "   0  5   1  2   3  4   6 11   7 12   8 17   9 18  10 25  13 22  14 19  15 20  16 21  23 24 "



   17: |Aut(M)| =  6,  Cycles:3(6:10:10) 
 "   0  1   2  3   4  5   6  7   8  9  10 11  12 13  14 15  16 17  18 19  20 21  22 23  24 25 "
 "   0  3   1  4   2  5   6  9   7 10   8 13  11 14  12 15  16 19  17 20  18 23  21 24  22 25 "
 "   0  5   1  2   3  4   6 11   7 12   8 17   9 20  10 25  13 18  14 23  15 16  19 24  21 22 "



   18: |Aut(M)| =  6,  Cycles:3(6:10:10) 
 "   0  1   2  3   4  5   6  7   8  9  10 11  12 13  14 15  16 17  18 19  20 21  22 23  24 25 "
 "   0  3   1  4   2  5   6  9   7 10   8 13  11 14  12 15  16 19  17 20  18 23  21 24  22 25 "
 "   0  5   1  2   3  4   6 11   7 12   8 17   9 24  10 23  13 18  14 25  15 20  16 21  19 22 "



   19: |Aut(M)| =  18,  Cycles:3(6:10:10) 
 "   0  1   2  3   4  5   6  7   8  9  10 11  12 13  14 15  16 17  18 19  20 21  22 23  24 25 "
 "   0  3   1  4   2  5   6  9   7 10   8 13  11 14  12 15  16 19  17 20  18 23  21 24  22 25 "
 "   0  5   1  2   3  4   6 11   7 14   8 17   9 22  10 19  12 23  13 24  15 20  16 25  18 21 "



   20: |Aut(M)| =  12,  Cycles:3(6:10:10) 
 "   0  1   2  3   4  5   6  7   8  9  10 11  12 13  14 15  16 17  18 19  20 21  22 23  24 25 "
 "   0  3   1  4   2  5   6  9   7 10   8 13  11 14  12 15  16 19  17 20  18 23  21 24  22 25 "
 "   0  5   1  2   3  4   6 11   7 16   8 15   9 18  10 21  12 19  13 24  14 25  17 22  20 23 "



   21: |Aut(M)| =  36,  Cycles:3(6:10:10) 
 "   0  1   2  3   4  5   6  7   8  9  10 11  12 13  14 15  16 17  18 19  20 21  22 23  24 25 "
 "   0  3   1  4   2  5   6  9   7 10   8 13  11 14  12 15  16 19  17 20  18 23  21 24  22 25 "
 "   0  5   1  2   3  4   6 11   7 16   8 15   9 24  10 21  12 25  13 18  14 19  17 22  20 23 "



   22: |Aut(M)| =  18,  Cycles:3(6:10:10) 
 "   0  1   2  3   4  5   6  7   8  9  10 11  12 13  14 15  16 17  18 19  20 21  22 23  24 25 "
 "   0  3   1  4   2  5   6  9   7 10   8 13  11 14  12 15  16 19  17 20  18 23  21 24  22 25 "
 "   0  5   1  2   3  4   6 11   7 16   8 19   9 20  10 25  12 17  13 24  14 23  15 18  21 22 "



   23: |Aut(M)| =  24,  Cycles:3(6:10:10) 
 "   0  1   2  3   4  5   6  7   8  9  10 11  12 13  14 15  16 17  18 19  20 21  22 23  24 25 "
 "   0  3   1  4   2  5   6  9   7 10   8 13  11 14  12 15  16 19  17 20  18 23  21 24  22 25 "
 "   0  5   1  2   3  4   6 11   7 16   8 21   9 18  10 23  12 17  13 22  14 19  15 24  20 25 "



   24: |Aut(M)| =  36,  Cycles:3(6:10:10) 
 "   0  1   2  3   4  5   6  7   8  9  10 11  12 13  14 15  16 17  18 19  20 21  22 23  24 25 "
 "   0  3   1  4   2  5   6  9   7 10   8 13  11 14  12 15  16 19  17 20  18 23  21 24  22 25 "
 "   0  5   1  2   3  4   6 15   7 16   8 17   9 22  10 25  11 20  12 19  13 24  14 23  18 21 "



   25: |Aut(M)| =  36,  Cycles:3(6:10:10) 
 "   0  1   2  3   4  5   6  7   8  9  10 11  12 13  14 15  16 17  18 19  20 21  22 23  24 25 "
 "   0  3   1  4   2  5   6  9   7 10   8 13  11 14  12 15  16 19  17 20  18 23  21 24  22 25 "
 "   0  5   1  2   3  4   6 15   7 16   8 17   9 24  10 21  11 18  12 19  13 22  14 25  20 23 "



   26: |Aut(M)| =  10,  Cycles:3(6:10:10) 
 "   0  1   2  3   4  5   6  7   8  9  10 11  12 13  14 15  16 17  18 19  20 21  22 23  24 25 "
 "   0  3   1  4   2  5   6  9   7 10   8 13  11 14  12 15  16 19  17 20  18 23  21 24  22 25 "
 "   0  5   1  2   3  6   4 15   7 14   8 11   9 12  10 13  16 21  17 18  19 22  20 25  23 24 "



   27: |Aut(M)| =  4,  Cycles:3(6:10:10) 
 "   0  1   2  3   4  5   6  7   8  9  10 11  12 13  14 15  16 17  18 19  20 21  22 23  24 25 "
 "   0  3   1  4   2  5   6  9   7 10   8 13  11 14  12 15  16 19  17 20  18 23  21 24  22 25 "
 "   0  5   1  2   3  6   4 15   7 14   8 11   9 12  10 13  16 21  17 22  18 25  19 20  23 24 "



   28: |Aut(M)| =  20,  Cycles:3(6:10:10) 
 "   0  1   2  3   4  5   6  7   8  9  10 11  12 13  14 15  16 17  18 19  20 21  22 23  24 25 "
 "   0  3   1  4   2  5   6  9   7 10   8 13  11 14  12 15  16 19  17 20  18 23  21 24  22 25 "
 "   0  5   1  2   3  6   4 15   7 14   8 11   9 12  10 13  16 25  17 22  18 21  19 24  20 23 "



   29: |Aut(M)| =  2,  Cycles:3(6:10:10) 
 "   0  1   2  3   4  5   6  7   8  9  10 11  12 13  14 15  16 17  18 19  20 21  22 23  24 25 "
 "   0  3   1  4   2  5   6  9   7 10   8 13  11 14  12 15  16 19  17 20  18 23  21 24  22 25 "
 "   0  5   1  2   3  6   4 15   7 14   8 11   9 12  10 17  13 22  16 23  18 21  19 24  20 25 "



   30: |Aut(M)| =  4,  Cycles:3(6:10:10) 
 "   0  1   2  3   4  5   6  7   8  9  10 11  12 13  14 15  16 17  18 19  20 21  22 23  24 25 "
 "   0  3   1  4   2  5   6  9   7 10   8 13  11 14  12 15  16 19  17 20  18 23  21 24  22 25 "
 "   0  5   1  2   3  6   4 15   7 14   8 17   9 12  10 19  11 16  13 18  20 25  21 22  23 24 "



   31: |Aut(M)| =  1,  Cycles:3(6:10:10) 
 "   0  1   2  3   4  5   6  7   8  9  10 11  12 13  14 15  16 17  18 19  20 21  22 23  24 25 "
 "   0  3   1  4   2  5   6  9   7 10   8 13  11 14  12 15  16 19  17 20  18 23  21 24  22 25 "
 "   0  5   1  2   3  6   4 15   7 14   8 17   9 12  10 21  11 22  13 16  18 25  19 20  23 24 "



   32: |Aut(M)| =  4,  Cycles:3(6:10:10) 
 "   0  1   2  3   4  5   6  7   8  9  10 11  12 13  14 15  16 17  18 19  20 21  22 23  24 25 "
 "   0  3   1  4   2  5   6  9   7 10   8 13  11 14  12 15  16 19  17 20  18 23  21 24  22 25 "
 "   0  5   1  2   3  6   4 15   7 14   8 17   9 12  10 21  11 22  13 18  16 25  19 24  20 23 "



   33: |Aut(M)| =  2,  Cycles:3(6:10:10) 
 "   0  1   2  3   4  5   6  7   8  9  10 11  12 13  14 15  16 17  18 19  20 21  22 23  24 25 "
 "   0  3   1  4   2  5   6  9   7 10   8 13  11 14  12 15  16 19  17 20  18 23  21 24  22 25 "
 "   0  5   1  2   3  6   4 15   7 14   8 17   9 12  10 21  11 24  13 16  18 25  19 22  20 23 "



   34: |Aut(M)| =  2,  Cycles:3(6:10:10) 
 "   0  1   2  3   4  5   6  7   8  9  10 11  12 13  14 15  16 17  18 19  20 21  22 23  24 25 "
 "   0  3   1  4   2  5   6  9   7 10   8 13  11 14  12 15  16 19  17 20  18 23  21 24  22 25 "
 "   0  5   1  2   3  6   4 15   7 14   8 17   9 12  10 23  11 16  13 22  18 21  19 24  20 25 "



   35: |Aut(M)| =  2,  Cycles:3(6:10:10) 
 "   0  1   2  3   4  5   6  7   8  9  10 11  12 13  14 15  16 17  18 19  20 21  22 23  24 25 "
 "   0  3   1  4   2  5   6  9   7 10   8 13  11 14  12 15  16 19  17 20  18 23  21 24  22 25 "
 "   0  5   1  2   3  6   4 15   7 14   8 17   9 12  10 23  11 18  13 24  16 21  19 22  20 25 "



   36: |Aut(M)| =  4,  Cycles:3(6:10:10) 
 "   0  1   2  3   4  5   6  7   8  9  10 11  12 13  14 15  16 17  18 19  20 21  22 23  24 25 "
 "   0  3   1  4   2  5   6  9   7 10   8 13  11 14  12 15  16 19  17 20  18 23  21 24  22 25 "
 "   0  5   1  2   3  6   4 15   7 14   8 17   9 12  10 25  11 22  13 16  18 21  19 24  20 23 "



   37: |Aut(M)| =  1,  Cycles:3(6:10:10) 
 "   0  1   2  3   4  5   6  7   8  9  10 11  12 13  14 15  16 17  18 19  20 21  22 23  24 25 "
 "   0  3   1  4   2  5   6  9   7 10   8 13  11 14  12 15  16 19  17 20  18 23  21 24  22 25 "
 "   0  5   1  2   3  6   4 17   7 16   8 11   9 20  10 15  12 19  13 24  14 23  18 25  21 22 "



   38: |Aut(M)| =  2,  Cycles:3(6:10:10) 
 "   0  1   2  3   4  5   6  7   8  9  10 11  12 13  14 15  16 17  18 19  20 21  22 23  24 25 "
 "   0  3   1  4   2  5   6  9   7 10   8 13  11 14  12 15  16 19  17 20  18 23  21 24  22 25 "
 "   0  5   1  2   3  6   4 17   7 16   8 11   9 20  10 15  12 25  13 18  14 23  19 24  21 22 "



   39: |Aut(M)| =  1,  Cycles:3(6:10:10) 
 "   0  1   2  3   4  5   6  7   8  9  10 11  12 13  14 15  16 17  18 19  20 21  22 23  24 25 "
 "   0  3   1  4   2  5   6  9   7 10   8 13  11 14  12 15  16 19  17 20  18 23  21 24  22 25 "
 "   0  5   1  2   3  6   4 17   7 16   8 11   9 20  10 21  12 19  13 22  14 25  15 18  23 24 "



   40: |Aut(M)| =  2,  Cycles:3(6:10:10) 
 "   0  1   2  3   4  5   6  7   8  9  10 11  12 13  14 15  16 17  18 19  20 21  22 23  24 25 "
 "   0  3   1  4   2  5   6  9   7 10   8 13  11 14  12 15  16 19  17 20  18 23  21 24  22 25 "
 "   0  5   1  2   3  6   4 17   7 16   8 11   9 20  10 21  12 23  13 18  14 25  15 22  19 24 "



   41: |Aut(M)| =  1,  Cycles:3(6:10:10) 
 "   0  1   2  3   4  5   6  7   8  9  10 11  12 13  14 15  16 17  18 19  20 21  22 23  24 25 "
 "   0  3   1  4   2  5   6  9   7 10   8 13  11 14  12 15  16 19  17 20  18 23  21 24  22 25 "
 "   0  5   1  2   3  6   4 17   7 16   8 11   9 20  10 21  12 23  13 24  14 19  15 22  18 25 "



   42: |Aut(M)| =  1,  Cycles:3(6:10:10) 
 "   0  1   2  3   4  5   6  7   8  9  10 11  12 13  14 15  16 17  18 19  20 21  22 23  24 25 "
 "   0  3   1  4   2  5   6  9   7 10   8 13  11 14  12 15  16 19  17 20  18 23  21 24  22 25 "
 "   0  5   1  2   3  6   4 17   7 16   8 11   9 20  10 21  12 25  13 18  14 23  15 24  19 22 "



   43: |Aut(M)| =  2,  Cycles:3(6:10:10) 
 "   0  1   2  3   4  5   6  7   8  9  10 11  12 13  14 15  16 17  18 19  20 21  22 23  24 25 "
 "   0  3   1  4   2  5   6  9   7 10   8 13  11 14  12 15  16 19  17 20  18 23  21 24  22 25 "
 "   0  5   1  2   3  6   4 17   7 16   8 11   9 20  10 21  12 25  13 22  14 23  15 18  19 24 "



   44: |Aut(M)| =  1,  Cycles:3(6:10:10) 
 "   0  1   2  3   4  5   6  7   8  9  10 11  12 13  14 15  16 17  18 19  20 21  22 23  24 25 "
 "   0  3   1  4   2  5   6  9   7 10   8 13  11 14  12 15  16 19  17 20  18 23  21 24  22 25 "
 "   0  5   1  2   3  6   4 17   7 16   8 11   9 20  10 23  12 19  13 24  14 21  15 22  18 25 "



   45: |Aut(M)| =  2,  Cycles:3(6:10:10) 
 "   0  1   2  3   4  5   6  7   8  9  10 11  12 13  14 15  16 17  18 19  20 21  22 23  24 25 "
 "   0  3   1  4   2  5   6  9   7 10   8 13  11 14  12 15  16 19  17 20  18 23  21 24  22 25 "
 "   0  5   1  2   3  6   4 17   7 16   8 11   9 20  10 23  12 21  13 22  14 25  15 18  19 24 "



   46: |Aut(M)| =  1,  Cycles:3(6:10:10) 
 "   0  1   2  3   4  5   6  7   8  9  10 11  12 13  14 15  16 17  18 19  20 21  22 23  24 25 "
 "   0  3   1  4   2  5   6  9   7 10   8 13  11 14  12 15  16 19  17 20  18 23  21 24  22 25 "
 "   0  5   1  2   3  6   4 17   7 16   8 11   9 20  10 25  12 21  13 24  14 23  15 18  19 22 "



   47: |Aut(M)| =  1,  Cycles:3(6:10:10) 
 "   0  1   2  3   4  5   6  7   8  9  10 11  12 13  14 15  16 17  18 19  20 21  22 23  24 25 "
 "   0  3   1  4   2  5   6  9   7 10   8 13  11 14  12 15  16 19  17 20  18 23  21 24  22 25 "
 "   0  5   1  2   3  6   4 17   7 16   8 11   9 20  10 25  12 23  13 18  14 21  15 24  19 22 "



   48: |Aut(M)| =  6,  Cycles:3(6:10:10) 
 "   0  1   2  3   4  5   6  7   8  9  10 11  12 13  14 15  16 17  18 19  20 21  22 23  24 25 "
 "   0  3   1  4   2  5   6  9   7 10   8 13  11 14  12 15  16 19  17 20  18 23  21 24  22 25 "
 "   0  5   1  2   3  6   4 17   7 16   8 15   9 20  10 21  11 12  13 14  18 25  19 22  23 24 "



   49: |Aut(M)| =  1,  Cycles:3(6:10:10) 
 "   0  1   2  3   4  5   6  7   8  9  10 11  12 13  14 15  16 17  18 19  20 21  22 23  24 25 "
 "   0  3   1  4   2  5   6  9   7 10   8 13  11 14  12 15  16 19  17 20  18 23  21 24  22 25 "
 "   0  5   1  2   3  6   4 17   7 16   8 15   9 20  10 21  11 18  12 25  13 22  14 19  23 24 "



   50: |Aut(M)| =  1,  Cycles:3(6:10:10) 
 "   0  1   2  3   4  5   6  7   8  9  10 11  12 13  14 15  16 17  18 19  20 21  22 23  24 25 "
 "   0  3   1  4   2  5   6  9   7 10   8 13  11 14  12 15  16 19  17 20  18 23  21 24  22 25 "
 "   0  5   1  2   3  6   4 17   7 16   8 15   9 20  10 21  11 22  12 19  13 24  14 23  18 25 "



   51: |Aut(M)| =  2,  Cycles:3(6:10:10) 
 "   0  1   2  3   4  5   6  7   8  9  10 11  12 13  14 15  16 17  18 19  20 21  22 23  24 25 "
 "   0  3   1  4   2  5   6  9   7 10   8 13  11 14  12 15  16 19  17 20  18 23  21 24  22 25 "
 "   0  5   1  2   3  6   4 17   7 16   8 15   9 20  10 21  11 24  12 23  13 18  14 25  19 22 "



   52: |Aut(M)| =  2,  Cycles:3(6:10:10) 
 "   0  1   2  3   4  5   6  7   8  9  10 11  12 13  14 15  16 17  18 19  20 21  22 23  24 25 "
 "   0  3   1  4   2  5   6  9   7 10   8 13  11 14  12 15  16 19  17 20  18 23  21 24  22 25 "
 "   0  5   1  2   3  6   4 17   7 16   8 15   9 20  10 23  11 18  12 21  13 24  14 25  19 22 "



   53: |Aut(M)| =  2,  Cycles:3(6:10:10) 
 "   0  1   2  3   4  5   6  7   8  9  10 11  12 13  14 15  16 17  18 19  20 21  22 23  24 25 "
 "   0  3   1  4   2  5   6  9   7 10   8 13  11 14  12 15  16 19  17 20  18 23  21 24  22 25 "
 "   0  5   1  2   3  6   4 17   7 16   8 15   9 20  10 25  11 12  13 18  14 21  19 22  23 24 "



   54: |Aut(M)| =  1,  Cycles:3(6:10:10) 
 "   0  1   2  3   4  5   6  7   8  9  10 11  12 13  14 15  16 17  18 19  20 21  22 23  24 25 "
 "   0  3   1  4   2  5   6  9   7 10   8 13  11 14  12 15  16 19  17 20  18 23  21 24  22 25 "
 "   0  5   1  2   3  6   4 17   7 16   8 15   9 20  10 25  11 18  12 19  13 22  14 21  23 24 "



   55: |Aut(M)| =  2,  Cycles:3(6:10:10) 
 "   0  1   2  3   4  5   6  7   8  9  10 11  12 13  14 15  16 17  18 19  20 21  22 23  24 25 "
 "   0  3   1  4   2  5   6  9   7 10   8 13  11 14  12 15  16 19  17 20  18 23  21 24  22 25 "
 "   0  5   1  2   3  6   4 17   7 16   8 15   9 20  10 25  11 18  12 23  13 24  14 21  19 22 "



   56: |Aut(M)| =  2,  Cycles:3(6:10:10) 
 "   0  1   2  3   4  5   6  7   8  9  10 11  12 13  14 15  16 17  18 19  20 21  22 23  24 25 "
 "   0  3   1  4   2  5   6  9   7 10   8 13  11 14  12 15  16 19  17 20  18 23  21 24  22 25 "
 "   0  5   1  2   3  6   4 17   7 16   8 19   9 20  10 21  11 12  13 18  14 25  15 22  23 24 "



   57: |Aut(M)| =  1,  Cycles:3(6:10:10) 
 "   0  1   2  3   4  5   6  7   8  9  10 11  12 13  14 15  16 17  18 19  20 21  22 23  24 25 "
 "   0  3   1  4   2  5   6  9   7 10   8 13  11 14  12 15  16 19  17 20  18 23  21 24  22 25 "
 "   0  5   1  2   3  6   4 17   7 16   8 19   9 20  10 23  11 12  13 22  14 21  15 24  18 25 "



   58: |Aut(M)| =  2,  Cycles:3(6:10:10) 
 "   0  1   2  3   4  5   6  7   8  9  10 11  12 13  14 15  16 17  18 19  20 21  22 23  24 25 "
 "   0  3   1  4   2  5   6  9   7 10   8 13  11 14  12 15  16 19  17 20  18 23  21 24  22 25 "
 "   0  5   1  6   2  7   3 10   4 11   8 15   9 16  12 17  13 24  14 25  18 21  19 22  20 23 "



   59: |Aut(M)| =  2,  Cycles:3(6:10:10) 
 "   0  1   2  3   4  5   6  7   8  9  10 11  12 13  14 15  16 17  18 19  20 21  22 23  24 25 "
 "   0  3   1  4   2  5   6  9   7 10   8 13  11 14  12 15  16 19  17 20  18 23  21 24  22 25 "
 "   0  5   1  6   2  7   3 10   4 11   8 15   9 16  12 21  13 22  14 17  18 25  19 20  23 24 "



   60: |Aut(M)| =  4,  Cycles:3(6:10:10) 
 "   0  1   2  3   4  5   6  7   8  9  10 11  12 13  14 15  16 17  18 19  20 21  22 23  24 25 "
 "   0  3   1  4   2  5   6  9   7 10   8 13  11 14  12 15  16 19  17 20  18 23  21 24  22 25 "
 "   0  5   1  6   2  7   3 10   4 11   8 15   9 16  12 23  13 24  14 17  18 25  19 20  21 22 "



   61: |Aut(M)| =  2,  Cycles:3(6:10:10) 
 "   0  1   2  3   4  5   6  7   8  9  10 11  12 13  14 15  16 17  18 19  20 21  22 23  24 25 "
 "   0  3   1  4   2  5   6  9   7 10   8 13  11 14  12 15  16 19  17 20  18 23  21 24  22 25 "
 "   0  5   1  6   2  7   3 10   4 11   8 15   9 16  12 25  13 18  14 21  17 22  19 24  20 23 "



   62: |Aut(M)| =  1,  Cycles:3(6:10:10) 
 "   0  1   2  3   4  5   6  7   8  9  10 11  12 13  14 15  16 17  18 19  20 21  22 23  24 25 "
 "   0  3   1  4   2  5   6  9   7 10   8 13  11 14  12 15  16 19  17 20  18 23  21 24  22 25 "
 "   0  5   1  6   2  7   3 10   4 11   8 17   9 12  13 16  14 21  15 24  18 25  19 22  20 23 "



   63: |Aut(M)| =  1,  Cycles:3(6:10:10) 
 "   0  1   2  3   4  5   6  7   8  9  10 11  12 13  14 15  16 17  18 19  20 21  22 23  24 25 "
 "   0  3   1  4   2  5   6  9   7 10   8 13  11 14  12 15  16 19  17 20  18 23  21 24  22 25 "
 "   0  5   1  6   2  7   3 10   4 11   8 17   9 12  13 16  14 23  15 18  19 24  20 25  21 22 "



   64: |Aut(M)| =  1,  Cycles:3(6:10:10) 
 "   0  1   2  3   4  5   6  7   8  9  10 11  12 13  14 15  16 17  18 19  20 21  22 23  24 25 "
 "   0  3   1  4   2  5   6  9   7 10   8 13  11 14  12 15  16 19  17 20  18 23  21 24  22 25 "
 "   0  5   1  6   2  7   3 10   4 11   8 17   9 12  13 16  14 25  15 22  18 21  19 24  20 23 "



   65: |Aut(M)| =  4,  Cycles:3(6:10:10) 
 "   0  1   2  3   4  5   6  7   8  9  10 11  12 13  14 15  16 17  18 19  20 21  22 23  24 25 "
 "   0  3   1  4   2  5   6  9   7 10   8 13  11 14  12 15  16 19  17 20  18 23  21 24  22 25 "
 "   0  5   1  6   2  7   3 10   4 11   8 17   9 18  12 25  13 22  14 21  15 16  19 20  23 24 "



   66: |Aut(M)| =  2,  Cycles:3(6:10:10) 
 "   0  1   2  3   4  5   6  7   8  9  10 11  12 13  14 15  16 17  18 19  20 21  22 23  24 25 "
 "   0  3   1  4   2  5   6  9   7 10   8 13  11 14  12 15  16 19  17 20  18 23  21 24  22 25 "
 "   0  5   1  6   2  7   3 10   4 11   8 17   9 22  12 23  13 24  14 19  15 20  16 25  18 21 "



   67: |Aut(M)| =  1,  Cycles:3(6:10:10) 
 "   0  1   2  3   4  5   6  7   8  9  10 11  12 13  14 15  16 17  18 19  20 21  22 23  24 25 "
 "   0  3   1  4   2  5   6  9   7 10   8 13  11 14  12 15  16 19  17 20  18 23  21 24  22 25 "
 "   0  5   1  6   2  7   3 12   4 13   8 11   9 16  10 21  14 19  15 24  17 22  18 25  20 23 "



   68: |Aut(M)| =  1,  Cycles:3(6:10:10) 
 "   0  1   2  3   4  5   6  7   8  9  10 11  12 13  14 15  16 17  18 19  20 21  22 23  24 25 "
 "   0  3   1  4   2  5   6  9   7 10   8 13  11 14  12 15  16 19  17 20  18 23  21 24  22 25 "
 "   0  5   1  6   2  7   3 12   4 13   8 17   9 18  10 21  11 22  14 19  15 24  16 25  20 23 "



   69: |Aut(M)| =  2,  Cycles:3(6:10:10) 
 "   0  1   2  3   4  5   6  7   8  9  10 11  12 13  14 15  16 17  18 19  20 21  22 23  24 25 "
 "   0  3   1  4   2  5   6  9   7 10   8 13  11 14  12 15  16 19  17 20  18 23  21 24  22 25 "
 "   0  5   1  6   2  7   3 12   4 13   8 17   9 22  10 21  11 18  14 19  15 24  16 23  20 25 "



   70: |Aut(M)| =  20,  Cycles:3(6:10:10) 
 "   0  1   2  3   4  5   6  7   8  9  10 11  12 13  14 15  16 17  18 19  20 21  22 23  24 25 "
 "   0  3   1  4   2  5   6  9   7 10   8 13  11 14  12 15  16 19  17 20  18 23  21 24  22 25 "
 "   0  5   1  6   2  7   3 14   4 15   8 11   9 12  10 13  16 21  17 18  19 22  20 25  23 24 "



   71: |Aut(M)| =  4,  Cycles:3(6:10:10) 
 "   0  1   2  3   4  5   6  7   8  9  10 11  12 13  14 15  16 17  18 19  20 21  22 23  24 25 "
 "   0  3   1  4   2  5   6  9   7 10   8 13  11 14  12 15  16 19  17 20  18 23  21 24  22 25 "
 "   0  5   1  6   2  7   3 14   4 15   8 11   9 12  10 13  16 21  17 22  18 25  19 20  23 24 "



   72: |Aut(M)| =  10,  Cycles:3(6:10:10) 
 "   0  1   2  3   4  5   6  7   8  9  10 11  12 13  14 15  16 17  18 19  20 21  22 23  24 25 "
 "   0  3   1  4   2  5   6  9   7 10   8 13  11 14  12 15  16 19  17 20  18 23  21 24  22 25 "
 "   0  5   1  6   2  7   3 14   4 15   8 11   9 12  10 13  16 23  17 24  18 25  19 20  21 22 "



   73: |Aut(M)| =  1,  Cycles:3(6:10:10) 
 "   0  1   2  3   4  5   6  7   8  9  10 11  12 13  14 15  16 17  18 19  20 21  22 23  24 25 "
 "   0  3   1  4   2  5   6  9   7 10   8 13  11 14  12 15  16 19  17 20  18 23  21 24  22 25 "
 "   0  5   1  6   2  7   3 14   4 15   8 17   9 12  10 21  11 24  13 16  18 25  19 22  20 23 "



   74: |Aut(M)| =  1,  Cycles:3(6:10:10) 
 "   0  1   2  3   4  5   6  7   8  9  10 11  12 13  14 15  16 17  18 19  20 21  22 23  24 25 "
 "   0  3   1  4   2  5   6  9   7 10   8 13  11 14  12 15  16 19  17 20  18 23  21 24  22 25 "
 "   0  5   1  6   2  7   3 14   4 15   8 17   9 12  10 21  11 24  13 18  16 23  19 22  20 25 "



   75: |Aut(M)| =  2,  Cycles:3(6:10:10) 
 "   0  1   2  3   4  5   6  7   8  9  10 11  12 13  14 15  16 17  18 19  20 21  22 23  24 25 "
 "   0  3   1  4   2  5   6  9   7 10   8 13  11 14  12 15  16 19  17 20  18 23  21 24  22 25 "
 "   0  5   1  6   2  7   3 14   4 15   8 17   9 12  10 23  11 18  13 24  16 21  19 22  20 25 "



   76: |Aut(M)| =  2,  Cycles:3(6:10:10) 
 "   0  1   2  3   4  5   6  7   8  9  10 11  12 13  14 15  16 17  18 19  20 21  22 23  24 25 "
 "   0  3   1  4   2  5   6  9   7 10   8 13  11 14  12 15  16 19  17 20  18 23  21 24  22 25 "
 "   0  5   1  6   2  7   3 14   4 15   8 17   9 12  10 25  11 22  13 16  18 21  19 24  20 23 "



   77: |Aut(M)| =  2,  Cycles:3(6:10:10) 
 "   0  1   2  3   4  5   6  7   8  9  10 11  12 13  14 15  16 17  18 19  20 21  22 23  24 25 "
 "   0  3   1  4   2  5   6  9   7 10   8 13  11 14  12 15  16 19  17 20  18 23  21 24  22 25 "
 "   0  5   1  6   2  7   3 14   4 15   8 17   9 18  10 21  11 24  12 19  13 22  16 23  20 25 "



   78: |Aut(M)| =  4,  Cycles:3(6:10:10) 
 "   0  1   2  3   4  5   6  7   8  9  10 11  12 13  14 15  16 17  18 19  20 21  22 23  24 25 "
 "   0  3   1  4   2  5   6  9   7 10   8 13  11 14  12 15  16 19  17 20  18 23  21 24  22 25 "
 "   0  5   1  6   2  7   3 14   4 15   8 17   9 18  10 25  11 22  12 21  13 16  19 20  23 24 "



   79: |Aut(M)| =  1,  Cycles:3(6:10:10) 
 "   0  1   2  3   4  5   6  7   8  9  10 11  12 13  14 15  16 17  18 19  20 21  22 23  24 25 "
 "   0  3   1  4   2  5   6  9   7 10   8 13  11 14  12 15  16 19  17 20  18 23  21 24  22 25 "
 "   0  5   1  6   2  7   3 16   4 17   8 11   9 12  10 21  13 22  14 25  15 18  19 24  20 23 "



   80: |Aut(M)| =  1,  Cycles:3(6:10:10) 
 "   0  1   2  3   4  5   6  7   8  9  10 11  12 13  14 15  16 17  18 19  20 21  22 23  24 25 "
 "   0  3   1  4   2  5   6  9   7 10   8 13  11 14  12 15  16 19  17 20  18 23  21 24  22 25 "
 "   0  5   1  6   2  7   3 16   4 17   8 11   9 20  10 15  12 19  13 24  14 23  18 25  21 22 "



   81: |Aut(M)| =  1,  Cycles:3(6:10:10) 
 "   0  1   2  3   4  5   6  7   8  9  10 11  12 13  14 15  16 17  18 19  20 21  22 23  24 25 "
 "   0  3   1  4   2  5   6  9   7 10   8 13  11 14  12 15  16 19  17 20  18 23  21 24  22 25 "
 "   0  5   1  6   2  7   3 16   4 17   8 11   9 20  10 21  12 23  13 18  14 25  15 22  19 24 "



   82: |Aut(M)| =  1,  Cycles:3(6:10:10) 
 "   0  1   2  3   4  5   6  7   8  9  10 11  12 13  14 15  16 17  18 19  20 21  22 23  24 25 "
 "   0  3   1  4   2  5   6  9   7 10   8 13  11 14  12 15  16 19  17 20  18 23  21 24  22 25 "
 "   0  5   1  6   2  7   3 16   4 17   8 11   9 20  10 21  12 25  13 22  14 23  15 18  19 24 "



   83: |Aut(M)| =  1,  Cycles:3(6:10:10) 
 "   0  1   2  3   4  5   6  7   8  9  10 11  12 13  14 15  16 17  18 19  20 21  22 23  24 25 "
 "   0  3   1  4   2  5   6  9   7 10   8 13  11 14  12 15  16 19  17 20  18 23  21 24  22 25 "
 "   0  5   1  6   2  7   3 16   4 17   8 11   9 20  10 25  12 21  13 24  14 23  15 18  19 22 "



   84: |Aut(M)| =  1,  Cycles:3(6:10:10) 
 "   0  1   2  3   4  5   6  7   8  9  10 11  12 13  14 15  16 17  18 19  20 21  22 23  24 25 "
 "   0  3   1  4   2  5   6  9   7 10   8 13  11 14  12 15  16 19  17 20  18 23  21 24  22 25 "
 "   0  5   1  6   2  7   3 16   4 17   8 11   9 20  10 25  12 23  13 18  14 21  15 24  19 22 "



   85: |Aut(M)| =  1,  Cycles:3(6:10:10) 
 "   0  1   2  3   4  5   6  7   8  9  10 11  12 13  14 15  16 17  18 19  20 21  22 23  24 25 "
 "   0  3   1  4   2  5   6  9   7 10   8 13  11 14  12 15  16 19  17 20  18 23  21 24  22 25 "
 "   0  5   1  6   2  7   3 16   4 17   8 11   9 22  10 15  12 19  13 24  14 21  18 25  20 23 "



   86: |Aut(M)| =  1,  Cycles:3(6:10:10) 
 "   0  1   2  3   4  5   6  7   8  9  10 11  12 13  14 15  16 17  18 19  20 21  22 23  24 25 "
 "   0  3   1  4   2  5   6  9   7 10   8 13  11 14  12 15  16 19  17 20  18 23  21 24  22 25 "
 "   0  5   1  6   2  7   3 16   4 17   8 11   9 22  10 21  12 25  13 18  14 23  15 20  19 24 "



   87: |Aut(M)| =  1,  Cycles:3(6:10:10) 
 "   0  1   2  3   4  5   6  7   8  9  10 11  12 13  14 15  16 17  18 19  20 21  22 23  24 25 "
 "   0  3   1  4   2  5   6  9   7 10   8 13  11 14  12 15  16 19  17 20  18 23  21 24  22 25 "
 "   0  5   1  6   2  7   3 16   4 17   8 11   9 24  10 25  12 21  13 18  14 23  15 20  19 22 "



   88: |Aut(M)| =  1,  Cycles:3(6:10:10) 
 "   0  1   2  3   4  5   6  7   8  9  10 11  12 13  14 15  16 17  18 19  20 21  22 23  24 25 "
 "   0  3   1  4   2  5   6  9   7 10   8 13  11 14  12 15  16 19  17 20  18 23  21 24  22 25 "
 "   0  5   1  6   2  7   3 16   4 17   8 15   9 20  10 21  11 22  12 25  13 18  14 23  19 24 "



   89: |Aut(M)| =  1,  Cycles:3(6:10:10) 
 "   0  1   2  3   4  5   6  7   8  9  10 11  12 13  14 15  16 17  18 19  20 21  22 23  24 25 "
 "   0  3   1  4   2  5   6  9   7 10   8 13  11 14  12 15  16 19  17 20  18 23  21 24  22 25 "
 "   0  5   1  6   2  7   3 16   4 17   8 15   9 20  10 25  11 12  13 18  14 21  19 22  23 24 "



   90: |Aut(M)| =  1,  Cycles:3(6:10:10) 
 "   0  1   2  3   4  5   6  7   8  9  10 11  12 13  14 15  16 17  18 19  20 21  22 23  24 25 "
 "   0  3   1  4   2  5   6  9   7 10   8 13  11 14  12 15  16 19  17 20  18 23  21 24  22 25 "
 "   0  5   1  6   2  7   3 16   4 17   8 15   9 20  10 25  11 18  12 23  13 24  14 21  19 22 "



   91: |Aut(M)| =  1,  Cycles:3(6:10:10) 
 "   0  1   2  3   4  5   6  7   8  9  10 11  12 13  14 15  16 17  18 19  20 21  22 23  24 25 "
 "   0  3   1  4   2  5   6  9   7 10   8 13  11 14  12 15  16 19  17 20  18 23  21 24  22 25 "
 "   0  5   1  6   2  7   3 16   4 17   8 15   9 24  10 25  11 20  12 23  13 18  14 21  19 22 "



   92: |Aut(M)| =  1,  Cycles:3(6:10:10) 
 "   0  1   2  3   4  5   6  7   8  9  10 11  12 13  14 15  16 17  18 19  20 21  22 23  24 25 "
 "   0  3   1  4   2  5   6  9   7 10   8 13  11 14  12 15  16 19  17 20  18 23  21 24  22 25 "
 "   0  5   1  6   2  7   3 16   4 17   8 19   9 14  10 13  11 22  12 21  15 18  20 25  23 24 "



   93: |Aut(M)| =  1,  Cycles:3(6:10:10) 
 "   0  1   2  3   4  5   6  7   8  9  10 11  12 13  14 15  16 17  18 19  20 21  22 23  24 25 "
 "   0  3   1  4   2  5   6  9   7 10   8 13  11 14  12 15  16 19  17 20  18 23  21 24  22 25 "
 "   0  5   1  6   2  7   3 16   4 17   8 19   9 20  10 13  11 22  12 23  14 21  15 24  18 25 "



   94: |Aut(M)| =  1,  Cycles:3(6:10:10) 
 "   0  1   2  3   4  5   6  7   8  9  10 11  12 13  14 15  16 17  18 19  20 21  22 23  24 25 "
 "   0  3   1  4   2  5   6  9   7 10   8 13  11 14  12 15  16 19  17 20  18 23  21 24  22 25 "
 "   0  5   1  6   2  7   3 16   4 17   8 19   9 22  10 13  11 20  12 21  14 25  15 18  23 24 "



   95: |Aut(M)| =  1,  Cycles:3(6:10:10) 
 "   0  1   2  3   4  5   6  7   8  9  10 11  12 13  14 15  16 17  18 19  20 21  22 23  24 25 "
 "   0  3   1  4   2  5   6  9   7 10   8 13  11 14  12 15  16 19  17 20  18 23  21 24  22 25 "
 "   0  5   1  6   2  7   3 16   4 17   8 19   9 24  10 13  11 20  12 23  14 21  15 22  18 25 "



   96: |Aut(M)| =  1,  Cycles:3(6:10:10) 
 "   0  1   2  3   4  5   6  7   8  9  10 11  12 13  14 15  16 17  18 19  20 21  22 23  24 25 "
 "   0  3   1  4   2  5   6  9   7 10   8 13  11 14  12 15  16 19  17 20  18 23  21 24  22 25 "
 "   0  5   1  6   2  7   3 16   4 17   8 19   9 24  10 13  11 22  12 21  14 23  15 20  18 25 "



   97: |Aut(M)| =  1,  Cycles:3(6:10:10) 
 "   0  1   2  3   4  5   6  7   8  9  10 11  12 13  14 15  16 17  18 19  20 21  22 23  24 25 "
 "   0  3   1  4   2  5   6  9   7 10   8 13  11 14  12 15  16 19  17 20  18 23  21 24  22 25 "
 "   0  5   1  6   2  7   3 16   4 17   8 21   9 14  10 25  11 12  13 18  15 20  19 22  23 24 "



   98: |Aut(M)| =  1,  Cycles:3(6:10:10) 
 "   0  1   2  3   4  5   6  7   8  9  10 11  12 13  14 15  16 17  18 19  20 21  22 23  24 25 "
 "   0  3   1  4   2  5   6  9   7 10   8 13  11 14  12 15  16 19  17 20  18 23  21 24  22 25 "
 "   0  5   1  6   2  7   3 16   4 17   8 21   9 24  10 15  11 22  12 19  13 20  14 23  18 25 "



   99: |Aut(M)| =  2,  Cycles:3(6:10:10) 
 "   0  1   2  3   4  5   6  7   8  9  10 11  12 13  14 15  16 17  18 19  20 21  22 23  24 25 "
 "   0  3   1  4   2  5   6  9   7 10   8 13  11 14  12 15  16 19  17 20  18 23  21 24  22 25 "
 "   0  5   1  6   2  7   3 16   4 17   8 23   9 18  10 25  11 12  13 20  14 21  15 24  19 22 "



  100: |Aut(M)| =  1,  Cycles:3(6:10:10) 
 "   0  1   2  3   4  5   6  7   8  9  10 11  12 13  14 15  16 17  18 19  20 21  22 23  24 25 "
 "   0  3   1  4   2  5   6  9   7 10   8 13  11 14  12 15  16 19  17 20  18 23  21 24  22 25 "
 "   0  5   1  6   2  7   3 16   4 17   8 23   9 20  10 15  11 22  12 19  13 24  14 21  18 25 "



  101: |Aut(M)| =  1,  Cycles:3(6:10:10) 
 "   0  1   2  3   4  5   6  7   8  9  10 11  12 13  14 15  16 17  18 19  20 21  22 23  24 25 "
 "   0  3   1  4   2  5   6  9   7 10   8 13  11 14  12 15  16 19  17 20  18 23  21 24  22 25 "
 "   0  5   1  6   2  7   3 16   4 17   8 23   9 24  10 25  11 18  12 21  13 14  15 20  19 22 "



  102: |Aut(M)| =  4,  Cycles:3(6:10:10) 
 "   0  1   2  3   4  5   6  7   8  9  10 11  12 13  14 15  16 17  18 19  20 21  22 23  24 25 "
 "   0  3   1  4   2  5   6  9   7 10   8 13  11 14  12 15  16 19  17 20  18 23  21 24  22 25 "
 "   0  5   1  6   2 11   3  8   4  7   9 16  10 25  12 21  13 18  14 23  15 20  17 24  19 22 "



  103: |Aut(M)| =  1,  Cycles:3(6:10:10) 
 "   0  1   2  3   4  5   6  7   8  9  10 11  12 13  14 15  16 17  18 19  20 21  22 23  24 25 "
 "   0  3   1  4   2  5   6  9   7 10   8 13  11 14  12 15  16 19  17 20  18 23  21 24  22 25 "
 "   0  5   1  6   2 11   3  8   4 17   7 12   9 20  10 23  13 16  14 19  15 24  18 25  21 22 "



  104: |Aut(M)| =  1,  Cycles:3(6:10:10) 
 "   0  1   2  3   4  5   6  7   8  9  10 11  12 13  14 15  16 17  18 19  20 21  22 23  24 25 "
 "   0  3   1  4   2  5   6  9   7 10   8 13  11 14  12 15  16 19  17 20  18 23  21 24  22 25 "
 "   0  5   1  6   2 11   3  8   4 17   7 12   9 22  10 21  13 16  14 19  15 24  18 25  20 23 "



  105: |Aut(M)| =  1,  Cycles:3(6:10:10) 
 "   0  1   2  3   4  5   6  7   8  9  10 11  12 13  14 15  16 17  18 19  20 21  22 23  24 25 "
 "   0  3   1  4   2  5   6  9   7 10   8 13  11 14  12 15  16 19  17 20  18 23  21 24  22 25 "
 "   0  5   1  6   2 11   3  8   4 17   7 22   9 10  12 19  13 24  14 21  15 18  16 23  20 25 "



  106: |Aut(M)| =  1,  Cycles:3(6:10:10) 
 "   0  1   2  3   4  5   6  7   8  9  10 11  12 13  14 15  16 17  18 19  20 21  22 23  24 25 "
 "   0  3   1  4   2  5   6  9   7 10   8 13  11 14  12 15  16 19  17 20  18 23  21 24  22 25 "
 "   0  5   1  6   2 11   3  8   4 17   7 22   9 20  10 15  12 19  13 24  14 21  16 23  18 25 "



  107: |Aut(M)| =  1,  Cycles:3(6:10:10) 
 "   0  1   2  3   4  5   6  7   8  9  10 11  12 13  14 15  16 17  18 19  20 21  22 23  24 25 "
 "   0  3   1  4   2  5   6  9   7 10   8 13  11 14  12 15  16 19  17 20  18 23  21 24  22 25 "
 "   0  5   1  6   2 11   3  8   4 17   7 24   9 22  10 15  12 21  13 18  14 23  16 25  19 20 "



  108: |Aut(M)| =  5,  Cycles:3(6:10:10) 
 "   0  1   2  3   4  5   6  7   8  9  10 11  12 13  14 15  16 17  18 19  20 21  22 23  24 25 "
 "   0  3   1  4   2  5   6  9   7 10   8 13  11 14  12 15  16 19  17 20  18 23  21 24  22 25 "
 "   0  5   1  6   2 11   3 12   4  7   8 15   9 10  13 14  16 21  17 18  19 22  20 25  23 24 "



  109: |Aut(M)| =  2,  Cycles:3(6:10:10) 
 "   0  1   2  3   4  5   6  7   8  9  10 11  12 13  14 15  16 17  18 19  20 21  22 23  24 25 "
 "   0  3   1  4   2  5   6  9   7 10   8 13  11 14  12 15  16 19  17 20  18 23  21 24  22 25 "
 "   0  5   1  6   2 11   3 12   4  7   8 15   9 10  13 14  16 21  17 22  18 25  19 20  23 24 "



  110: |Aut(M)| =  10,  Cycles:3(6:10:10) 
 "   0  1   2  3   4  5   6  7   8  9  10 11  12 13  14 15  16 17  18 19  20 21  22 23  24 25 "
 "   0  3   1  4   2  5   6  9   7 10   8 13  11 14  12 15  16 19  17 20  18 23  21 24  22 25 "
 "   0  5   1  6   2 11   3 12   4  7   8 15   9 10  13 14  16 23  17 24  18 25  19 20  21 22 "



  111: |Aut(M)| =  1,  Cycles:3(6:10:10) 
 "   0  1   2  3   4  5   6  7   8  9  10 11  12 13  14 15  16 17  18 19  20 21  22 23  24 25 "
 "   0  3   1  4   2  5   6  9   7 10   8 13  11 14  12 15  16 19  17 20  18 23  21 24  22 25 "
 "   0  5   1  6   2 11   3 12   4  7   8 17   9 10  13 16  14 21  15 24  18 25  19 22  20 23 "



  112: |Aut(M)| =  1,  Cycles:3(6:10:10) 
 "   0  1   2  3   4  5   6  7   8  9  10 11  12 13  14 15  16 17  18 19  20 21  22 23  24 25 "
 "   0  3   1  4   2  5   6  9   7 10   8 13  11 14  12 15  16 19  17 20  18 23  21 24  22 25 "
 "   0  5   1  6   2 11   3 12   4  7   8 17   9 10  13 16  14 23  15 18  19 24  20 25  21 22 "



  113: |Aut(M)| =  1,  Cycles:3(6:10:10) 
 "   0  1   2  3   4  5   6  7   8  9  10 11  12 13  14 15  16 17  18 19  20 21  22 23  24 25 "
 "   0  3   1  4   2  5   6  9   7 10   8 13  11 14  12 15  16 19  17 20  18 23  21 24  22 25 "
 "   0  5   1  6   2 11   3 12   4  7   8 17   9 10  13 16  14 25  15 22  18 21  19 24  20 23 "



  114: |Aut(M)| =  2,  Cycles:3(6:10:10) 
 "   0  1   2  3   4  5   6  7   8  9  10 11  12 13  14 15  16 17  18 19  20 21  22 23  24 25 "
 "   0  3   1  4   2  5   6  9   7 10   8 13  11 14  12 15  16 19  17 20  18 23  21 24  22 25 "
 "   0  5   1  6   2 11   3 12   4 17   7  8   9 16  10 21  13 24  14 23  15 18  19 22  20 25 "



  115: |Aut(M)| =  2,  Cycles:3(6:10:10) 
 "   0  1   2  3   4  5   6  7   8  9  10 11  12 13  14 15  16 17  18 19  20 21  22 23  24 25 "
 "   0  3   1  4   2  5   6  9   7 10   8 13  11 14  12 15  16 19  17 20  18 23  21 24  22 25 "
 "   0  5   1  6   2 11   3 12   4 17   7  8   9 16  10 23  13 18  14 21  15 24  19 22  20 25 "



  116: |Aut(M)| =  2,  Cycles:3(6:10:10) 
 "   0  1   2  3   4  5   6  7   8  9  10 11  12 13  14 15  16 17  18 19  20 21  22 23  24 25 "
 "   0  3   1  4   2  5   6  9   7 10   8 13  11 14  12 15  16 19  17 20  18 23  21 24  22 25 "
 "   0  5   1  6   2 11   3 12   4 17   7 22   8 19   9 10  13 18  14 21  15 24  16 23  20 25 "



  117: |Aut(M)| =  1,  Cycles:3(6:10:10) 
 "   0  1   2  3   4  5   6  7   8  9  10 11  12 13  14 15  16 17  18 19  20 21  22 23  24 25 "
 "   0  3   1  4   2  5   6  9   7 10   8 13  11 14  12 15  16 19  17 20  18 23  21 24  22 25 "
 "   0  5   1  6   2 11   3 12   4 17   7 22   8 19   9 20  10 13  14 21  15 24  16 23  18 25 "



  118: |Aut(M)| =  1,  Cycles:3(6:10:10) 
 "   0  1   2  3   4  5   6  7   8  9  10 11  12 13  14 15  16 17  18 19  20 21  22 23  24 25 "
 "   0  3   1  4   2  5   6  9   7 10   8 13  11 14  12 15  16 19  17 20  18 23  21 24  22 25 "
 "   0  5   1  6   2 11   3 12   4 17   7 22   8 25   9 18  10 13  14 21  15 24  16 23  19 20 "



  119: |Aut(M)| =  1,  Cycles:3(6:10:10) 
 "   0  1   2  3   4  5   6  7   8  9  10 11  12 13  14 15  16 17  18 19  20 21  22 23  24 25 "
 "   0  3   1  4   2  5   6  9   7 10   8 13  11 14  12 15  16 19  17 20  18 23  21 24  22 25 "
 "   0  5   1  6   2 11   3 12   4 17   7 24   8 19   9 20  10 13  14 23  15 18  16 25  21 22 "



  120: |Aut(M)| =  1,  Cycles:3(6:10:10) 
 "   0  1   2  3   4  5   6  7   8  9  10 11  12 13  14 15  16 17  18 19  20 21  22 23  24 25 "
 "   0  3   1  4   2  5   6  9   7 10   8 13  11 14  12 15  16 19  17 20  18 23  21 24  22 25 "
 "   0  5   1  6   2 11   3 12   4 17   7 24   8 21   9 22  10 13  14 23  15 18  16 25  19 20 "



  121: |Aut(M)| =  2,  Cycles:3(6:10:10) 
 "   0  1   2  3   4  5   6  7   8  9  10 11  12 13  14 15  16 17  18 19  20 21  22 23  24 25 "
 "   0  3   1  4   2  5   6  9   7 10   8 13  11 14  12 15  16 19  17 20  18 23  21 24  22 25 "
 "   0  5   1  6   2 11   3 14   4  7   8 17   9 20  10 13  12 19  15 18  16 25  21 22  23 24 "



  122: |Aut(M)| =  2,  Cycles:3(6:10:10) 
 "   0  1   2  3   4  5   6  7   8  9  10 11  12 13  14 15  16 17  18 19  20 21  22 23  24 25 "
 "   0  3   1  4   2  5   6  9   7 10   8 13  11 14  12 15  16 19  17 20  18 23  21 24  22 25 "
 "   0  5   1  6   2 11   3 14   4  7   8 17   9 20  10 13  12 23  15 22  16 25  18 21  19 24 "



  123: |Aut(M)| =  2,  Cycles:3(6:10:10) 
 "   0  1   2  3   4  5   6  7   8  9  10 11  12 13  14 15  16 17  18 19  20 21  22 23  24 25 "
 "   0  3   1  4   2  5   6  9   7 10   8 13  11 14  12 15  16 19  17 20  18 23  21 24  22 25 "
 "   0  5   1  6   2 11   3 14   4  7   8 17   9 20  10 13  12 25  15 24  16 23  18 21  19 22 "



  124: |Aut(M)| =  2,  Cycles:3(6:10:10) 
 "   0  1   2  3   4  5   6  7   8  9  10 11  12 13  14 15  16 17  18 19  20 21  22 23  24 25 "
 "   0  3   1  4   2  5   6  9   7 10   8 13  11 14  12 15  16 19  17 20  18 23  21 24  22 25 "
 "   0  5   1  6   2 11   3 14   4  7   8 17   9 22  10 19  12 23  13 24  15 20  16 25  18 21 "



  125: |Aut(M)| =  20,  Cycles:3(6:10:10) 
 "   0  1   2  3   4  5   6  7   8  9  10 11  12 13  14 15  16 17  18 19  20 21  22 23  24 25 "
 "   0  3   1  4   2  5   6  9   7 10   8 13  11 14  12 15  16 19  17 20  18 23  21 24  22 25 "
 "   0  5   1  6   2 11   3 14   4 13   7  8   9 12  10 15  16 21  17 18  19 22  20 25  23 24 "



  126: |Aut(M)| =  4,  Cycles:3(6:10:10) 
 "   0  1   2  3   4  5   6  7   8  9  10 11  12 13  14 15  16 17  18 19  20 21  22 23  24 25 "
 "   0  3   1  4   2  5   6  9   7 10   8 13  11 14  12 15  16 19  17 20  18 23  21 24  22 25 "
 "   0  5   1  6   2 11   3 14   4 13   7  8   9 12  10 15  16 21  17 22  18 25  19 20  23 24 "



  127: |Aut(M)| =  10,  Cycles:3(6:10:10) 
 "   0  1   2  3   4  5   6  7   8  9  10 11  12 13  14 15  16 17  18 19  20 21  22 23  24 25 "
 "   0  3   1  4   2  5   6  9   7 10   8 13  11 14  12 15  16 19  17 20  18 23  21 24  22 25 "
 "   0  5   1  6   2 11   3 14   4 13   7  8   9 12  10 15  16 23  17 24  18 25  19 20  21 22 "



  128: |Aut(M)| =  4,  Cycles:3(6:10:10) 
 "   0  1   2  3   4  5   6  7   8  9  10 11  12 13  14 15  16 17  18 19  20 21  22 23  24 25 "
 "   0  3   1  4   2  5   6  9   7 10   8 13  11 14  12 15  16 19  17 20  18 23  21 24  22 25 "
 "   0  5   1  6   2 11   3 14   4 13   7 16   8 21   9 18  10 15  12 17  19 22  20 25  23 24 "



  129: |Aut(M)| =  2,  Cycles:3(6:10:10) 
 "   0  1   2  3   4  5   6  7   8  9  10 11  12 13  14 15  16 17  18 19  20 21  22 23  24 25 "
 "   0  3   1  4   2  5   6  9   7 10   8 13  11 14  12 15  16 19  17 20  18 23  21 24  22 25 "
 "   0  5   1  6   2 11   3 14   4 13   7 16   8 21   9 18  10 25  12 17  15 22  19 20  23 24 "



  130: |Aut(M)| =  4,  Cycles:3(6:10:10) 
 "   0  1   2  3   4  5   6  7   8  9  10 11  12 13  14 15  16 17  18 19  20 21  22 23  24 25 "
 "   0  3   1  4   2  5   6  9   7 10   8 13  11 14  12 15  16 19  17 20  18 23  21 24  22 25 "
 "   0  5   1  6   2 11   3 14   4 13   7 16   8 23   9 24  10 15  12 17  18 21  19 22  20 25 "



  131: |Aut(M)| =  2,  Cycles:3(6:10:10) 
 "   0  1   2  3   4  5   6  7   8  9  10 11  12 13  14 15  16 17  18 19  20 21  22 23  24 25 "
 "   0  3   1  4   2  5   6  9   7 10   8 13  11 14  12 15  16 19  17 20  18 23  21 24  22 25 "
 "   0  5   1  6   2 11   3 14   4 17   7  8   9 16  10 15  12 21  13 18  19 22  20 25  23 24 "



  132: |Aut(M)| =  2,  Cycles:3(6:10:10) 
 "   0  1   2  3   4  5   6  7   8  9  10 11  12 13  14 15  16 17  18 19  20 21  22 23  24 25 "
 "   0  3   1  4   2  5   6  9   7 10   8 13  11 14  12 15  16 19  17 20  18 23  21 24  22 25 "
 "   0  5   1  6   2 11   3 14   4 17   7  8   9 16  10 15  12 23  13 24  18 21  19 22  20 25 "



  133: |Aut(M)| =  1,  Cycles:3(6:10:10) 
 "   0  1   2  3   4  5   6  7   8  9  10 11  12 13  14 15  16 17  18 19  20 21  22 23  24 25 "
 "   0  3   1  4   2  5   6  9   7 10   8 13  11 14  12 15  16 19  17 20  18 23  21 24  22 25 "
 "   0  5   1  6   2 11   3 14   4 17   7  8   9 16  10 21  12 23  13 18  15 24  19 22  20 25 "



  134: |Aut(M)| =  1,  Cycles:3(6:10:10) 
 "   0  1   2  3   4  5   6  7   8  9  10 11  12 13  14 15  16 17  18 19  20 21  22 23  24 25 "
 "   0  3   1  4   2  5   6  9   7 10   8 13  11 14  12 15  16 19  17 20  18 23  21 24  22 25 "
 "   0  5   1  6   2 11   3 14   4 17   7  8   9 16  10 23  12 19  13 24  15 20  18 25  21 22 "



  135: |Aut(M)| =  1,  Cycles:3(6:10:10) 
 "   0  1   2  3   4  5   6  7   8  9  10 11  12 13  14 15  16 17  18 19  20 21  22 23  24 25 "
 "   0  3   1  4   2  5   6  9   7 10   8 13  11 14  12 15  16 19  17 20  18 23  21 24  22 25 "
 "   0  5   1  6   2 11   3 14   4 17   7  8   9 16  10 23  12 21  13 24  15 18  19 22  20 25 "



  136: |Aut(M)| =  1,  Cycles:3(6:10:10) 
 "   0  1   2  3   4  5   6  7   8  9  10 11  12 13  14 15  16 17  18 19  20 21  22 23  24 25 "
 "   0  3   1  4   2  5   6  9   7 10   8 13  11 14  12 15  16 19  17 20  18 23  21 24  22 25 "
 "   0  5   1  6   2 11   3 14   4 17   7 12   8 21   9 22  10 19  13 16  15 24  18 25  20 23 "



  137: |Aut(M)| =  1,  Cycles:3(6:10:10) 
 "   0  1   2  3   4  5   6  7   8  9  10 11  12 13  14 15  16 17  18 19  20 21  22 23  24 25 "
 "   0  3   1  4   2  5   6  9   7 10   8 13  11 14  12 15  16 19  17 20  18 23  21 24  22 25 "
 "   0  5   1  6   2 11   3 14   4 17   7 20   8 19   9 12  10 15  13 22  16 21  18 25  23 24 "



  138: |Aut(M)| =  2,  Cycles:3(6:10:10) 
 "   0  1   2  3   4  5   6  7   8  9  10 11  12 13  14 15  16 17  18 19  20 21  22 23  24 25 "
 "   0  3   1  4   2  5   6  9   7 10   8 13  11 14  12 15  16 19  17 20  18 23  21 24  22 25 "
 "   0  5   1  6   2 11   3 14   4 17   7 20   8 25   9 12  10 15  13 18  16 21  19 22  23 24 "



  139: |Aut(M)| =  2,  Cycles:3(6:10:10) 
 "   0  1   2  3   4  5   6  7   8  9  10 11  12 13  14 15  16 17  18 19  20 21  22 23  24 25 "
 "   0  3   1  4   2  5   6  9   7 10   8 13  11 14  12 15  16 19  17 20  18 23  21 24  22 25 "
 "   0  5   1  6   2 11   3 14   4 17   7 22   8 19   9 10  12 21  13 24  15 18  16 23  20 25 "



  140: |Aut(M)| =  1,  Cycles:3(6:10:10) 
 "   0  1   2  3   4  5   6  7   8  9  10 11  12 13  14 15  16 17  18 19  20 21  22 23  24 25 "
 "   0  3   1  4   2  5   6  9   7 10   8 13  11 14  12 15  16 19  17 20  18 23  21 24  22 25 "
 "   0  5   1  6   2 11   3 14   4 17   7 22   8 21   9 18  10 13  12 25  15 24  16 23  19 20 "



  141: |Aut(M)| =  2,  Cycles:3(6:10:10) 
 "   0  1   2  3   4  5   6  7   8  9  10 11  12 13  14 15  16 17  18 19  20 21  22 23  24 25 "
 "   0  3   1  4   2  5   6  9   7 10   8 13  11 14  12 15  16 19  17 20  18 23  21 24  22 25 "
 "   0  5   1  6   2 11   3 14   4 17   7 22   8 21   9 24  10 15  12 19  13 20  16 23  18 25 "



  142: |Aut(M)| =  2,  Cycles:3(6:10:10) 
 "   0  1   2  3   4  5   6  7   8  9  10 11  12 13  14 15  16 17  18 19  20 21  22 23  24 25 "
 "   0  3   1  4   2  5   6  9   7 10   8 13  11 14  12 15  16 19  17 20  18 23  21 24  22 25 "
 "   0  5   1  6   2 11   3 14   4 17   7 22   8 25   9 18  10 15  12 21  13 24  16 23  19 20 "



  143: |Aut(M)| =  1,  Cycles:3(6:10:10) 
 "   0  1   2  3   4  5   6  7   8  9  10 11  12 13  14 15  16 17  18 19  20 21  22 23  24 25 "
 "   0  3   1  4   2  5   6  9   7 10   8 13  11 14  12 15  16 19  17 20  18 23  21 24  22 25 "
 "   0  5   1  6   2 11   3 14   4 17   7 24   8 15   9 22  10 23  12 21  13 18  16 25  19 20 "



  144: |Aut(M)| =  2,  Cycles:3(6:10:10) 
 "   0  1   2  3   4  5   6  7   8  9  10 11  12 13  14 15  16 17  18 19  20 21  22 23  24 25 "
 "   0  3   1  4   2  5   6  9   7 10   8 13  11 14  12 15  16 19  17 20  18 23  21 24  22 25 "
 "   0  5   1  6   2 11   3 14   4 17   7 24   8 21   9 22  10 15  12 23  13 18  16 25  19 20 "



  145: |Aut(M)| =  2,  Cycles:3(6:10:10) 
 "   0  1   2  3   4  5   6  7   8  9  10 11  12 13  14 15  16 17  18 19  20 21  22 23  24 25 "
 "   0  3   1  4   2  5   6  9   7 10   8 13  11 14  12 15  16 19  17 20  18 23  21 24  22 25 "
 "   0  5   1  6   2 11   3 14   4 17   7 24   8 23   9 18  10 15  12 19  13 20  16 25  21 22 "



  146: |Aut(M)| =  2,  Cycles:3(6:10:10) 
 "   0  1   2  3   4  5   6  7   8  9  10 11  12 13  14 15  16 17  18 19  20 21  22 23  24 25 "
 "   0  3   1  4   2  5   6  9   7 10   8 13  11 14  12 15  16 19  17 20  18 23  21 24  22 25 "
 "   0  5   1  6   2 11   3 16   4  7   8 15   9 18  10 21  12 17  13 20  14 25  19 22  23 24 "



  147: |Aut(M)| =  2,  Cycles:3(6:10:10) 
 "   0  1   2  3   4  5   6  7   8  9  10 11  12 13  14 15  16 17  18 19  20 21  22 23  24 25 "
 "   0  3   1  4   2  5   6  9   7 10   8 13  11 14  12 15  16 19  17 20  18 23  21 24  22 25 "
 "   0  5   1  6   2 11   3 16   4  7   8 19   9 20  10 25  12 21  13 14  15 18  17 22  23 24 "



  148: |Aut(M)| =  2,  Cycles:3(6:10:10) 
 "   0  1   2  3   4  5   6  7   8  9  10 11  12 13  14 15  16 17  18 19  20 21  22 23  24 25 "
 "   0  3   1  4   2  5   6  9   7 10   8 13  11 14  12 15  16 19  17 20  18 23  21 24  22 25 "
 "   0  5   1  6   2 11   3 16   4  7   8 21   9 18  10 15  12 23  13 20  14 25  17 24  19 22 "



  149: |Aut(M)| =  2,  Cycles:3(6:10:10) 
 "   0  1   2  3   4  5   6  7   8  9  10 11  12 13  14 15  16 17  18 19  20 21  22 23  24 25 "
 "   0  3   1  4   2  5   6  9   7 10   8 13  11 14  12 15  16 19  17 20  18 23  21 24  22 25 "
 "   0  5   1  6   2 11   3 16   4  7   8 23   9 12  10 25  13 20  14 21  15 22  17 18  19 24 "



  150: |Aut(M)| =  1,  Cycles:3(6:10:10) 
 "   0  1   2  3   4  5   6  7   8  9  10 11  12 13  14 15  16 17  18 19  20 21  22 23  24 25 "
 "   0  3   1  4   2  5   6  9   7 10   8 13  11 14  12 15  16 19  17 20  18 23  21 24  22 25 "
 "   0  5   1  6   2 11   3 16   4 13   7 20   8 15   9 24  10 23  12 21  14 25  17 18  19 22 "



  151: |Aut(M)| =  1,  Cycles:3(6:10:10) 
 "   0  1   2  3   4  5   6  7   8  9  10 11  12 13  14 15  16 17  18 19  20 21  22 23  24 25 "
 "   0  3   1  4   2  5   6  9   7 10   8 13  11 14  12 15  16 19  17 20  18 23  21 24  22 25 "
 "   0  5   1  6   2 11   3 16   4 13   7 22   8 15   9 18  10 17  12 23  14 21  19 24  20 25 "



  152: |Aut(M)| =  1,  Cycles:3(6:10:10) 
 "   0  1   2  3   4  5   6  7   8  9  10 11  12 13  14 15  16 17  18 19  20 21  22 23  24 25 "
 "   0  3   1  4   2  5   6  9   7 10   8 13  11 14  12 15  16 19  17 20  18 23  21 24  22 25 "
 "   0  5   1  6   2 11   3 16   4 15   7 20   8 23   9 12  10 25  13 22  14 21  17 18  19 24 "



  153: |Aut(M)| =  1,  Cycles:3(6:10:10) 
 "   0  1   2  3   4  5   6  7   8  9  10 11  12 13  14 15  16 17  18 19  20 21  22 23  24 25 "
 "   0  3   1  4   2  5   6  9   7 10   8 13  11 14  12 15  16 19  17 20  18 23  21 24  22 25 "
 "   0  5   1  6   2 11   3 16   4 15   7 24   8 21   9 12  10 17  13 18  14 25  19 22  20 23 "



  154: |Aut(M)| =  2,  Cycles:3(6:10:10) 
 "   0  1   2  3   4  5   6  7   8  9  10 11  12 13  14 15  16 17  18 19  20 21  22 23  24 25 "
 "   0  3   1  4   2  5   6  9   7 10   8 13  11 14  12 15  16 19  17 20  18 23  21 24  22 25 "
 "   0  5   1  6   2 11   3 16   4 15   7 24   8 21   9 12  10 23  13 20  14 25  17 18  19 22 "



  155: |Aut(M)| =  1,  Cycles:3(6:10:10) 
 "   0  1   2  3   4  5   6  7   8  9  10 11  12 13  14 15  16 17  18 19  20 21  22 23  24 25 "
 "   0  3   1  4   2  5   6  9   7 10   8 13  11 14  12 15  16 19  17 20  18 23  21 24  22 25 "
 "   0  5   1  6   2 11   3 16   4 15   7 24   8 23   9 12  10 17  13 20  14 25  18 21  19 22 "



  156: |Aut(M)| =  1,  Cycles:3(6:10:10) 
 "   0  1   2  3   4  5   6  7   8  9  10 11  12 13  14 15  16 17  18 19  20 21  22 23  24 25 "
 "   0  3   1  4   2  5   6  9   7 10   8 13  11 14  12 15  16 19  17 20  18 23  21 24  22 25 "
 "   0  5   1  6   2 11   3 16   4 21   7 12   8 15   9 24  10 23  13 20  14 25  17 18  19 22 "



  157: |Aut(M)| =  1,  Cycles:3(6:10:10) 
 "   0  1   2  3   4  5   6  7   8  9  10 11  12 13  14 15  16 17  18 19  20 21  22 23  24 25 "
 "   0  3   1  4   2  5   6  9   7 10   8 13  11 14  12 15  16 19  17 20  18 23  21 24  22 25 "
 "   0  5   1  6   2 11   3 16   4 21   7 12   8 23   9 24  10 17  13 20  14 25  15 18  19 22 "



  158: |Aut(M)| =  1,  Cycles:3(6:10:10) 
 "   0  1   2  3   4  5   6  7   8  9  10 11  12 13  14 15  16 17  18 19  20 21  22 23  24 25 "
 "   0  3   1  4   2  5   6  9   7 10   8 13  11 14  12 15  16 19  17 20  18 23  21 24  22 25 "
 "   0  5   1  6   2 11   3 16   4 21   7 14   8 23   9 12  10 19  13 22  15 20  17 24  18 25 "



  159: |Aut(M)| =  1,  Cycles:3(6:10:10) 
 "   0  1   2  3   4  5   6  7   8  9  10 11  12 13  14 15  16 17  18 19  20 21  22 23  24 25 "
 "   0  3   1  4   2  5   6  9   7 10   8 13  11 14  12 15  16 19  17 20  18 23  21 24  22 25 "
 "   0  5   1  6   2 11   3 16   4 23   7  8   9 22  10 17  12 25  13 20  14 21  15 18  19 24 "



  160: |Aut(M)| =  2,  Cycles:3(6:10:10) 
 "   0  1   2  3   4  5   6  7   8  9  10 11  12 13  14 15  16 17  18 19  20 21  22 23  24 25 "
 "   0  3   1  4   2  5   6  9   7 10   8 13  11 14  12 15  16 19  17 20  18 23  21 24  22 25 "
 "   0  5   1  6   2 11   3 16   4 23   7 12   8 15   9 18  10 17  13 22  14 21  19 24  20 25 "



  161: |Aut(M)| =  1,  Cycles:3(6:10:10) 
 "   0  1   2  3   4  5   6  7   8  9  10 11  12 13  14 15  16 17  18 19  20 21  22 23  24 25 "
 "   0  3   1  4   2  5   6  9   7 10   8 13  11 14  12 15  16 19  17 20  18 23  21 24  22 25 "
 "   0  5   1  6   2 11   3 16   4 23   7 14   8 21   9 24  10 19  12 17  13 18  15 22  20 25 "



  162: |Aut(M)| =  2,  Cycles:3(6:10:10) 
 "   0  1   2  3   4  5   6  7   8  9  10 11  12 13  14 15  16 17  18 19  20 21  22 23  24 25 "
 "   0  3   1  4   2  5   6  9   7 10   8 13  11 14  12 15  16 19  17 20  18 23  21 24  22 25 "
 "   0  5   1  6   2 11   3 16   4 23   7 20   8 19   9 10  12 25  13 14  15 24  17 18  21 22 "



  163: |Aut(M)| =  2,  Cycles:3(6:10:10) 
 "   0  1   2  3   4  5   6  7   8  9  10 11  12 13  14 15  16 17  18 19  20 21  22 23  24 25 "
 "   0  3   1  4   2  5   6  9   7 10   8 13  11 14  12 15  16 19  17 20  18 23  21 24  22 25 "
 "   0  5   1  6   2 11   3 16   4 23   7 20   8 19   9 24  10 15  12 17  13 14  18 25  21 22 "



  164: |Aut(M)| =  1,  Cycles:3(6:10:10) 
 "   0  1   2  3   4  5   6  7   8  9  10 11  12 13  14 15  16 17  18 19  20 21  22 23  24 25 "
 "   0  3   1  4   2  5   6  9   7 10   8 13  11 14  12 15  16 19  17 20  18 23  21 24  22 25 "
 "   0  5   1  6   2 11   3 16   4 25   7  8   9 24  10 23  12 21  13 18  14 17  15 22  19 20 "



  165: |Aut(M)| =  1,  Cycles:3(6:10:10) 
 "   0  1   2  3   4  5   6  7   8  9  10 11  12 13  14 15  16 17  18 19  20 21  22 23  24 25 "
 "   0  3   1  4   2  5   6  9   7 10   8 13  11 14  12 15  16 19  17 20  18 23  21 24  22 25 "
 "   0  5   1  6   2 11   3 16   4 25   7 14   8 21   9 22  10 19  12 17  13 18  15 24  20 23 "



  166: |Aut(M)| =  1,  Cycles:3(6:10:10) 
 "   0  1   2  3   4  5   6  7   8  9  10 11  12 13  14 15  16 17  18 19  20 21  22 23  24 25 "
 "   0  3   1  4   2  5   6  9   7 10   8 13  11 14  12 15  16 19  17 20  18 23  21 24  22 25 "
 "   0  5   1  6   2 11   3 16   4 25   7 18   8 15   9 12  10 17  13 22  14 21  19 24  20 23 "



  167: |Aut(M)| =  1,  Cycles:3(6:10:10) 
 "   0  1   2  3   4  5   6  7   8  9  10 11  12 13  14 15  16 17  18 19  20 21  22 23  24 25 "
 "   0  3   1  4   2  5   6  9   7 10   8 13  11 14  12 15  16 19  17 20  18 23  21 24  22 25 "
 "   0  5   1  6   2 11   3 16   4 25   7 18   8 15   9 22  10 17  12 23  13 20  14 21  19 24 "



  168: |Aut(M)| =  1,  Cycles:3(6:10:10) 
 "   0  1   2  3   4  5   6  7   8  9  10 11  12 13  14 15  16 17  18 19  20 21  22 23  24 25 "
 "   0  3   1  4   2  5   6  9   7 10   8 13  11 14  12 15  16 19  17 20  18 23  21 24  22 25 "
 "   0  5   1  6   2 11   3 16   4 25   7 22   8 19   9 20  10 17  12 21  13 14  15 18  23 24 "



  169: |Aut(M)| =  10,  Cycles:3(6:10:10) 
 "   0  1   2  3   4  5   6  7   8  9  10 11  12 13  14 15  16 17  18 19  20 21  22 23  24 25 "
 "   0  3   1  4   2  5   6  9   7 10   8 13  11 14  12 15  16 19  17 20  18 23  21 24  22 25 "
 "   0  5   1  6   2 15   3  8   4 11   7 12   9 14  10 13  16 21  17 18  19 22  20 25  23 24 "



  170: |Aut(M)| =  4,  Cycles:3(6:10:10) 
 "   0  1   2  3   4  5   6  7   8  9  10 11  12 13  14 15  16 17  18 19  20 21  22 23  24 25 "
 "   0  3   1  4   2  5   6  9   7 10   8 13  11 14  12 15  16 19  17 20  18 23  21 24  22 25 "
 "   0  5   1  6   2 15   3  8   4 11   7 12   9 14  10 13  16 21  17 22  18 25  19 20  23 24 "



  171: |Aut(M)| =  20,  Cycles:3(6:10:10) 
 "   0  1   2  3   4  5   6  7   8  9  10 11  12 13  14 15  16 17  18 19  20 21  22 23  24 25 "
 "   0  3   1  4   2  5   6  9   7 10   8 13  11 14  12 15  16 19  17 20  18 23  21 24  22 25 "
 "   0  5   1  6   2 15   3  8   4 11   7 12   9 14  10 13  16 25  17 22  18 21  19 24  20 23 "



  172: |Aut(M)| =  2,  Cycles:3(6:10:10) 
 "   0  1   2  3   4  5   6  7   8  9  10 11  12 13  14 15  16 17  18 19  20 21  22 23  24 25 "
 "   0  3   1  4   2  5   6  9   7 10   8 13  11 14  12 15  16 19  17 20  18 23  21 24  22 25 "
 "   0  5   1  6   2 15   3  8   4 11   7 16   9 14  10 17  12 21  13 24  18 25  19 22  20 23 "



  173: |Aut(M)| =  4,  Cycles:3(6:10:10) 
 "   0  1   2  3   4  5   6  7   8  9  10 11  12 13  14 15  16 17  18 19  20 21  22 23  24 25 "
 "   0  3   1  4   2  5   6  9   7 10   8 13  11 14  12 15  16 19  17 20  18 23  21 24  22 25 "
 "   0  5   1  6   2 15   3  8   4 11   7 16   9 14  10 17  12 25  13 22  18 21  19 24  20 23 "



  174: |Aut(M)| =  12,  Cycles:3(6:10:10) 
 "   0  1   2  3   4  5   6  7   8  9  10 11  12 13  14 15  16 17  18 19  20 21  22 23  24 25 "
 "   0  3   1  4   2  5   6  9   7 10   8 13  11 14  12 15  16 19  17 20  18 23  21 24  22 25 "
 "   0  5   1  6   2 15   3  8   4 11   7 16   9 18  10 17  12 25  13 22  14 21  19 20  23 24 "



  175: |Aut(M)| =  2,  Cycles:3(6:10:10) 
 "   0  1   2  3   4  5   6  7   8  9  10 11  12 13  14 15  16 17  18 19  20 21  22 23  24 25 "
 "   0  3   1  4   2  5   6  9   7 10   8 13  11 14  12 15  16 19  17 20  18 23  21 24  22 25 "
 "   0  5   1  6   2 15   3  8   4 17   7 22   9 10  11 18  12 21  13 24  14 19  16 23  20 25 "



  176: |Aut(M)| =  1,  Cycles:3(6:10:10) 
 "   0  1   2  3   4  5   6  7   8  9  10 11  12 13  14 15  16 17  18 19  20 21  22 23  24 25 "
 "   0  3   1  4   2  5   6  9   7 10   8 13  11 14  12 15  16 19  17 20  18 23  21 24  22 25 "
 "   0  5   1  6   2 15   3 10   4 17   7 22   8 11   9 20  12 25  13 18  14 21  16 23  19 24 "



  177: |Aut(M)| =  1,  Cycles:3(6:10:10) 
 "   0  1   2  3   4  5   6  7   8  9  10 11  12 13  14 15  16 17  18 19  20 21  22 23  24 25 "
 "   0  3   1  4   2  5   6  9   7 10   8 13  11 14  12 15  16 19  17 20  18 23  21 24  22 25 "
 "   0  5   1  6   2 15   3 10   4 17   7 22   8 19   9 20  11 24  12 25  13 14  16 23  18 21 "



  178: |Aut(M)| =  1,  Cycles:3(6:10:10) 
 "   0  1   2  3   4  5   6  7   8  9  10 11  12 13  14 15  16 17  18 19  20 21  22 23  24 25 "
 "   0  3   1  4   2  5   6  9   7 10   8 13  11 14  12 15  16 19  17 20  18 23  21 24  22 25 "
 "   0  5   1  6   2 15   3 10   4 17   7 22   8 21   9 18  11 24  12 25  13 14  16 23  19 20 "



  179: |Aut(M)| =  1,  Cycles:3(6:10:10) 
 "   0  1   2  3   4  5   6  7   8  9  10 11  12 13  14 15  16 17  18 19  20 21  22 23  24 25 "
 "   0  3   1  4   2  5   6  9   7 10   8 13  11 14  12 15  16 19  17 20  18 23  21 24  22 25 "
 "   0  5   1  6   2 15   3 10   4 17   7 24   8 11   9 22  12 21  13 18  14 23  16 25  19 20 "



  180: |Aut(M)| =  1,  Cycles:3(6:10:10) 
 "   0  1   2  3   4  5   6  7   8  9  10 11  12 13  14 15  16 17  18 19  20 21  22 23  24 25 "
 "   0  3   1  4   2  5   6  9   7 10   8 13  11 14  12 15  16 19  17 20  18 23  21 24  22 25 "
 "   0  5   1  6   2 15   3 10   4 17   7 24   8 19   9 14  11 18  12 21  13 22  16 25  20 23 "



  181: |Aut(M)| =  4,  Cycles:3(6:10:10) 
 "   0  1   2  3   4  5   6  7   8  9  10 11  12 13  14 15  16 17  18 19  20 21  22 23  24 25 "
 "   0  3   1  4   2  5   6  9   7 10   8 13  11 14  12 15  16 19  17 20  18 23  21 24  22 25 "
 "   0  5   1  6   2 15   3 12   4  7   8 11   9 16  10 21  13 18  14 25  17 22  19 24  20 23 "



  182: |Aut(M)| =  4,  Cycles:3(6:10:10) 
 "   0  1   2  3   4  5   6  7   8  9  10 11  12 13  14 15  16 17  18 19  20 21  22 23  24 25 "
 "   0  3   1  4   2  5   6  9   7 10   8 13  11 14  12 15  16 19  17 20  18 23  21 24  22 25 "
 "   0  5   1  6   2 15   3 12   4  7   8 17   9 18  10 19  11 22  13 24  14 21  16 23  20 25 "



  183: |Aut(M)| =  2,  Cycles:3(6:10:10) 
 "   0  1   2  3   4  5   6  7   8  9  10 11  12 13  14 15  16 17  18 19  20 21  22 23  24 25 "
 "   0  3   1  4   2  5   6  9   7 10   8 13  11 14  12 15  16 19  17 20  18 23  21 24  22 25 "
 "   0  5   1  6   2 15   3 12   4  7   8 17   9 18  10 21  11 16  13 22  14 25  19 20  23 24 "



  184: |Aut(M)| =  2,  Cycles:3(6:10:10) 
 "   0  1   2  3   4  5   6  7   8  9  10 11  12 13  14 15  16 17  18 19  20 21  22 23  24 25 "
 "   0  3   1  4   2  5   6  9   7 10   8 13  11 14  12 15  16 19  17 20  18 23  21 24  22 25 "
 "   0  5   1  6   2 15   3 12   4 17   7  8   9 16  10 21  11 18  13 14  19 22  20 25  23 24 "



  185: |Aut(M)| =  1,  Cycles:3(6:10:10) 
 "   0  1   2  3   4  5   6  7   8  9  10 11  12 13  14 15  16 17  18 19  20 21  22 23  24 25 "
 "   0  3   1  4   2  5   6  9   7 10   8 13  11 14  12 15  16 19  17 20  18 23  21 24  22 25 "
 "   0  5   1  6   2 15   3 12   4 17   7  8   9 16  10 21  11 24  13 18  14 23  19 22  20 25 "



  186: |Aut(M)| =  1,  Cycles:3(6:10:10) 
 "   0  1   2  3   4  5   6  7   8  9  10 11  12 13  14 15  16 17  18 19  20 21  22 23  24 25 "
 "   0  3   1  4   2  5   6  9   7 10   8 13  11 14  12 15  16 19  17 20  18 23  21 24  22 25 "
 "   0  5   1  6   2 15   3 12   4 17   7  8   9 16  10 23  11 20  13 24  14 19  18 25  21 22 "



  187: |Aut(M)| =  2,  Cycles:3(6:10:10) 
 "   0  1   2  3   4  5   6  7   8  9  10 11  12 13  14 15  16 17  18 19  20 21  22 23  24 25 "
 "   0  3   1  4   2  5   6  9   7 10   8 13  11 14  12 15  16 19  17 20  18 23  21 24  22 25 "
 "   0  5   1  6   2 15   3 12   4 17   7  8   9 16  10 23  11 24  13 14  18 21  19 22  20 25 "



  188: |Aut(M)| =  1,  Cycles:3(6:10:10) 
 "   0  1   2  3   4  5   6  7   8  9  10 11  12 13  14 15  16 17  18 19  20 21  22 23  24 25 "
 "   0  3   1  4   2  5   6  9   7 10   8 13  11 14  12 15  16 19  17 20  18 23  21 24  22 25 "
 "   0  5   1  6   2 15   3 12   4 17   7 20   8 19   9 22  10 25  11 18  13 14  16 21  23 24 "



  189: |Aut(M)| =  1,  Cycles:3(6:10:10) 
 "   0  1   2  3   4  5   6  7   8  9  10 11  12 13  14 15  16 17  18 19  20 21  22 23  24 25 "
 "   0  3   1  4   2  5   6  9   7 10   8 13  11 14  12 15  16 19  17 20  18 23  21 24  22 25 "
 "   0  5   1  6   2 15   3 12   4 17   7 20   8 25   9 18  10 23  11 24  13 14  16 21  19 22 "



  190: |Aut(M)| =  1,  Cycles:3(6:10:10) 
 "   0  1   2  3   4  5   6  7   8  9  10 11  12 13  14 15  16 17  18 19  20 21  22 23  24 25 "
 "   0  3   1  4   2  5   6  9   7 10   8 13  11 14  12 15  16 19  17 20  18 23  21 24  22 25 "
 "   0  5   1  6   2 15   3 12   4 17   7 22   8 19   9 10  11 18  13 24  14 21  16 23  20 25 "



  191: |Aut(M)| =  1,  Cycles:3(6:10:10) 
 "   0  1   2  3   4  5   6  7   8  9  10 11  12 13  14 15  16 17  18 19  20 21  22 23  24 25 "
 "   0  3   1  4   2  5   6  9   7 10   8 13  11 14  12 15  16 19  17 20  18 23  21 24  22 25 "
 "   0  5   1  6   2 15   3 12   4 17   7 22   8 19   9 10  11 24  13 14  16 23  18 21  20 25 "



  192: |Aut(M)| =  1,  Cycles:3(6:10:10) 
 "   0  1   2  3   4  5   6  7   8  9  10 11  12 13  14 15  16 17  18 19  20 21  22 23  24 25 "
 "   0  3   1  4   2  5   6  9   7 10   8 13  11 14  12 15  16 19  17 20  18 23  21 24  22 25 "
 "   0  5   1  6   2 15   3 12   4 17   7 22   8 21   9 10  11 18  13 14  16 23  19 24  20 25 "



  193: |Aut(M)| =  1,  Cycles:3(6:10:10) 
 "   0  1   2  3   4  5   6  7   8  9  10 11  12 13  14 15  16 17  18 19  20 21  22 23  24 25 "
 "   0  3   1  4   2  5   6  9   7 10   8 13  11 14  12 15  16 19  17 20  18 23  21 24  22 25 "
 "   0  5   1  6   2 15   3 12   4 17   7 22   8 21   9 18  10 13  11 24  14 25  16 23  19 20 "



  194: |Aut(M)| =  1,  Cycles:3(6:10:10) 
 "   0  1   2  3   4  5   6  7   8  9  10 11  12 13  14 15  16 17  18 19  20 21  22 23  24 25 "
 "   0  3   1  4   2  5   6  9   7 10   8 13  11 14  12 15  16 19  17 20  18 23  21 24  22 25 "
 "   0  5   1  6   2 15   3 12   4 17   7 22   8 25   9 18  10 21  11 24  13 14  16 23  19 20 "



  195: |Aut(M)| =  1,  Cycles:3(6:10:10) 
 "   0  1   2  3   4  5   6  7   8  9  10 11  12 13  14 15  16 17  18 19  20 21  22 23  24 25 "
 "   0  3   1  4   2  5   6  9   7 10   8 13  11 14  12 15  16 19  17 20  18 23  21 24  22 25 "
 "   0  5   1  6   2 15   3 12   4 17   7 24   8 11   9 22  10 23  13 18  14 21  16 25  19 20 "



  196: |Aut(M)| =  1,  Cycles:3(6:10:10) 
 "   0  1   2  3   4  5   6  7   8  9  10 11  12 13  14 15  16 17  18 19  20 21  22 23  24 25 "
 "   0  3   1  4   2  5   6  9   7 10   8 13  11 14  12 15  16 19  17 20  18 23  21 24  22 25 "
 "   0  5   1  6   2 15   3 12   4 17   7 24   8 21   9 22  10 23  11 18  13 14  16 25  19 20 "



  197: |Aut(M)| =  2,  Cycles:3(6:10:10) 
 "   0  1   2  3   4  5   6  7   8  9  10 11  12 13  14 15  16 17  18 19  20 21  22 23  24 25 "
 "   0  3   1  4   2  5   6  9   7 10   8 13  11 14  12 15  16 19  17 20  18 23  21 24  22 25 "
 "   0  5   1  6   2 15   3 16   4 25   7 12   8 11   9 18  10 19  13 24  14 21  17 22  20 23 "



  198: |Aut(M)| =  2,  Cycles:3(6:10:10) 
 "   0  1   2  3   4  5   6  7   8  9  10 11  12 13  14 15  16 17  18 19  20 21  22 23  24 25 "
 "   0  3   1  4   2  5   6  9   7 10   8 13  11 14  12 15  16 19  17 20  18 23  21 24  22 25 "
 "   0  5   1  6   2 15   3 16   4 25   7 12   8 11   9 22  10 19  13 24  14 17  18 21  20 23 "



  199: |Aut(M)| =  1,  Cycles:3(6:10:10) 
 "   0  1   2  3   4  5   6  7   8  9  10 11  12 13  14 15  16 17  18 19  20 21  22 23  24 25 "
 "   0  3   1  4   2  5   6  9   7 10   8 13  11 14  12 15  16 19  17 20  18 23  21 24  22 25 "
 "   0  5   1  6   2 15   3 16   4 25   7 12   8 17   9 22  10 19  11 20  13 24  14 23  18 21 "



  200: |Aut(M)| =  2,  Cycles:3(6:10:10) 
 "   0  1   2  3   4  5   6  7   8  9  10 11  12 13  14 15  16 17  18 19  20 21  22 23  24 25 "
 "   0  3   1  4   2  5   6  9   7 10   8 13  11 14  12 15  16 19  17 20  18 23  21 24  22 25 "
 "   0  5   1  6   2 15   3 16   4 25   7 12   8 23   9 14  10 19  11 20  13 24  17 22  18 21 "



  201: |Aut(M)| =  2,  Cycles:3(6:10:10) 
 "   0  1   2  3   4  5   6  7   8  9  10 11  12 13  14 15  16 17  18 19  20 21  22 23  24 25 "
 "   0  3   1  4   2  5   6  9   7 10   8 13  11 14  12 15  16 19  17 20  18 23  21 24  22 25 "
 "   0  5   1  6   2 17   3  8   4 19   7 12   9 14  10 21  11 22  13 18  15 24  16 25  20 23 "



  202: |Aut(M)| =  2,  Cycles:3(6:10:10) 
 "   0  1   2  3   4  5   6  7   8  9  10 11  12 13  14 15  16 17  18 19  20 21  22 23  24 25 "
 "   0  3   1  4   2  5   6  9   7 10   8 13  11 14  12 15  16 19  17 20  18 23  21 24  22 25 "
 "   0  5   1  6   2 17   3  8   4 19   7 12   9 16  10 21  11 24  13 18  14 25  15 22  20 23 "



  203: |Aut(M)| =  2,  Cycles:3(6:10:10) 
 "   0  1   2  3   4  5   6  7   8  9  10 11  12 13  14 15  16 17  18 19  20 21  22 23  24 25 "
 "   0  3   1  4   2  5   6  9   7 10   8 13  11 14  12 15  16 19  17 20  18 23  21 24  22 25 "
 "   0  5   1  6   2 17   3  8   4 19   7 12   9 16  10 25  11 22  13 18  14 21  15 24  20 23 "



  204: |Aut(M)| =  2,  Cycles:3(6:10:10) 
 "   0  1   2  3   4  5   6  7   8  9  10 11  12 13  14 15  16 17  18 19  20 21  22 23  24 25 "
 "   0  3   1  4   2  5   6  9   7 10   8 13  11 14  12 15  16 19  17 20  18 23  21 24  22 25 "
 "   0  5   1  6   2 17   3  8   4 19   7 12   9 24  10 25  11 16  13 18  14 21  15 22  20 23 "



  205: |Aut(M)| =  2,  Cycles:3(6:10:10) 
 "   0  1   2  3   4  5   6  7   8  9  10 11  12 13  14 15  16 17  18 19  20 21  22 23  24 25 "
 "   0  3   1  4   2  5   6  9   7 10   8 13  11 14  12 15  16 19  17 20  18 23  21 24  22 25 "
 "   0  5   1  6   2 17   3  8   4 19   7 14   9 12  10 21  11 24  13 22  15 18  16 23  20 25 "



  206: |Aut(M)| =  2,  Cycles:3(6:10:10) 
 "   0  1   2  3   4  5   6  7   8  9  10 11  12 13  14 15  16 17  18 19  20 21  22 23  24 25 "
 "   0  3   1  4   2  5   6  9   7 10   8 13  11 14  12 15  16 19  17 20  18 23  21 24  22 25 "
 "   0  5   1  6   2 17   3  8   4 19   7 14   9 16  10 21  11 12  13 22  15 18  20 25  23 24 "



  207: |Aut(M)| =  2,  Cycles:3(6:10:10) 
 "   0  1   2  3   4  5   6  7   8  9  10 11  12 13  14 15  16 17  18 19  20 21  22 23  24 25 "
 "   0  3   1  4   2  5   6  9   7 10   8 13  11 14  12 15  16 19  17 20  18 23  21 24  22 25 "
 "   0  5   1  6   2 17   3  8   4 19   7 14   9 16  10 23  11 24  12 21  13 22  15 18  20 25 "



  208: |Aut(M)| =  1,  Cycles:3(6:10:10) 
 "   0  1   2  3   4  5   6  7   8  9  10 11  12 13  14 15  16 17  18 19  20 21  22 23  24 25 "
 "   0  3   1  4   2  5   6  9   7 10   8 13  11 14  12 15  16 19  17 20  18 23  21 24  22 25 "
 "   0  5   1  6   2 17   3  8   4 21   7 18   9 22  10 15  11 24  12 23  13 16  14 25  19 20 "



  209: |Aut(M)| =  1,  Cycles:3(6:10:10) 
 "   0  1   2  3   4  5   6  7   8  9  10 11  12 13  14 15  16 17  18 19  20 21  22 23  24 25 "
 "   0  3   1  4   2  5   6  9   7 10   8 13  11 14  12 15  16 19  17 20  18 23  21 24  22 25 "
 "   0  5   1  6   2 17   3  8   4 21   7 22   9 14  10 15  11 16  12 25  13 18  19 24  20 23 "



  210: |Aut(M)| =  1,  Cycles:3(6:10:10) 
 "   0  1   2  3   4  5   6  7   8  9  10 11  12 13  14 15  16 17  18 19  20 21  22 23  24 25 "
 "   0  3   1  4   2  5   6  9   7 10   8 13  11 14  12 15  16 19  17 20  18 23  21 24  22 25 "
 "   0  5   1  6   2 17   3  8   4 21   7 22   9 16  10 15  11 24  12 25  13 18  14 19  20 23 "



  211: |Aut(M)| =  1,  Cycles:3(6:10:10) 
 "   0  1   2  3   4  5   6  7   8  9  10 11  12 13  14 15  16 17  18 19  20 21  22 23  24 25 "
 "   0  3   1  4   2  5   6  9   7 10   8 13  11 14  12 15  16 19  17 20  18 23  21 24  22 25 "
 "   0  5   1  6   2 17   3  8   4 23   7 12   9 16  10 21  11 18  13 22  14 19  15 24  20 25 "



  212: |Aut(M)| =  1,  Cycles:3(6:10:10) 
 "   0  1   2  3   4  5   6  7   8  9  10 11  12 13  14 15  16 17  18 19  20 21  22 23  24 25 "
 "   0  3   1  4   2  5   6  9   7 10   8 13  11 14  12 15  16 19  17 20  18 23  21 24  22 25 "
 "   0  5   1  6   2 17   3  8   4 25   7 14   9 22  10 19  11 12  13 18  15 24  16 21  20 23 "



  213: |Aut(M)| =  1,  Cycles:3(6:10:10) 
 "   0  1   2  3   4  5   6  7   8  9  10 11  12 13  14 15  16 17  18 19  20 21  22 23  24 25 "
 "   0  3   1  4   2  5   6  9   7 10   8 13  11 14  12 15  16 19  17 20  18 23  21 24  22 25 "
 "   0  5   1  6   2 17   3  8   4 25   7 14   9 22  10 21  11 18  12 23  13 16  15 24  19 20 "



  214: |Aut(M)| =  1,  Cycles:3(6:10:10) 
 "   0  1   2  3   4  5   6  7   8  9  10 11  12 13  14 15  16 17  18 19  20 21  22 23  24 25 "
 "   0  3   1  4   2  5   6  9   7 10   8 13  11 14  12 15  16 19  17 20  18 23  21 24  22 25 "
 "   0  5   1  6   2 17   3 10   4 23   7  8   9 22  11 16  12 25  13 20  14 21  15 18  19 24 "



  215: |Aut(M)| =  2,  Cycles:3(6:10:10) 
 "   0  1   2  3   4  5   6  7   8  9  10 11  12 13  14 15  16 17  18 19  20 21  22 23  24 25 "
 "   0  3   1  4   2  5   6  9   7 10   8 13  11 14  12 15  16 19  17 20  18 23  21 24  22 25 "
 "   0  5   1  6   2 17   3 10   4 23   7 12   8 21   9 18  11 16  13 22  14 25  15 20  19 24 "



  216: |Aut(M)| =  1,  Cycles:3(6:10:10) 
 "   0  1   2  3   4  5   6  7   8  9  10 11  12 13  14 15  16 17  18 19  20 21  22 23  24 25 "
 "   0  3   1  4   2  5   6  9   7 10   8 13  11 14  12 15  16 19  17 20  18 23  21 24  22 25 "
 "   0  5   1  6   2 17   3 10   4 25   7 12   8 11   9 22  13 24  14 19  15 20  16 23  18 21 "



  217: |Aut(M)| =  2,  Cycles:3(6:10:10) 
 "   0  1   2  3   4  5   6  7   8  9  10 11  12 13  14 15  16 17  18 19  20 21  22 23  24 25 "
 "   0  3   1  4   2  5   6  9   7 10   8 13  11 14  12 15  16 19  17 20  18 23  21 24  22 25 "
 "   0  5   1  6   2 17   3 10   4 25   7 12   8 19   9 22  11 16  13 24  14 23  15 20  18 21 "



  218: |Aut(M)| =  2,  Cycles:3(6:10:10) 
 "   0  1   2  3   4  5   6  7   8  9  10 11  12 13  14 15  16 17  18 19  20 21  22 23  24 25 "
 "   0  3   1  4   2  5   6  9   7 10   8 13  11 14  12 15  16 19  17 20  18 23  21 24  22 25 "
 "   0  5   1  6   2 17   3 10   4 25   7 12   8 23   9 16  11 22  13 24  14 19  15 20  18 21 "



  219: |Aut(M)| =  2,  Cycles:3(6:10:10) 
 "   0  1   2  3   4  5   6  7   8  9  10 11  12 13  14 15  16 17  18 19  20 21  22 23  24 25 "
 "   0  3   1  4   2  5   6  9   7 10   8 13  11 14  12 15  16 19  17 20  18 23  21 24  22 25 "
 "   0  5   1  6   2 17   3 10   4 25   7 18   8 11   9 14  12 21  13 22  15 16  19 24  20 23 "



  220: |Aut(M)| =  1,  Cycles:3(6:10:10) 
 "   0  1   2  3   4  5   6  7   8  9  10 11  12 13  14 15  16 17  18 19  20 21  22 23  24 25 "
 "   0  3   1  4   2  5   6  9   7 10   8 13  11 14  12 15  16 19  17 20  18 23  21 24  22 25 "
 "   0  5   1  6   2 17   3 10   4 25   7 18   8 15   9 12  11 16  13 22  14 21  19 24  20 23 "



  221: |Aut(M)| =  2,  Cycles:3(6:10:10) 
 "   0  1   2  3   4  5   6  7   8  9  10 11  12 13  14 15  16 17  18 19  20 21  22 23  24 25 "
 "   0  3   1  4   2  5   6  9   7 10   8 13  11 14  12 15  16 19  17 20  18 23  21 24  22 25 "
 "   0  5   1  6   2 17   3 10   4 25   7 18   8 15   9 22  11 16  12 21  13 14  19 24  20 23 "



  222: |Aut(M)| =  2,  Cycles:3(6:10:10) 
 "   0  1   2  3   4  5   6  7   8  9  10 11  12 13  14 15  16 17  18 19  20 21  22 23  24 25 "
 "   0  3   1  4   2  5   6  9   7 10   8 13  11 14  12 15  16 19  17 20  18 23  21 24  22 25 "
 "   0  5   1  6   2 17   3 12   4 23   7  8   9 22  10 21  11 18  13 24  14 25  15 16  19 20 "



  223: |Aut(M)| =  1,  Cycles:3(6:10:10) 
 "   0  1   2  3   4  5   6  7   8  9  10 11  12 13  14 15  16 17  18 19  20 21  22 23  24 25 "
 "   0  3   1  4   2  5   6  9   7 10   8 13  11 14  12 15  16 19  17 20  18 23  21 24  22 25 "
 "   0  5   1  6   2 17   3 12   4 23   7 14   8 11   9 18  10 19  13 24  15 22  16 21  20 25 "



  224: |Aut(M)| =  2,  Cycles:3(6:10:10) 
 "   0  1   2  3   4  5   6  7   8  9  10 11  12 13  14 15  16 17  18 19  20 21  22 23  24 25 "
 "   0  3   1  4   2  5   6  9   7 10   8 13  11 14  12 15  16 19  17 20  18 23  21 24  22 25 "
 "   0  5   1  6   2 17   3 12   4 23   7 14   8 11   9 18  10 21  13 16  15 22  19 24  20 25 "



  225: |Aut(M)| =  2,  Cycles:3(6:10:10) 
 "   0  1   2  3   4  5   6  7   8  9  10 11  12 13  14 15  16 17  18 19  20 21  22 23  24 25 "
 "   0  3   1  4   2  5   6  9   7 10   8 13  11 14  12 15  16 19  17 20  18 23  21 24  22 25 "
 "   0  5   1  6   2 17   3 12   4 23   7 14   8 19   9 10  11 18  13 24  15 22  16 21  20 25 "



  226: |Aut(M)| =  2,  Cycles:3(6:10:10) 
 "   0  1   2  3   4  5   6  7   8  9  10 11  12 13  14 15  16 17  18 19  20 21  22 23  24 25 "
 "   0  3   1  4   2  5   6  9   7 10   8 13  11 14  12 15  16 19  17 20  18 23  21 24  22 25 "
 "   0  5   1  6   2 17   3 12   4 23   7 14   8 21   9 18  10 19  11 24  13 16  15 22  20 25 "



  227: |Aut(M)| =  6,  Cycles:3(6:10:10) 
 "   0  1   2  3   4  5   6  7   8  9  10 11  12 13  14 15  16 17  18 19  20 21  22 23  24 25 "
 "   0  3   1  4   2  5   6  9   7 10   8 13  11 14  12 15  16 19  17 20  18 23  21 24  22 25 "
 "   0  5   1  6   2 17   3 12   4 23   7 14   8 21   9 24  10 19  11 16  13 18  15 22  20 25 "



  228: |Aut(M)| =  1,  Cycles:3(6:10:10) 
 "   0  1   2  3   4  5   6  7   8  9  10 11  12 13  14 15  16 17  18 19  20 21  22 23  24 25 "
 "   0  3   1  4   2  5   6  9   7 10   8 13  11 14  12 15  16 19  17 20  18 23  21 24  22 25 "
 "   0  5   1  6   2 17   3 12   4 25   7  8   9 24  10 19  11 22  13 16  14 21  15 18  20 23 "



  229: |Aut(M)| =  2,  Cycles:3(6:10:10) 
 "   0  1   2  3   4  5   6  7   8  9  10 11  12 13  14 15  16 17  18 19  20 21  22 23  24 25 "
 "   0  3   1  4   2  5   6  9   7 10   8 13  11 14  12 15  16 19  17 20  18 23  21 24  22 25 "
 "   0  5   1  6   2 17   3 14   4 25   7  8   9 24  10 23  11 16  12 21  13 18  15 22  19 20 "



  230: |Aut(M)| =  2,  Cycles:3(6:10:10) 
 "   0  1   2  3   4  5   6  7   8  9  10 11  12 13  14 15  16 17  18 19  20 21  22 23  24 25 "
 "   0  3   1  4   2  5   6  9   7 10   8 13  11 14  12 15  16 19  17 20  18 23  21 24  22 25 "
 "   0  5   1  6   2 17   3 14   4 25   7 12   8 19   9 10  11 18  13 24  15 22  16 21  20 23 "



  231: |Aut(M)| =  2,  Cycles:3(6:10:10) 
 "   0  1   2  3   4  5   6  7   8  9  10 11  12 13  14 15  16 17  18 19  20 21  22 23  24 25 "
 "   0  3   1  4   2  5   6  9   7 10   8 13  11 14  12 15  16 19  17 20  18 23  21 24  22 25 "
 "   0  5   1  6   2 17   3 14   4 25   7 12   8 19   9 22  10 21  11 18  13 24  15 16  20 23 "



  232: |Aut(M)| =  4,  Cycles:3(6:10:10) 
 "   0  1   2  3   4  5   6  7   8  9  10 11  12 13  14 15  16 17  18 19  20 21  22 23  24 25 "
 "   0  3   1  4   2  5   6  9   7 10   8 13  11 14  12 15  16 19  17 20  18 23  21 24  22 25 "
 "   0  5   1  6   2 17   3 18   4  7   8 11   9 14  10 13  12 25  15 24  16 23  19 20  21 22 "



  233: |Aut(M)| =  4,  Cycles:3(6:10:10) 
 "   0  1   2  3   4  5   6  7   8  9  10 11  12 13  14 15  16 17  18 19  20 21  22 23  24 25 "
 "   0  3   1  4   2  5   6  9   7 10   8 13  11 14  12 15  16 19  17 20  18 23  21 24  22 25 "
 "   0  5   1  6   2 17   3 18   4  7   8 15   9 10  11 12  13 24  14 25  16 23  19 20  21 22 "



  234: |Aut(M)| =  1,  Cycles:3(6:10:10) 
 "   0  1   2  3   4  5   6  7   8  9  10 11  12 13  14 15  16 17  18 19  20 21  22 23  24 25 "
 "   0  3   1  4   2  5   6  9   7 10   8 13  11 14  12 15  16 19  17 20  18 23  21 24  22 25 "
 "   0  5   1  6   2 17   3 18   4  7   8 15   9 10  11 24  12 25  13 14  16 23  19 20  21 22 "



  235: |Aut(M)| =  1,  Cycles:3(6:10:10) 
 "   0  1   2  3   4  5   6  7   8  9  10 11  12 13  14 15  16 17  18 19  20 21  22 23  24 25 "
 "   0  3   1  4   2  5   6  9   7 10   8 13  11 14  12 15  16 19  17 20  18 23  21 24  22 25 "
 "   0  5   1  6   2 17   3 18   4  7   8 15   9 12  10 13  11 24  14 25  16 23  19 20  21 22 "



  236: |Aut(M)| =  2,  Cycles:3(6:10:10) 
 "   0  1   2  3   4  5   6  7   8  9  10 11  12 13  14 15  16 17  18 19  20 21  22 23  24 25 "
 "   0  3   1  4   2  5   6  9   7 10   8 13  11 14  12 15  16 19  17 20  18 23  21 24  22 25 "
 "   0  5   1  6   2 17   3 18   4  7   8 21   9 10  11 24  12 23  13 16  14 25  15 20  19 22 "



  237: |Aut(M)| =  1,  Cycles:3(6:10:10) 
 "   0  1   2  3   4  5   6  7   8  9  10 11  12 13  14 15  16 17  18 19  20 21  22 23  24 25 "
 "   0  3   1  4   2  5   6  9   7 10   8 13  11 14  12 15  16 19  17 20  18 23  21 24  22 25 "
 "   0  5   1  6   2 17   3 18   4  7   8 21   9 22  10 15  11 20  12 25  13 16  14 23  19 24 "



  238: |Aut(M)| =  1,  Cycles:3(6:10:10) 
 "   0  1   2  3   4  5   6  7   8  9  10 11  12 13  14 15  16 17  18 19  20 21  22 23  24 25 "
 "   0  3   1  4   2  5   6  9   7 10   8 13  11 14  12 15  16 19  17 20  18 23  21 24  22 25 "
 "   0  5   1  6   2 17   3 18   4  7   8 21   9 24  10 13  11 20  12 25  14 23  15 16  19 22 "



  239: |Aut(M)| =  1,  Cycles:3(6:10:10) 
 "   0  1   2  3   4  5   6  7   8  9  10 11  12 13  14 15  16 17  18 19  20 21  22 23  24 25 "
 "   0  3   1  4   2  5   6  9   7 10   8 13  11 14  12 15  16 19  17 20  18 23  21 24  22 25 "
 "   0  5   1  6   2 17   3 18   4  7   8 25   9 14  10 21  11 24  12 23  13 16  15 20  19 22 "



  240: |Aut(M)| =  2,  Cycles:3(6:10:10) 
 "   0  1   2  3   4  5   6  7   8  9  10 11  12 13  14 15  16 17  18 19  20 21  22 23  24 25 "
 "   0  3   1  4   2  5   6  9   7 10   8 13  11 14  12 15  16 19  17 20  18 23  21 24  22 25 "
 "   0  5   1  6   2 17   3 18   4 11   7 12   8 25   9 14  10 13  15 24  16 23  19 20  21 22 "



  241: |Aut(M)| =  1,  Cycles:3(6:10:10) 
 "   0  1   2  3   4  5   6  7   8  9  10 11  12 13  14 15  16 17  18 19  20 21  22 23  24 25 "
 "   0  3   1  4   2  5   6  9   7 10   8 13  11 14  12 15  16 19  17 20  18 23  21 24  22 25 "
 "   0  5   1  6   2 17   3 18   4 11   7 24   8 21   9 14  10 25  12 23  13 16  15 20  19 22 "



  242: |Aut(M)| =  2,  Cycles:3(6:10:10) 
 "   0  1   2  3   4  5   6  7   8  9  10 11  12 13  14 15  16 17  18 19  20 21  22 23  24 25 "
 "   0  3   1  4   2  5   6  9   7 10   8 13  11 14  12 15  16 19  17 20  18 23  21 24  22 25 "
 "   0  5   1  6   2 17   3 18   4 13   7 20   8 11   9 22  10 23  12 21  14 25  15 16  19 24 "



  243: |Aut(M)| =  2,  Cycles:3(6:10:10) 
 "   0  1   2  3   4  5   6  7   8  9  10 11  12 13  14 15  16 17  18 19  20 21  22 23  24 25 "
 "   0  3   1  4   2  5   6  9   7 10   8 13  11 14  12 15  16 19  17 20  18 23  21 24  22 25 "
 "   0  5   1  6   2 17   3 18   4 13   7 20   8 15   9 24  10 23  11 16  12 21  14 25  19 22 "



  244: |Aut(M)| =  2,  Cycles:3(6:10:10) 
 "   0  1   2  3   4  5   6  7   8  9  10 11  12 13  14 15  16 17  18 19  20 21  22 23  24 25 "
 "   0  3   1  4   2  5   6  9   7 10   8 13  11 14  12 15  16 19  17 20  18 23  21 24  22 25 "
 "   0  5   1  6   2 17   3 18   4 13   7 24   8 15   9 22  10 19  11 20  12 25  14 23  16 21 "



  245: |Aut(M)| =  1,  Cycles:3(6:10:10) 
 "   0  1   2  3   4  5   6  7   8  9  10 11  12 13  14 15  16 17  18 19  20 21  22 23  24 25 "
 "   0  3   1  4   2  5   6  9   7 10   8 13  11 14  12 15  16 19  17 20  18 23  21 24  22 25 "
 "   0  5   1  6   2 17   3 18   4 15   7 20   8 11   9 22  10 23  12 19  13 24  14 21  16 25 "



  246: |Aut(M)| =  1,  Cycles:3(6:10:10) 
 "   0  1   2  3   4  5   6  7   8  9  10 11  12 13  14 15  16 17  18 19  20 21  22 23  24 25 "
 "   0  3   1  4   2  5   6  9   7 10   8 13  11 14  12 15  16 19  17 20  18 23  21 24  22 25 "
 "   0  5   1  6   2 17   3 18   4 15   7 20   8 19   9 24  10 23  11 12  13 22  14 21  16 25 "



  247: |Aut(M)| =  2,  Cycles:3(6:10:10) 
 "   0  1   2  3   4  5   6  7   8  9  10 11  12 13  14 15  16 17  18 19  20 21  22 23  24 25 "
 "   0  3   1  4   2  5   6  9   7 10   8 13  11 14  12 15  16 19  17 20  18 23  21 24  22 25 "
 "   0  5   1  6   2 17   3 20   4  7   8 15   9 12  10 13  11 18  14 19  16 25  21 22  23 24 "



  248: |Aut(M)| =  2,  Cycles:3(6:10:10) 
 "   0  1   2  3   4  5   6  7   8  9  10 11  12 13  14 15  16 17  18 19  20 21  22 23  24 25 "
 "   0  3   1  4   2  5   6  9   7 10   8 13  11 14  12 15  16 19  17 20  18 23  21 24  22 25 "
 "   0  5   1  6   2 17   3 20   4  7   8 15   9 12  10 13  11 24  14 25  16 23  18 21  19 22 "



  249: |Aut(M)| =  2,  Cycles:3(6:10:10) 
 "   0  1   2  3   4  5   6  7   8  9  10 11  12 13  14 15  16 17  18 19  20 21  22 23  24 25 "
 "   0  3   1  4   2  5   6  9   7 10   8 13  11 14  12 15  16 19  17 20  18 23  21 24  22 25 "
 "   0  5   1  6   2 17   3 20   4  7   8 19   9 12  10 25  11 18  13 24  14 21  15 22  16 23 "



  250: |Aut(M)| =  2,  Cycles:3(6:10:10) 
 "   0  1   2  3   4  5   6  7   8  9  10 11  12 13  14 15  16 17  18 19  20 21  22 23  24 25 "
 "   0  3   1  4   2  5   6  9   7 10   8 13  11 14  12 15  16 19  17 20  18 23  21 24  22 25 "
 "   0  5   1  6   2 17   3 20   4  7   8 19   9 14  10 23  11 18  12 21  13 24  15 22  16 25 "



  251: |Aut(M)| =  4,  Cycles:3(6:10:10) 
 "   0  1   2  3   4  5   6  7   8  9  10 11  12 13  14 15  16 17  18 19  20 21  22 23  24 25 "
 "   0  3   1  4   2  5   6  9   7 10   8 13  11 14  12 15  16 19  17 20  18 23  21 24  22 25 "
 "   0  5   1  6   2 17   3 20   4  7   8 19   9 22  10 23  11 24  12 21  13 14  15 16  18 25 "



  252: |Aut(M)| =  2,  Cycles:3(6:10:10) 
 "   0  1   2  3   4  5   6  7   8  9  10 11  12 13  14 15  16 17  18 19  20 21  22 23  24 25 "
 "   0  3   1  4   2  5   6  9   7 10   8 13  11 14  12 15  16 19  17 20  18 23  21 24  22 25 "
 "   0  5   1  6   2 17   3 20   4  7   8 23   9 14  10 25  11 22  12 19  13 16  15 24  18 21 "



  253: |Aut(M)| =  2,  Cycles:3(6:10:10) 
 "   0  1   2  3   4  5   6  7   8  9  10 11  12 13  14 15  16 17  18 19  20 21  22 23  24 25 "
 "   0  3   1  4   2  5   6  9   7 10   8 13  11 14  12 15  16 19  17 20  18 23  21 24  22 25 "
 "   0  5   1  6   2 17   3 20   4 11   7  8   9 10  12 19  13 14  15 18  16 25  21 22  23 24 "



  254: |Aut(M)| =  2,  Cycles:3(6:10:10) 
 "   0  1   2  3   4  5   6  7   8  9  10 11  12 13  14 15  16 17  18 19  20 21  22 23  24 25 "
 "   0  3   1  4   2  5   6  9   7 10   8 13  11 14  12 15  16 19  17 20  18 23  21 24  22 25 "
 "   0  5   1  6   2 17   3 20   4 11   7  8   9 10  12 25  13 14  15 24  16 23  18 21  19 22 "



  255: |Aut(M)| =  2,  Cycles:3(6:10:10) 
 "   0  1   2  3   4  5   6  7   8  9  10 11  12 13  14 15  16 17  18 19  20 21  22 23  24 25 "
 "   0  3   1  4   2  5   6  9   7 10   8 13  11 14  12 15  16 19  17 20  18 23  21 24  22 25 "
 "   0  5   1  6   2 17   3 20   4 15   7 18   8 25   9 10  11 24  12 23  13 16  14 19  21 22 "



  256: |Aut(M)| =  1,  Cycles:3(6:10:10) 
 "   0  1   2  3   4  5   6  7   8  9  10 11  12 13  14 15  16 17  18 19  20 21  22 23  24 25 "
 "   0  3   1  4   2  5   6  9   7 10   8 13  11 14  12 15  16 19  17 20  18 23  21 24  22 25 "
 "   0  5   1  6   2 17   3 22   4 11   7 18   8 21   9 14  10 19  12 25  13 16  15 20  23 24 "



  257: |Aut(M)| =  2,  Cycles:3(6:10:10) 
 "   0  1   2  3   4  5   6  7   8  9  10 11  12 13  14 15  16 17  18 19  20 21  22 23  24 25 "
 "   0  3   1  4   2  5   6  9   7 10   8 13  11 14  12 15  16 19  17 20  18 23  21 24  22 25 "
 "   0  5   1  6   2 17   3 22   4 11   7 18   8 21   9 24  10 19  12 25  13 14  15 20  16 23 "



  258: |Aut(M)| =  1,  Cycles:3(6:10:10) 
 "   0  1   2  3   4  5   6  7   8  9  10 11  12 13  14 15  16 17  18 19  20 21  22 23  24 25 "
 "   0  3   1  4   2  5   6  9   7 10   8 13  11 14  12 15  16 19  17 20  18 23  21 24  22 25 "
 "   0  5   1  6   2 17   3 22   4 15   7  8   9 14  10 19  11 24  12 21  13 16  18 25  20 23 "



  259: |Aut(M)| =  2,  Cycles:3(6:10:10) 
 "   0  1   2  3   4  5   6  7   8  9  10 11  12 13  14 15  16 17  18 19  20 21  22 23  24 25 "
 "   0  3   1  4   2  5   6  9   7 10   8 13  11 14  12 15  16 19  17 20  18 23  21 24  22 25 "
 "   0  5   1  6   2 17   3 22   4 15   7  8   9 14  10 21  11 18  12 23  13 24  16 25  19 20 "



  260: |Aut(M)| =  2,  Cycles:3(6:10:10) 
 "   0  1   2  3   4  5   6  7   8  9  10 11  12 13  14 15  16 17  18 19  20 21  22 23  24 25 "
 "   0  3   1  4   2  5   6  9   7 10   8 13  11 14  12 15  16 19  17 20  18 23  21 24  22 25 "
 "   0  5   1  6   2 17   3 22   4 15   7  8   9 14  10 23  11 24  12 21  13 18  16 25  19 20 "



  261: |Aut(M)| =  2,  Cycles:3(6:10:10) 
 "   0  1   2  3   4  5   6  7   8  9  10 11  12 13  14 15  16 17  18 19  20 21  22 23  24 25 "
 "   0  3   1  4   2  5   6  9   7 10   8 13  11 14  12 15  16 19  17 20  18 23  21 24  22 25 "
 "   0  5   1  6   2 17   3 22   4 15   7 18   8 25   9 10  11 24  12 23  13 20  14 19  16 21 "



  262: |Aut(M)| =  4,  Cycles:3(6:10:10) 
 "   0  1   2  3   4  5   6  7   8  9  10 11  12 13  14 15  16 17  18 19  20 21  22 23  24 25 "
 "   0  3   1  4   2  5   6  9   7 10   8 13  11 14  12 15  16 19  17 20  18 23  21 24  22 25 "
 "   0  5   1  6   2 17   3 22   4 15   7 18   8 25   9 12  10 21  11 24  13 20  14 19  16 23 "



  263: |Aut(M)| =  2,  Cycles:3(6:10:10) 
 "   0  1   2  3   4  5   6  7   8  9  10 11  12 13  14 15  16 17  18 19  20 21  22 23  24 25 "
 "   0  3   1  4   2  5   6  9   7 10   8 13  11 14  12 15  16 19  17 20  18 23  21 24  22 25 "
 "   0  5   1  6   2 17   3 22   4 15   7 20   8 11   9 12  10 25  13 18  14 21  16 23  19 24 "



  264: |Aut(M)| =  1,  Cycles:3(6:10:10) 
 "   0  1   2  3   4  5   6  7   8  9  10 11  12 13  14 15  16 17  18 19  20 21  22 23  24 25 "
 "   0  3   1  4   2  5   6  9   7 10   8 13  11 14  12 15  16 19  17 20  18 23  21 24  22 25 "
 "   0  5   1  6   2 17   3 22   4 15   7 20   8 11   9 18  10 25  12 19  13 24  14 21  16 23 "



  265: |Aut(M)| =  2,  Cycles:3(6:10:10) 
 "   0  1   2  3   4  5   6  7   8  9  10 11  12 13  14 15  16 17  18 19  20 21  22 23  24 25 "
 "   0  3   1  4   2  5   6  9   7 10   8 13  11 14  12 15  16 19  17 20  18 23  21 24  22 25 "
 "   0  5   1  6   2 17   3 22   4 15   7 20   8 19   9 12  10 25  11 16  13 18  14 21  23 24 "



  266: |Aut(M)| =  2,  Cycles:3(6:10:10) 
 "   0  1   2  3   4  5   6  7   8  9  10 11  12 13  14 15  16 17  18 19  20 21  22 23  24 25 "
 "   0  3   1  4   2  5   6  9   7 10   8 13  11 14  12 15  16 19  17 20  18 23  21 24  22 25 "
 "   0  5   1  6   2 17   3 22   4 15   7 20   8 19   9 12  10 25  11 18  13 24  14 21  16 23 "



  267: |Aut(M)| =  1,  Cycles:3(6:10:10) 
 "   0  1   2  3   4  5   6  7   8  9  10 11  12 13  14 15  16 17  18 19  20 21  22 23  24 25 "
 "   0  3   1  4   2  5   6  9   7 10   8 13  11 14  12 15  16 19  17 20  18 23  21 24  22 25 "
 "   0  5   1  6   2 17   3 24   4 11   7  8   9 10  12 19  13 14  15 22  16 25  18 21  20 23 "



  268: |Aut(M)| =  4,  Cycles:3(6:10:10) 
 "   0  1   2  3   4  5   6  7   8  9  10 11  12 13  14 15  16 17  18 19  20 21  22 23  24 25 "
 "   0  3   1  4   2  5   6  9   7 10   8 13  11 14  12 15  16 19  17 20  18 23  21 24  22 25 "
 "   0  5   1  6   2 17   3 24   4 11   7 12   8 19   9 14  10 13  15 22  16 25  18 21  20 23 "



  269: |Aut(M)| =  2,  Cycles:3(6:10:10) 
 "   0  1   2  3   4  5   6  7   8  9  10 11  12 13  14 15  16 17  18 19  20 21  22 23  24 25 "
 "   0  3   1  4   2  5   6  9   7 10   8 13  11 14  12 15  16 19  17 20  18 23  21 24  22 25 "
 "   0  5   1  6   2 17   3 24   4 11   7 18   8 21   9 14  10 19  12 23  13 20  15 22  16 25 "



  270: |Aut(M)| =  2,  Cycles:3(6:10:10) 
 "   0  1   2  3   4  5   6  7   8  9  10 11  12 13  14 15  16 17  18 19  20 21  22 23  24 25 "
 "   0  3   1  4   2  5   6  9   7 10   8 13  11 14  12 15  16 19  17 20  18 23  21 24  22 25 "
 "   0  5   1  6   2 17   3 24   4 11   7 18   8 23   9 14  10 19  12 21  13 22  15 20  16 25 "



  271: |Aut(M)| =  1,  Cycles:3(6:10:10) 
 "   0  1   2  3   4  5   6  7   8  9  10 11  12 13  14 15  16 17  18 19  20 21  22 23  24 25 "
 "   0  3   1  4   2  5   6  9   7 10   8 13  11 14  12 15  16 19  17 20  18 23  21 24  22 25 "
 "   0  5   1  6   2 17   3 24   4 11   7 20   8 19   9 12  10 21  13 22  14 23  15 18  16 25 "



  272: |Aut(M)| =  4,  Cycles:3(6:10:10) 
 "   0  1   2  3   4  5   6  7   8  9  10 11  12 13  14 15  16 17  18 19  20 21  22 23  24 25 "
 "   0  3   1  4   2  5   6  9   7 10   8 13  11 14  12 15  16 19  17 20  18 23  21 24  22 25 "
 "   0  5   1  6   2 17   3 24   4 11   7 20   8 19   9 14  10 21  12 23  13 18  15 22  16 25 "



  273: |Aut(M)| =  4,  Cycles:3(6:10:10) 
 "   0  1   2  3   4  5   6  7   8  9  10 11  12 13  14 15  16 17  18 19  20 21  22 23  24 25 "
 "   0  3   1  4   2  5   6  9   7 10   8 13  11 14  12 15  16 19  17 20  18 23  21 24  22 25 "
 "   0  5   1  6   2 17   3 24   4 11   7 20   8 23   9 14  10 21  12 19  13 22  15 18  16 25 "

