BIBD(  7, 105, 45,  3, 15)

        |Aut(D)|          Nd:             Ns:            Ndt:            Nst:
    _______________________________________________________________________________
             1         5485096               0               0               0
             2           36292               0               0               0
             3            4866               0               0               0
             4            1266               0               0               0
             6             422               0               0               0
             8             134               0               0               0
            10               4               0               0               0
            12              83               0               0               0
            16               9               0               0               0
            20               4               0               0               0
            21              21               0              21               0
            24              46               0               0               0
            36               3               0               0               0
            42               2               0               2               0
            48               1               0               0               0
            60               3               0               0               0
           144               1               0               0               0
           168               3               0               3               0
          5040               1               0               1               0
    _______________________________________________________________________________
        Total:         5528257               0              27               0

   5528257 matrices constructed in 14:04.71
         0 matrices have no replicated blocks
   9581189 matrices were fully constructed
         5 threads launched on level 4 
        Strong canonisity was not used
