

    1: |Aut(M)| =  1344,  Cycles:168(6:6:6:6)
 "   0  1  2   3  4  5   6  7  8   9 10 11  12 13 14  15 16 17  18 19 20  21 22 23 "
 "   0  4  8   1  3 11   2  6 10   5  7  9  12 16 20  13 15 23  14 18 22  17 19 21 "
 "   0  5 13   1 12 17   2  3 16   4 14 15   6 11 19   7 18 23   8  9 22  10 20 21 "
 "   0  7 17   1  6 23   2 15 22   3 10 14   4  9 20   5 12 19   8 16 21  11 13 18 "
 "   0 10 23   1  9 14   2 13 21   3  7 20   4  6 17   5 16 18   8 15 19  11 12 22 "
 "   0 11 16   1 15 20   2  9 19   3  8 13   4 12 23   5  6 22   7 14 21  10 17 18 "
 "   0 14 19   1  8 18   2  7 12   3 17 22   4 11 21   5 10 15   6 13 20   9 16 23 "
 "   0 20 22   1  5 21   2  4 18   3 19 23   6 14 16   7 11 15   8 10 12   9 13 17 "


SRG #1 of type 1 with parameters (v,k,λ μ) = (64,42,26,30): |Aut(G)| = 16128
It's a rank 3 graph with (α, β) = (193, 264)
*111111111111111111111111111111111111111111000000000000000000000  0
1*11111111111111111111111111000000000000000111111111111111000000  1
11*1111111111111110000000000111111111100000111111111100000111110  2
111*111111110000001111110000111111000011110111111000011110111101  3
1111*11110001110001110001110111000111011101111000111011101111011  4
11111*1101001001101001101101100110110111011100110110111011110111  5
111111*100100101010101011011010101101110111010101101110111101111  6
1111111*00010010110010110111001011011101111001011011101111011111  7
11111000*1111110001001101011010101011111011001011110101111101111  8
111101001*000010111111100111110111111000101011100101110111011111  9
1111001010*01001101010010111111101110101111011111111011011010011 10
11110001100*0101011011111110110010110110111111011101110001110111 11
111011001010*110110110111001100011110110111101111001010111111101 12
1110101010011*11101101110100101110001101111010110101111110011111 13
11101001110011*1010011010111011111100011110110101010111011110111 14
111001100011011*111011101001011111010011101111000111001111111101 15
1110010101101101*11101110010111000111011110011011010111101101111 16
11100011010110111*1110001110110101001111011101111100011110111011 17
110111001111010111*110001010001011101101111100101011111011111110 18
1101101001001100111*00111111011111010111100111011111100010110111 19
11011001011110110110*0111001101100111111100010110111110110101111 20
110101101101011110000*011111101001111111100101111011010110111011 21
1101010111011101100110*10101011101101110011110101111001101111011 22
11010011001111101001111*1010110111111001001101100110111011111110 23
110011101001100101111101*101111111111000010011111010101101011111 24
1100110101110110010101101*00111101110101111011111111011011101100 25
11001011111100101111010100*1101110110110011110110111001101111101 26
110001111110101100011110101*111010001101111111011101111000111110 27
1011110001111100110011011111*10110001101110110001111101111111001 28
10111010111100111101001111011*1000011010111100110011111111110110 29
101110010010011110111110111101*110111100010101111100110111111001 30
1011011011100111010110111110101*10100111001101011011111101001111 31
10110101010111110011000110111011*1011010111011111111011111100010 32
101100111110101101110111110000001*111101110110010111111101111001 33
1010111001111010101011111110001101*01010111111011101101110110110 34
10101101111110011001110111100110110*0111001110101101111110001111 35
101010111100010011101111100111101110*111001111111111011011000101 36
1010011110111100011111100111101101011*10100111100010111111110110 37
10011110100110111101111000100101101111*1110011111111111011011000 38
100111011010011111111101010110010101101*011111111101100101110110 39
1001101101111111101111000101110011100110*01101111110101101001111 40
10010111101111101110001011111110111000110*0111100111110110001111 41
100011111111110101100011011101011011100110*111111010110110111001 42
0111110000011011011101110011111101111101111*01101111111100000101 43
01111010011101111001101011111000111111110110*1101010111100110101 44
011110011111100111010101110100111010111111111*000110010111011110 45
0111011001101110011011111110011010011111111110*11110000101011110 46
01110101101111001101110011110111111010111010001*0111111100110101 47
011100111011101011110110110110111011101110111010*001101011101011 48
0110111011110101010110110111101011111011110101110*00101011101011 49
01101101101000111011111111101101110011101111111100*1100010101011 50
011010110111110100111110011111011111101101010001101*010111011110 51
0110011111010110101110011001111101110111111110011110*10111011000 52
01011110011111101110110101010111110111100111110100011*1001101011 53
010111011010011111100011111111011111111010011001110001*110011110 54
0101101111001101110011101010111111110101111111110001101*11100010 55
01010111111011110111110101001110101111100110010011111011*0110101 56
010011111111101110100011111011111100111110000110110111010*110101 57
0011111010011011111111110111111011100101001010011110010111*01110 58
00111101011111110111011110111110011001110010111100011010110*1011 59
001110111100110111101111111110110101001011100110111111100011*100 60
0011011111011111101110011111010100111101110111110001001011101*01 61
00101111111101101111111110010101101101011100011011110111001100*1 62
000111111111111111011110101010110101100011111001111001001101011* 63

Vertex orbits and group generators of graph:
  0  0  0  0  0  0  0  0  0  0  0  0  0  0  0  0  0  0  0  0  0  0  0  0  0  0  0  0  0  0  0  0  0  0  0  0  0  0  0  0  0  0  0  0  0  0  0  0  0  0  0  0  0  0  0  0  0  0  0  0  0  0  0  0
  0  1  1  1  1  1  1  1  1  1  1  1  1  1  1  1  1  1  1  1  1  1  1  1  1  1  1  1  1  1  1  1  1  1  1  1  1  1  1  1  1  1  1 43 43 43 43 43 43 43 43 43 43 43 43 43 43 43 43 43 43 43 43 43
  0  1  2  3  4  5  6  7  8  9 10 11 12 13 14 15 16 17 18 19 20 21 22 23 24 25 26 27 28 29 30 31 32 33 34 35 36 37 38 39 40 41 42 43 44 45 46 47 48 49 50 51 52 53 54 55 56 57 58 59 60 61 62 63
  0  1  9 17 26 16 19 18 14  2 25 20 21 27  8 22  5  3  7  6 11 12 15 24 23 10  4 13 28 31 42 29 36 33 35 34 32 40 38 41 37 39 30 55 49 46 45 53 56 44 57 51 52 47 54 43 48 50 63 60 59 62 61 58
  0  2  1  8  4 14 13 12  3  9 11 10  7  6  5 15 17 16 29 36 35 31 33 37 30 34 28 32 26 18 24 21 27 22 25 20 19 23 39 38 42 41 40 50 49 45 52 48 47 44 43 51 46 62 58 60 61 59 54 57 55 56 53 63
  1  0  2  8  4 13 12 14  3 11 10  9  6  5  7 16 15 17 18 24 26 22 21 27 19 25 20 23 49 45 50 47 52 48 51 44 43 46 55 54 57 56 53 36 35 29 37 31 33 28 30 34 32 42 39 38 41 40 60 62 58 61 59 63


SRG #1 of type 2 with parameters (v,k,λ μ) = (64,28,12,12): |Aut(G)| = 5376
*111111111111111111111111111100000000000000000000000000000000000  0
1*11111111111100000000000000011111111111111100000000000000000000  1
11*1111110000011111000000000011111000000000011111111110000000000  2
111*111101000010000111100000010000111100000011110000001111110000  3
1111*11100100001000100011100001000100011100010001110001110001110  4
11111*1100010000100010010011000100010010011001001001101001101101  5
111111*100001000010001001010100010001001010100100101010101011011  6
1111111*00000100001000100101100001000100101100010010110010110111  7
11100000*1110011010010101100010110001110001010010001010000001111  8
110100001*001111100100100001110101101001010001100000001010001111  9
1100100010*01111001001011010000010001111101001011000101100100010 10
11000100100*1100010010101111011100010000101110100100101101000100 11
110000100111*001100100001011111000011001100101010100110000111000 12
1100000101110*10001001110011000101100001111010100110010100100001 13
10110000111001*0101011010010011010110000000000110010100100011111 14
101010001110100*101100000101100100011000110010011011011101000010 15
1010010001001011*10110000011101010100100111000101011100010101000 16
10100010100100001*1010101110110011100101100001001101000111000001 17
101000010010011101*001010110110001011000011101011110000011000100 18
1001100001001001100*11011001110011100110000110000110011001100100 19
10010100100100101101*0111100000011110000011100011000011100111000 20
100100100010011000110*111010111100000110010110101001000001110010 21
1001000111010100010011*01100101100001010100001101010011010110001 22
10001100001001100011110*0111001011010011000111000001011010001001 23
100010101011100001011110*100000000100011010101110111100000100110 24
1000100110010001011010111*01001001011101010010000010100011011010 25
10000110001111101110010100*0000100101100100000000101111011011100 26
100001010101110110010001010*100001010110001011100101100100010011 27
1000001101001001111101100001*01110000011001100011000000111010101 28
01110000110110100111010000000*1001010100100111001100000001101111 29
011010000001101010000111010011*110010011100110101010100010011000 30
0110010011010101000001100010101*01100011010010011001111001010100 31
01100010101000101101100100001010*1001111001100100010111101000001 32
011000010100010001111001010101011*100101010101001100111000010010 33
0101100001000110110110001010000101*10111110000010111000110010100 34
01010100000110110010100101010110001*1010110101010011000101010001 35
010100101110100100100010011000001001*110011001100110011011011000 36
0101000110100000110101000111010011101*10101010000001100011110010 37
01001100101000000001011110011011101111*0001001001111000000010101 38
010010100110110001000001110010111110000*010011010000100111101001 39
0100100100111101110000100010011000110100*00100001011011110100011 40
01000110010001011010110011000001011110010*1100101011000001101010 41
010001011011010010101000000110001000111001*110111100000110101100 42
0100001100011000001111011000111011010000111*00110001011010000110 43
00111000100101010001010101010111000001010010*0110101010111101000 44
001101000110100001100011100101000101101100000*111101101010100001 45
0011001001010110100001101001001010001000011111*00111101110000010 46
00110001101010110010100010001001001100010011110*0001110110110100 47
001011000010000111101110000011110100001011100100*100001100111010 48
0010101000011100011100001011010001101010001011101*10010100011100 49
00101001000001111011001011000010101110101100001001*0110001100101 50
001001101000000111000101101100010011011011011111000*010010000011 51
0010010100111010100000001111001111000101000001110010*01001110110 52
00100011100011010001101100100001110010001001100101110*1000111001 53
000111000111000100011011001000011100100010010110100011*111000110 54
0001101000110111010010000001100010110001101010111100001*01010011 55
00011001010000001110001101101010001011011011111100010010*0001100 56
000101100001000101110100011011011001110101001000001010110*100101 57
0001010100101100100111101000010000000101111011011010110001*01001 58
00010011000010100000111001111011011111100000000111001101000*1010 59
000011101100101010001001011001100000100101101000110001001011*111 60
0000110111010010001100001010110100100010001100010110101011001*11 61
00001011111000110000010011010100010001001101001010011011000111*1 62
000001111100011001000011000111001001001110000100001101010110111* 63

Vertex orbits and group generators of graph:
  0  0  0  0  0  0  0  0  0  0  0  0  0  0  0  0  0  0  0  0  0  0  0  0  0  0  0  0  0  0  0  0  0  0  0  0  0  0  0  0  0  0  0  0  0  0  0  0  0  0  0  0  0  0  0  0  0  0  0  0  0  0  0  0
  0  1  1  1  1  1  1  1  1  1  1  1  1  1  1  1  1  1  1  1  1  1  1  1  1  1  1  1  1 29 30 29 29 29 29 29 29 30 29 29 29 30 29 29 29 30 29 29 29 29 29 29 29 30 29 30 29 29 29 29 29 30 29 29
  0  1  2  3  4  5  6  7  8  9 10 11 12 13 14 15 16 17 18 19 20 21 22 23 24 25 26 27 28 29 30 31 32 33 34 35 36 37 38 39 40 41 42 43 44 45 46 47 48 49 50 51 52 53 54 55 56 57 58 59 60 61 62 63
  0  1  7  5  3  4  2  6 13 11  9 10  8 12 27 22 25 18 28 20 23 16 26 19 14 21 15 24 17 42 37 40 33 43 35 38 31 41 34 29 36 30 39 32 58 61 52 63 56 47 59 50 62 53 54 45 57 48 60 51 44 55 46 49
  0  3  6  7  4  2  5  1 21 22 19 14 20  9 28 24 17 26 12 25 18 27 13 15 23 10 16  8 11 59 55 46 57 36 56 47 58 37 44 54 34 45 29 35 62 53 63 43 49 60 39 51 32 41 50 61 40 52 33 42 48 30 38 31
  1 11 29 30 12 43 40 35  8 31  0 42 13  5  2  9 33 37  3 39 32  4 38  6 10 36  7 41 34 44 49 61 17 57 52 46 22 25 24 26 27 54 20 55 60 21 48 14 19 58 45 62 18 63 28 16 59 56 23 50 53 47 15 51

