

    1: |Aut(M)| =  6,  Cycles:24(6:6:9) 24(6:15) 24(9:12) 54(21)
 "   0  1  2   3  4  5   6  7  8   9 10 11  12 13 14  15 16 17  18 19 20 "
 "   0  4  8   1  3 11   2  6 13   5  9 16   7 12 20  10 17 18  14 15 19 "
 "   0  5  7   1 14 18   2 10 15   3  8 19   4  6 17   9 13 20  11 12 16 "
 "   0 10 14   1  6 20   2  3 16   4 11 18   5 12 19   7  9 17   8 13 15 "
 "   0 11 13   1 12 17   2  9 19   3  7 14   4 15 20   5  6 10   8 16 18 "
 "   0 16 20   1  5 15   2  7 18   3 13 17   4  9 14   6 11 19   8 10 12 "
 "   0 17 19   1  8  9   2  4 12   3 10 20   5 13 18   6 14 16   7 11 15 "


SRG #1 of type 1 with parameters (v,k,λ μ) = (49,18,7,6): |Aut(G)| = 6
*111111111111111111000000000000000000000000000000  0
1*11111110000000000111111111100000000000000000000  1
11*1111001100000000110000000011111111000000000000  2
111*111000011000000001100000011000000111111000000  3
1111*11000000110000000011000000110000110000111100  4
11111*1000000001100000000110000001100001100110011  5
111111*000000000011000000001100000011000011001111  6
1100000*01110101010111010101000000000101000001010  7
11000000*1011010101101101010100101000000000000101  8
101000011*001010101110000000010100110101000001010  9
1010000100*11101010100010010001011011000010100000 10
10010001101*0101010001100000010101000100110000101 11
100100001110*010101001010010001000010011011100000 12
1000100100110*01110010101000000100001010001111000 13
10001000110010*0111000011001001010100100100010100 14
100001010011010*011000000110110010100011000010001 15
1000010011001110*01010100100000001001000101110010 16
10000011001101110*0000001001101000110000101000110 17
100000101100101110*000000101110010001010010001001 18
0110000111100000000*00101010101011001101000001010 19
01100001010001001000*1110101010100111000001010000 20
010100011001100000001*010101001101000011001000101 21
0101000010010100100110*01010110000001100111010000 22
01001001001010100000110*0111000010010100010110100 23
010010001000011001010010*011101100100010100101000 24
0100010100000001101011010*01110011000010100100010 25
01000100101010010001001110*0100000110001010110001 26
010000110000001001101101110*001000101000110001001 27
0100001010000001011100101110*10010010010001000110 28
00110000010100010010101001001*0110110110110000000 29
001100000010101001010100100100*011101011101000000 30
0010100011010100000011001000010*01110010000101101 31
00101000001000110011000101001110*1001110000010100 32
001001001011000010010100010000111*001000100100111 33
0010010001000011010010001011011100*10001100010001 34
00100010011010000100100100101101001*0000011100110 35
001000100010010010111010000100101100*000011011001 36
0001100101010010000100110000010010000*01110011110 37
00011000000011010010010011001111100000*1001101000 38
000101010100100100010100001000100010011*001011011 39
0001010000010010110000101101011001100100*10100010 40
00010010001110000010001100110100000111001*0101001 41
000100100000110011001110000010100001101100*010110 42
0000110000101100100000011110000101010010110*01010 43
00001100000001111000101100100000101011010010*0101 44
000010110100010000110000100100010000111101010*011 45
0000101010010010010001010000100111010100001010*11 46
00000111010000001101000001001000010101011011011*0 47
000001101001000100100100001100010110100101001110* 48

Vertex orbits and group generators of graph:
  0  1  0  1  0  1  6  7  8  9 10 11  7  9 10  8  9  1 18  9  8 11 10 11  7 10 11 27  0  7  8 10  9  7 11  1 18  8  9 10 11 27  0  8  7 18  1  0 27
  0  1  2  3  4  5  6  7  8  9 10 11 12 13 14 15 16 17 18 19 20 21 22 23 24 25 26 27 28 29 30 31 32 33 34 35 36 37 38 39 40 41 42 43 44 45 46 47 48
  0  1  2  3  4  5  6  7  8  9 10 11 12 13 14 15 16 17 18 19 20 21 22 23 24 25 26 27 28 29 30 31 32 33 34 35 36 37 38 39 40 41 42 43 44 45 46 47 48
  2  3  4  5  0  1  6 29 30 32 31 34 33  9 10 20 19 35 36 38 37 40 39 11 12 22 21 41 42 44 43 14 13 24 23 46 45 15 16 25 26 48 47  8  7 18 17 28 27


SRG #1 of type 2 with parameters (v,k,λ μ) = (49,24,11,12): |Aut(G)| = 3
*111111111111111111111111000000000000000000000000  0
1*11111111111000000000000111111111111000000000000  1
11*1111111100110000000000110000000000111111111100  2
111*111000010101111000000001111100000111110000011  3
1111*11000001001110110000100000011110100001111011  4
11111*1000000010000101111001111010001010001110110  5
111111*000000000001011111010000101111001110001101  6
1110000*11010101000111100001100111100101101100100  7
11100001*0101011100010011100011101001111001000101  8
111000010*101010111001100011100001101110100011010  9
1110000011*10001110100011010011010110010110011100 10
11010001001*0100011111010111010110010011001001010 11
110010001100*110011100101100101110011101000011001 12
1011000100011*10100111001111101000010001110110001 13
10100100110011*0011010101111010011000010010100111 14
100110011010000*101010111100110110100100110110010 15
1001100011100101*10001011011001001011100101100011 16
10011000011110101*1100100000001101110011011100110 17
100100100101101101*010110101110000011100111001100 18
1000110100111100010*11010000101010101110010101101 19
10001011100101110011*1000100010001111010100010111 20
100001110101010010011*101010011101001100011011010 21
1000011101001011011001*10010011110100001101110001 22
10000110101100011011001*1111100000101011001101001 23
100001101010111110000101*001100111010001010011110 24
0110100010011111001010010*11001100101000011111010 25
01100010011101101000011101*0010010111101010100011 26
010101010101011010100001110*101011100000101001111 27
0101010101001101001100011001*10001111111010110000 28
01010100101100110010111000101*1011010110011010001 29
010101001010110011010110010101*100101000111010101 30
0101001110011001010001101100001*11001011110101010 31
01001101001110110001001010110101*0010100100101111 32
010010111100001011001100100111010*110010011101001 33
0100101101100001010110110111101001*00001010010111 34
01001010001111001110100010101100110*1001101110100 35
010001101100100010111101011010110001*110100100110 36
0011100111001001101101000010110010001*01011001111 37
00110100111100100101100100001101010010*1100111011 38
001100111001110001000011101010010011011*001010111 39
0011001101100101101010100001001110011010*00111101 40
00110010001001110111010011101111011001000*0101100 41
001011011001000011100111010101100101010100*111100 42
0010110100000111110100110110100111011010111*00000 43
00101100011011010000111011001110001100111010*1010 44
001010100111100000110101110100011100011011101*001 45
0010011110100010011110001001001010111101111000*10 46
00011100010100111100110011110001101011110000101*0 47
000110101000111010011011001101101110011110000100* 48

Vertex orbits and group generators of graph:
  0  0  2  2  4  0  2  7  8  9 10 11 12 13 11 15 16 17 18 12 20  8 10  9  7 20 18  8 10  9  7 13 12 16 15 17 11 37 18 39 39 39 16 17 15 37 13 20 37
  0  1  2  3  4  5  6  7  8  9 10 11 12 13 14 15 16 17 18 19 20 21 22 23 24 25 26 27 28 29 30 31 32 33 34 35 36 37 38 39 40 41 42 43 44 45 46 47 48
  0  1  2  3  4  5  6  7  8  9 10 11 12 13 14 15 16 17 18 19 20 21 22 23 24 25 26 27 28 29 30 31 32 33 34 35 36 37 38 39 40 41 42 43 44 45 46 47 48
  1  5  3  6  4  0  2 30 27 29 28 36 32 31 11 34 33 35 26 12 25  8 10  9  7 47 38 21 22 23 24 46 19 42 44 43 14 48 18 40 41 39 16 17 15 37 13 20 45



    2: |Aut(M)| =  6,  Cycles:12(6:6:9) 36(6:15) 36(9:12) 42(21)
 "   0  1  2   3  4  5   6  7  8   9 10 11  12 13 14  15 16 17  18 19 20 "
 "   0  4  8   1  3 11   2  6 13   5 12 16   7 15 20   9 17 19  10 14 18 "
 "   0  5 10   1  9 14   2  7 18   3 16 20   4  6 17   8 12 19  11 13 15 "
 "   0  7 17   1 12 20   2  9 16   3  8 10   4 14 15   5 13 18   6 11 19 "
 "   0 11 16   1 17 18   2  4 12   3  7 14   5 15 19   6 10 20   8  9 13 "
 "   0 13 20   1  8 15   2  3 19   4 11 18   5  7  9   6 14 16  10 12 17 "
 "   0 14 19   1  5  6   2 10 15   3 13 17   4  9 20   7 11 12   8 16 18 "


SRG #2 of type 1 with parameters (v,k,λ μ) = (49,18,7,6): |Aut(G)| = 4
*111111111111111111000000000000000000000000000000  0
1*11111110000000000111111111100000000000000000000  1
11*1111001100000000110000000011111111000000000000  2
111*111000011000000001100000011000000111111000000  3
1111*11000000110000000011000000110000110000111100  4
11111*1000000001100000000110000001100001100110011  5
111111*000000000011000000001100000011000011001111  6
1100000*11010101010101010101011000000000000101010  7
11000001*0101010101010101010111000000000000101010  8
101000010*110101010010011000010101010001010000001  9
1010000011*01010101100011000001010101001010000001 10
10010001010*0111010100100010001001000100111000100 11
100100001010*110101011000001010000001011101010000 12
1000100101011*01010010001001000010001010100110100 13
10001000101110*0101100010010000101000100001011100 14
100001010101010*110001000010100010110101000010010 15
1000010010101011*01001000100100011010100100100001 16
10000011010101010*1000100100100100101010001001001 17
100000101010101011*000100101000100110010010000110 18
0110000100110010000*01010111001011101000001000100 19
01100000110011000000*0101011110101011000100010000 20
010100010000100110010*010101110010010111001000000 21
0101000010010000011010*01110101100100110110000000 22
01001001011000100001010*1101000100000101010011001 23
010010001110010000001011*010100010000011010100101 24
0100010100000000111101110*01000101100010100100001 25
01000100100100110001101010*0100001100001001010110 26
010000110000110000111101010*000000011000110010110 27
0100001010000001110011101010*00010011100001001001 28
00110001110010000000110000000*1101010011001101010 29
001100011011000000010010000001*010101100110101010 30
0010100001000010011010110100010*01110110000011000 31
00101000001001011001010010001010*0111110000100100 32
001001000101001010011000011001010*010000101100101 33
0010010000100001011100100110001110*01011000010010 34
00100010010000011010110000011101110*0100010000110 35
001000100010110001011000000110101010*000101011001 36
0001100000010011100001110000101110010*00110011000 37
00011000000011000110011011000101101000*1001100100 38
000101000110100100000101101001000010001*011010011 39
0001010000011100100010100101001001001100*10110001 40
00010010011100000010001110010010000101011*0000111 41
000100100001101001010100001011000100101100*001101 42
0000110110000100100000001100011011000010100*01111 43
00001100000011110000100100110001001011011000*1010 44
000010111000001001000001000011110000110000111*011 45
0000101000010110001100001011000011010010011100*10 46
00000111100000010010000000110110001100010101111*0 47
000001100110000011000001110010000100100111110100* 48

Vertex orbits and group generators of graph:
  0  1  1  3  3  5  5  7  7  7  7 11 11 11 11 15 15 15 15 19 19 21 21 23 23 25 26 26 25 23 23 21 21 26 25 25 26 37 37 39 40 39 40 39 40 39 40 47 47
  0  1  2  3  4  5  6  7  8  9 10 11 12 13 14 15 16 17 18 19 20 21 22 23 24 25 26 27 28 29 30 31 32 33 34 35 36 37 38 39 40 41 42 43 44 45 46 47 48
  0  1  2  3  4  5  6  7  8  9 10 11 12 13 14 15 16 17 18 19 20 21 22 23 24 25 26 27 28 29 30 31 32 33 34 35 36 37 38 39 40 41 42 43 44 45 46 47 48
  0  1  2  3  4  6  5  8  7 10  9 12 11 14 13 18 17 16 15 20 19 22 21 24 23 28 27 26 25 30 29 32 31 36 35 34 33 38 37 41 42 39 40 45 46 43 44 47 48
  0  2  1  4  3  6  5  9 10  7  8 13 14 11 12 17 18 15 16 20 19 31 32 29 30 35 36 33 34 23 24 21 22 27 28 25 26 38 37 45 46 43 44 41 42 39 40 48 47


SRG #2 of type 2 with parameters (v,k,λ μ) = (49,24,11,12): |Aut(G)| = 24
*111111111111111111111111000000000000000000000000  0
1*11111111111000000000000111111111111000000000000  1
11*1111111000111000000000111000000000111111111000  2
111*111000111000111000000000111000000111111000111  3
1111*11000000110100111000100110111000000000111111  4
11111*1000000001010100111010000110111111000100110  5
111111*000000000001011111001001001111000111011001  6
1110000*11000001111100110100111101100100110110000  7
11100001*0100110110011001011101100110011100010100  8
111000010*010101101110100011110010011110001001001  9
1101000010*01110011010101110011011001010011100100 10
11010000010*1011011001011101110110010001101001010 11
110100000011*111100101010111001001101101010000011 12
1010100011101*00010111001011010100100100011101011 13
10101000101110*1000101110001101011000011001111100 14
101001010101101*000011011100100010101110110100101 15
1001100111001000*01111100110001010010101100010111 16
10010101101101000*0110011000110001011101101110010 17
100100110111000010*101101100010100101011011011100 18
1000110101001110111*00100001100001111001010101110 19
10001010111001011100*0011100101010011010010011011 20
100010101001111110100*010010010100111000101110101 21
1000011101100010101100*11011001111000010101100011 22
10000111000110110100111*0010011101010110010011010 23
100001101011010101101010*101000111100101100001101 24
0110100100111001101010001*10000111001001110111010 25
01100100111011001000011101*0000101011110101001110 26
011000101101111000010010100*010011110011110010011 27
0101100111010011010110000000*01101101010101001111 28
01011001011101000110010100010*0111010110010110101 29
010100111010101010001011000010*110110101011101001 30
0100110110010100001001111110111*00100011000101011 31
01001100011100111000101011010110*0110100001110110 32
010010110010101001010011111111000*001100100011101 33
0100011110001101001101001001101110*01100011010110 34
01000110110100001101110100110110100*1001110101100 35
010001100110100101111100011010000111*011001110001 36
0011010101001101110000011010011011100*01001011101 37
00110100111000110010101100111101000010*1010010111 38
001101001001101011110000110100110001111*000111001 39
0011001110010001110001101111100001010000*11100111 40
00110011001011010011100101010110001100101*0101110 41
001100100111011001100110001010101010110010*111010 42
0010110100100111010101100100011110011001111*00001 43
00101011100000101110110101010100111011110010*0010 44
001010100101011000111001111010110101010101100*100 45
0001110010100011101101001010110011110110110001*00 46
00011100000111001101101101111001101000101110100*0 47
000110100100110110001110100111110100111110010000* 48

Vertex orbits and group generators of graph:
  0  0  0  0  4  0  0  7  7  7  7  7  7  0  0  7  0  7  7  0  0  0  7  7  7  0  7  7  0  0  7  0  0  0  7  7  7  7  7  7  7  7  7  0  0  0  0  0  0
  0  1  2  3  4  5  6  7  8  9 10 11 12 13 14 15 16 17 18 19 20 21 22 23 24 25 26 27 28 29 30 31 32 33 34 35 36 37 38 39 40 41 42 43 44 45 46 47 48
  0  1  2  3  4  5  6  7  8  9 10 11 12 13 14 15 16 17 18 19 20 21 22 23 24 25 26 27 28 29 30 31 32 33 34 35 36 37 38 39 40 41 42 43 44 45 46 47 48
  1  0  3  2  4  6  5 12 11 10  9  8  7 29 28 30 25 27 26 33 32 31 36 34 35 16 18 17 14 13 15 21 20 19 23 24 22 41 42 40 39 37 38 48 47 46 45 44 43



    3: |Aut(M)| =  2,  Cycles:10(6:6:9) 20(6:15) 20(9:12) 76(21)
 "   0  1  2   3  4  5   6  7  8   9 10 11  12 13 14  15 16 17  18 19 20 "
 "   0  4  8   1  3 11   2  6 13   5 15 19   7 17 18   9 14 16  10 12 20 "
 "   0  5 10   1  6 20   2 16 18   3  7 14   4 12 17   8  9 19  11 13 15 "
 "   0  7 20   1  9 17   2 12 19   3  8 13   4 11 18   5  6 16  10 14 15 "
 "   0 11 16   1  5 12   2  7 15   3 17 19   4  6 14   8 10 18   9 13 20 "
 "   0 13 17   1 14 18   2  3 10   4 15 20   5  7  9   6 11 19   8 12 16 "
 "   0 14 19   1  8 15   2  4  9   3 16 20   5 13 18   6 10 17   7 11 12 "


SRG #3 of type 1 with parameters (v,k,λ μ) = (49,18,7,6): |Aut(G)| = 1
*111111111111111111000000000000000000000000000000  0
1*11111110000000000111111111100000000000000000000  1
11*1111001100000000110000000011111111000000000000  2
111*111000011000000001100000011000000111111000000  3
1111*11000000110000000011000000110000110000111100  4
11111*1000000001100000000110000001100001100110011  5
111111*000000000011000000001100000011000011001111  6
1100000*11010101010101010101011000000000000101010  7
11000001*0101010101010101010111000000000000101010  8
101000010*110101010010011000010101010001010000001  9
1010000011*01010101100011000001010101001010000001 10
10010001010*0111010001100010001001001100110000100 11
100100001010*010111011000001010010000011101010000 12
1000100101010*01011000101100000110100010001100100 13
10001000101110*0101001010010000101001100000011100 14
100001010101010*110100000010100000110111000010010 15
1000010010101011*01100000100100001010110100100001 16
10000011010111010*0010000001100010001000101011001 17
100000101010111010*000100101000100110000011000110 18
0110000100100001100*01010101101010111110000000000 19
01100000110010000100*0101011110111010000100010000 20
010100010001101000010*010111010001001011001000100 21
0101000010010100001010*01110101100100100111000000 22
01001001011000100001010*1101000100000101010011001 23
010010001110010000001011*010100010000011010100101 24
0100010100000100101101110*01000101100000101100001 25
01000100100100110000111010*0100001101001000010110 26
010000110000100001111101010*000010010000110010110 27
0100001010000001110110101010*00000011110001001001 28
00110001110010000000110000000*1101010011001101010 29
001100011011000000010010000001*010101100110101010 30
0010100001000110001010110100010*01110100001011000 31
00101000001011000101100010010010*0101010100110100 32
001001000101001010001100011001010*011000100100101 33
0010010000100101001100100110001110*01001001010010 34
00100010010000011011100000011101010*0110010000110 35
001000100011001001010100001010101110*000001001101 36
0001100000010011100100110000101100010*10110011000 37
00011000000011011001010010001100100101*1001100100 38
000101000110100100000101101001000010001*011010011 39
0001010000011000110010100101001011000100*10110001 40
00010010011100000010001110010010000101011*0000111 41
000100100000110001100110010011010010101100*001001 42
0000110110000100100000001100011011000010100*01111 43
00001100000010110100100100110001101001011000*1010 44
000010111000001001000001000011110000110000111*011 45
0000101000010110001001001011000011011010010100*10 46
00000111100000010010000000110110001100010101111*0 47
000001100110000011000001110010000100100111110100* 48

Vertex orbits and group generators of graph:
  0  1  2  3  4  5  6  7  8  9 10 11 12 13 14 15 16 17 18 19 20 21 22 23 24 25 26 27 28 29 30 31 32 33 34 35 36 37 38 39 40 41 42 43 44 45 46 47 48
  0  1  2  3  4  5  6  7  8  9 10 11 12 13 14 15 16 17 18 19 20 21 22 23 24 25 26 27 28 29 30 31 32 33 34 35 36 37 38 39 40 41 42 43 44 45 46 47 48
  0  1  2  3  4  5  6  7  8  9 10 11 12 13 14 15 16 17 18 19 20 21 22 23 24 25 26 27 28 29 30 31 32 33 34 35 36 37 38 39 40 41 42 43 44 45 46 47 48


SRG #3 of type 2 with parameters (v,k,λ μ) = (49,24,11,12): |Aut(G)| = 3
*111111111111111111111111000000000000000000000000  0
1*11111111111000000000000111111111111000000000000  1
11*1111111100110000000000110000000000111111111100  2
111*111000011001111000000001111000000111111000011  3
1111*11000000101100111000101000111100100000111011  4
11111*1000000010010100111000111100011010000111110  5
111111*000000000001011111010000011111001111000101  6
1110000*11100001011100110101100011010001110110010  7
11100001*0011110100110100010011110010001101110001  8
111000010*010110011011001101110001110110001100100  9
1110000100*01101101100011111001100101011010001100 10
11010000110*0111011001001010011111001101100001010 11
110100001010*010110011110111101000101110100010001 12
1010100011110*00110101001010001001110010011011011 13
10100100110110*1100010110100000101011110101001110 14
100110010011001*101101010100110101001000111101001 15
1001100010101111*00010101001110101100001011010110 16
10010101010111000*0101101101010010001010110010111 17
100100110111000100*110110010011001100111000100111 18
1000110110100101011*10010001011010011100001011101 19
10001010110010101011*1100001010010111111010101000 20
100010100101110101001*011110100100011101010110001 21
1000011110001010111010*01110101011000000010101111 22
10000111001010110011010*1010100110110110101010010 23
100001100111010011000111*001101110100001101101100 24
0110100101101011010001100*00001110101100011100111 25
01100010101111000010011100*0110111000110010011101 26
010110010110100011011000100*100111010111100001101 27
0101010101001001100001111011*11001010100011111000 28
01010100110100011111100000101*0110101010011110100 29
010101001011110000110010110010*000111101001101011 30
0100110010110011100001011111010*10010011000100111 31
01001011100100000101101111110101*0100100111001010 32
010010110101011110100010001110000*111000100011111 33
0100101001101100101010011100011011*01010101110010 34
01000111110001100001110100011011010*1011011000011 35
010001100011101101011100010001100111*001110011100 36
0011100001011010001111010111101010000*01001011110 37
00110100011011100110100100110101001100*0110101011 38
001100111011000010101100100100110001110*110110110 39
0011001110011011010000011001000011101011*01111001 40
00110011001001011100111001101100100110110*1001010 41
001100101100011110010001110011101011010011*000101 42
0010110111000001001011101100111100100011100*11001 43
00101101100011001101010100101100011011011001*0110 44
001011000011011100011010101110101100111011010*000 45
0010011001100010111100101111010101001101001010*01 46
00011101000101101110001101000011111101110100100*0 47
000110101000110101110110011100110101001010110010* 48

Vertex orbits and group generators of graph:
  0  1  2  2  4  5  6  7  8  9  1 11  1  4 14 15  8  6  9 19 11 19 22  7 22 25  0  0  7 14 25  8 22 19 25 15 36  9  2 14  5  5 42 42 15  6 11 42  4
  0  1  2  3  4  5  6  7  8  9 10 11 12 13 14 15 16 17 18 19 20 21 22 23 24 25 26 27 28 29 30 31 32 33 34 35 36 37 38 39 40 41 42 43 44 45 46 47 48
  0  1  2  3  4  5  6  7  8  9 10 11 12 13 14 15 16 17 18 19 20 21 22 23 24 25 26 27 28 29 30 31 32 33 34 35 36 37 38 39 40 41 42 43 44 45 46 47 48
 26 10 38  2 13 41 45 23 31 18 12 46  1 48 29 44  8  6 37 21 11 33 32 28 22 34 27  0  7 39 25 16 24 19 30 15 36  9  3 14  5 40 43 47 35 17 20 42  4



    4: |Aut(M)| =  3,  Cycles:12(6:6:9) 12(6:15) 12(9:12) 90(21)
 "   0  1  2   3  4  5   6  7  8   9 10 11  12 13 14  15 16 17  18 19 20 "
 "   0  4  8   1  3 11   2  7  9   5 12 16   6 17 19  10 14 18  13 15 20 "
 "   0  5  7   1 12 17   2 15 19   3 10 20   4  9 14   6 11 16   8 13 18 "
 "   0 10 17   1  5 18   2  3 13   4  6 20   7 14 15   8  9 16  11 12 19 "
 "   0 11 13   1  8 15   2  6 10   3 14 16   4 17 18   5  9 19   7 12 20 "
 "   0 14 19   1  9 20   2 16 18   3  7 17   4 11 15   5  6 13   8 10 12 "
 "   0 16 20   1  6 14   2  4 12   3  8 19   5 10 15   7 11 18   9 13 17 "


SRG #4 of type 1 with parameters (v,k,λ μ) = (49,18,7,6): |Aut(G)| = 3
*111111111111111111000000000000000000000000000000  0
1*11111110000000000111111111100000000000000000000  1
11*1111001100000000110000000011111111000000000000  2
111*111000011000000001100000011000000111111000000  3
1111*11000000110000000011000000110000110000111100  4
11111*1000000001100000000110000001100001100110011  5
111111*000000000011000000001100000011000011001111  6
1100000*11010101010101010101011000000000000101010  7
11000001*0101010101010101010111000000000000101010  8
101000010*110101010011001000010101010001000000101  9
1010000011*01010101101001000001010101001000000101 10
10010001010*0101110000110000101010010101110000000 11
100100001010*010111001100001010100100010101010000 12
1000100101010*11010100001010000011000010011011000 13
10001000101011*0101100010010000101000100011100100 14
100001010101010*011010000110000000101110100100001 15
1000010010111010*01000010100100011010001100010010 16
10000011010111010*0000100001100100101000001010110 17
100000101010101110*010000101000000011110010001001 18
0110000100100110000*01010111001011101000011000000 19
01100000110000010010*0101110110101011110000000000 20
010100010110100000010*011101010000000011101000101 21
0101000010011000010010*01011101100100101010010000 22
01001001000100101001010*0101100110010100100100100 23
010010001110010000001110*010100010000011000011101 24
0100010100000001101111010*01000001001111000010010 25
01000100100001110001101010*0100001100000111100001 26
010000110000100001110111010*000100110000010011001 27
0100001010010000110010111010*00010011000101000110 28
00110001110010000000110000000*1101010010101101010 29
001100011011000000010010000001*010101101010101010 30
0010100001001010010010110001010*01110100000110100 31
00101000001101001001000110001010*0111010100011000 32
001001000100011010011000011001010*010001011010010 33
0010010000101001010100100011001110*01000100110001 34
00100010010100001010100100011101110*0000110001001 35
001000100010000101111000010010101010*110001000110 36
0001100000010011001010110100001100001*11010100100 37
00011000000011010010110011000100100011*0101011000 38
000101000111000010000110110000100100010*010010111 39
0001010000011001100001010010110010110010*01100001 40
00010010000101100011001000110010010101010*1001001 41
000100100000111001010100001011000100101011*000110 42
0000110110000011000000010010011100100100100*01111 43
00001100000011001100001011010001111000110000*1010 44
000010111000010000100000100101101001001001011*011 45
0000101001100010010001011000100100001101001100*11 46
00000111100000001100000001001110010010010011111*0 47
000001100110000100100100101100000011000111010110* 48

Vertex orbits and group generators of graph:
  0  1  2  3  4  5  6  4  0  9 10 11 12  1  0 15 10 17 10  5 11 21 17 15 15 25  4 27  9  3  6 17 25  6 27 35 35  9 21 35 21  2  3  1 27  5 11  2 25
  0  1  2  3  4  5  6  7  8  9 10 11 12 13 14 15 16 17 18 19 20 21 22 23 24 25 26 27 28 29 30 31 32 33 34 35 36 37 38 39 40 41 42 43 44 45 46 47 48
  0  1  2  3  4  5  6  7  8  9 10 11 12 13 14 15 16 17 18 19 20 21 22 23 24 25 26 27 28 29 30 31 32 33 34 35 36 37 38 39 40 41 42 43 44 45 46 47 48
 14 13 41 42 26 19 33  4  0 37 18 46 12 43  8 23 10 31 16 45 11 38 17 24 15 32  7 44  9  3  6 22 48 30 27 39 35 28 40 36 21 47 29  1 34  5 20  2 25



    5: |Aut(M)| =  6,  Cycles:24(6:6:9) 24(6:15) 78(21)
 "   0  1  2   3  4  5   6  7  8   9 10 11  12 13 14  15 16 17  18 19 20 "
 "   0  4  8   1  3 11   2  7 12   5 13 15   6 16 20   9 14 19  10 17 18 "
 "   0  5 16   1  6 17   2  3 13   4  9 20   7 14 18   8 10 15  11 12 19 "
 "   0  7 11   1  5 18   2 15 19   3 10 20   4  6 14   8 12 16   9 13 17 "
 "   0 10 14   1 12 20   2  9 16   3  7 17   4 11 15   5  6 19   8 13 18 "
 "   0 13 20   1 14 15   2  6 10   3  8 19   4 12 17   5  7  9  11 16 18 "
 "   0 17 19   1  8  9   2  4 18   3 14 16   5 10 12   6 11 13   7 15 20 "


SRG #5 of type 1 with parameters (v,k,λ μ) = (49,18,7,6): |Aut(G)| = 588
*111111111111111111000000000000000000000000000000  0
1*11111110000000000111111111100000000000000000000  1
11*1111001100000000110000000011111111000000000000  2
111*111000011000000001100000011000000111111000000  3
1111*11000000110000000011000000110000110000111100  4
11111*1000000001100000000110000001100001100110011  5
111111*000000000011000000001100000011000011001111  6
1100000*01110101010101110101000100000001000001010  7
11000000*1101010101011101010100010000000100000101  8
101000011*010101010011000000010111010000100000101  9
1010000110*01010101100100000001110101001000001010 10
10010001010*0111010100100010001000010100111100000 11
100100001010*110101011000100010000001011011010000 12
1000100101011*01010010001100000010001010010111000 13
10001000101110*0101100010010000100010100001110100 14
100001010101010*011000010010101001100011000010001 15
1000010010101010*11000001101010001100100100100010 16
10000011010101011*0000001001110000101100001000110 17
100000101010101110*000010001101001010010010001001 18
0110000100110010000*01010111001010111000001100000 19
01100000110011000000*0101110110101011000010010000 20
010100011100100000010*010101010010000011101000101 21
0101000110110000000010*01010101100000101110001010 22
01001001000000110011010*0101101101000110000010100 23
010010001000010011001010*011110010100110000101000 24
0100010100001100100111010*01000001001000110110010 25
01000100100100110001101010*0100000110001001110001 26
010000110000000011110101110*010000110100010001001 27
0100001010000001011010111010*01001001010001000110 28
00110000010010001100110010010*0101110111001000000 29
001100000011000100110011000010*011101110110000000 30
0010100101100010000010110000010*01010101000011110 31
00101000111001000001010010000010*0101010100101101 32
001001000100000110101001010011110*010010100100010 33
0010010000100001110100001011011010*01101000010001 34
00100010010100100011100000110101010*0000011101001 35
001000100010110001011000010010101010*000011010110 36
0001100000010010110000111001011100100*00110010100 37
00011000000011010010010110001110110000*1001101000 38
000101010010100100000110001001010010001*001011011 39
0001010011010000100001100100001011000100*10100111 40
00010010000111000010101001010010000111001*0011001 41
000100100001101001010100001011000001101100*100110 42
0000110000010110100100001110000011010010101*01010 43
00001100000011110000100101100001001011010100*0101 44
000010110010010000100010100100011001001101010*011 45
0000101011000010010001010000100110001100101010*11 46
00000111001000001100001001001001010010011011011*0 47
000001101100000100100100001100001011000111001110* 48

Vertex orbits and group generators of graph:
  0  0  0  0  0  0  0  0  0  0  0  0  0  0  0  0  0  0  0  0  0  0  0  0  0  0  0  0  0  0  0  0  0  0  0  0  0  0  0  0  0  0  0  0  0  0  0  0  0
  0  1  1  1  1  1  1  7  7  7  7  7  7  7  7  7  7  7  7 19 19 21 21 23 23 23 23 21 21 23 23 21 21 21 21 23 23 19 19 23 23 21 21 21 21 23 23 19 19
  0  1  2  3  4  5  6  7  8  9 10 11 12 13 14 15 16 17 18 19 20 21 22 23 24 25 26 27 28 29 30 31 32 33 34 35 36 37 38 39 40 41 42 43 44 45 46 47 48
  0  1  2  3  4  5  6  8  7 10  9 12 11 14 13 16 15 18 17 20 19 22 21 24 23 26 25 28 27 30 29 32 31 34 33 36 35 38 37 40 39 42 41 44 43 46 45 48 47
  0  2  1  4  3  6  5 10  9  8  7 14 13 12 11 18 17 16 15 19 20 32 31 30 29 36 35 34 33 24 23 22 21 28 27 26 25 37 38 45 46 44 43 42 41 39 40 47 48
  1 22  8 26 20 28 24  7  3 21  0 19  5 25  2 23  6 27  4 10 40 39 11 31 41 47 30 45 37 48 14  9 12 46 18 32 16 35 44 15 42 43 34 36 33 13 29 17 38



    6: |Aut(M)| =  6,  Cycles:30(6:6:9) 96(21)
 "   0  1  2   3  4  5   6  7  8   9 10 11  12 13 14  15 16 17  18 19 20 "
 "   0  4  8   1  3 11   2  7 12   5 13 15   6 16 20   9 14 19  10 17 18 "
 "   0  5 16   1  6 17   2  3 13   4  9 20   7 14 18   8 10 15  11 12 19 "
 "   0  7 11   1 14 15   2  4 18   3 10 20   5  6 19   8 12 16   9 13 17 "
 "   0 10 14   1  5 18   2  9 16   3  8 19   4 12 17   6 11 13   7 15 20 "
 "   0 13 20   1  8  9   2 15 19   3  7 17   4  6 14   5 10 12  11 16 18 "
 "   0 17 19   1 12 20   2  6 10   3 14 16   4 11 15   5  7  9   8 13 18 "



    7: |Aut(M)| =  42,  Cycles:42(6:6:9) 84(21)
 "   0  1  2   3  4  5   6  7  8   9 10 11  12 13 14  15 16 17  18 19 20 "
 "   0  4  8   1  3 11   2  7 12   5 15 19   6 13 17   9 16 20  10 14 18 "
 "   0  5 13   1 12 17   2  9 19   3  7 14   4  6 11   8 16 18  10 15 20 "
 "   0  7 20   1  5 18   2 13 15   3  8 10   4  9 17   6 14 19  11 12 16 "
 "   0 10 17   1  9 14   2  4 18   3 13 20   5  6 16   7 11 15   8 12 19 "
 "   0 11 19   1  6 20   2  3 16   4 14 15   5 10 12   7 17 18   8  9 13 "
 "   0 14 16   1  8 15   2  6 10   3 17 19   4 12 20   5  7  9  11 13 18 "


SRG #4 of type 2 with parameters (v,k,λ μ) = (49,24,11,12): |Aut(G)| = 126
*111111111111111111111111000000000000000000000000  0
1*11111111111000000000000111111111111000000000000  1
11*1111111111000000000000000000000000111111111111  2
111*111000000111111000000111111000000111111000000  3
1111*11000000111111000000000000111111000000111111  4
11111*1000000000000111111111111000000000000111111  5
111111*000000000000111111000000111111111111000000  6
1110000*11100111000111000111000111000111000111000  7
11100001*0011110100110100110100000111110100000111  8
111000010*011101010000111101010110100000111110100  9
1110000100*11000111101010000111101010101010101010 10
11100000111*0010101001011010101010101001011010101 11
111000001110*001011010101001011001011010101001011 12
1001100111000*11001110010000111101100100101100101 13
10011001100101*0110110001001011010011011010110001 14
100110010100110*110001101010101011100110001011010 15
1001100010110011*01001110101010010110110010001110 16
10011000011010110*1100101110100100011001110110010 17
100110000011110011*011010111000101001001101001101 18
1000011110100110010*11001010110110010000111001110 19
10000111100011100011*0110101001001101001011011010 20
100001110011000110110*110011100011010010101110001 21
1000011011001001110011*01101100001110101010100101 22
10000110011101001010110*1100011100101110100110010 23
100001100101101101010011*010011110001111000001101 24
0101010111000000111010110*11001110010101100010110 25
01010101100100010111010011*0110001101011100011100 26
010101010100101010101110010*110110001010011101001 27
0101010010110101010101100011*01100101100011100011 28
01010100011011101001000110110*1001110010110101100 29
010101000011111100001001110011*011010101001010011 30
0100101101100100011100011101100*11001110010000111 31
01001011010100111001010011010011*0110001101001011 32
010010110010110100101110001001110*110011010010101 33
0100101011010101100010110010110011*01001110101010 34
01001010101010101101011001000110110*1100101110100 35
010010101001101001101001101110010011*110001111000 36
0011001110100101100000111100101100011*11001101100 37
00110011100010111000010110110101010011*0110010011 38
001100110011001001101010111000101110010*110101001 39
0011001011001100011101010110010010110011*01100011 40
00110010011100101101101000011101011000110*1010110 41
001100100101110100111100000110101001110011*011100 42
0010110101100110010001110001110000111101100*11001 43
00101101010100110100110101100010010110100111*0110 44
001011010010100110111000101101001010110100110*110 45
0010110011010100101100101110010101010100011011*01 46
00101100101010011101100101001011101000101100110*1 47
001011001001111000100110100110111100001110010011* 48

Vertex orbits and group generators of graph:
  0  0  0  0  0  0  0  7  7  7  7  7  7  7  7  7  7  7  7  7  7  7  7  7  7  7  7  7  7  7  7  7  7  7  7  7  7  7  7  7  7  7  7  7  7  7  7  7  7
  0  1  2  2  1  2  1  7  7  7  7  7  7  7  7  7  7  7  7  7  7  7  7  7  7 25 25 25 25 25 25 31 31 31 31 31 31 25 25 25 25 25 25 25 25 25 25 25 25
  0  1  2  3  4  5  6  7  8  9 10 11 12 13 14 15 16 17 18 19 20 21 22 23 24 25 26 27 28 29 30 31 32 33 34 35 36 37 38 39 40 41 42 43 44 45 46 47 48
  0  1  2  3  4  5  6  8  7 11 12  9 10 14 13 16 15 18 17 20 19 22 21 24 23 26 25 28 27 30 29 36 34 35 32 33 31 38 37 40 39 42 41 48 46 47 44 45 43
  0  4  3  5  6  2  1 16 18 15 14 13 17 21 23 22 20 24 19 11 10  8 12  7  9 45 46 47 48 44 43 32 34 35 33 36 31 27 25 29 26 30 28 38 37 41 42 39 40
  1  6  4  5  3  0  2 31 32 36 33 35 34 27 25 28 30 26 29  7  9 10 11 12  8 24 19 23 21 20 22 38 37 41 42 39 40 48 47 46 45 44 43 18 17 13 14 15 16



    8: |Aut(M)| =  12,  Cycles:24(9:12) 102(21)
 "   0  1  2   3  4  5   6  7  8   9 10 11  12 13 14  15 16 17  18 19 20 "
 "   0  4  8   1  5  6   2  9 13   3 10 17   7 11 18  12 16 20  14 15 19 "
 "   0  5  7   1 12 17   2  4 15   3 11 13   6 10 20   8  9 19  14 16 18 "
 "   0 10 14   1  8 18   2  3 19   4 11 12   5  9 16   6 13 17   7 15 20 "
 "   0 11 16   1  3 20   2 10 18   4  6 14   5 12 19   7  9 17   8 13 15 "
 "   0 13 20   1  9 14   2  7 12   3  8 16   4 17 18   5 10 15   6 11 19 "
 "   0 17 19   1 11 15   2  6 16   3  7 14   4  9 20   5 13 18   8 10 12 "


SRG #5 of type 2 with parameters (v,k,λ μ) = (49,24,11,12): |Aut(G)| = 48
*111111111111111111111111000000000000000000000000  0
1*11111111111000000000000111111111111000000000000  1
11*1111111100110000000000110000000000111111111100  2
111*111000010101111000000001111100000111110000011  3
1111*11000001001100111000000000011111111001110010  4
11111*1000000010010100111101100011100000101001111  5
111111*000000000001011111010011100011000010111101  6
1110000*11100001011110100001110010011100111101000  7
11100001*1011010101000011010001011010110100101011  8
111000011*001101010010110110010100110011001000111  9
1110000100*10110000101111101100101011111010010000 10
11010000101*0101100111010111001111000000110100110 11
110010001100*010111101001110110100101001100110010 12
1011000001110*11100101010010111000101101001001101 13
10100100101011*1101000101100101010101010010011110 14
100110010101011*110010100000001101111000111011010 15
1001100010011111*01010001101110001010100001110101 16
10010101010010010*1111100111101001000011100011001 17
100100111000101011*101001001011110010011011001100 18
1000110100111100011*01010100010011001001011101011 19
10001011010100011100*1101111000010101110010100101 20
100010100011110001111*010010100110110110100011100 21
1000011101100011010010*11000111111000101000110110 22
10000110111101000001011*1001011000110010101110011 23
100001101010101010101011*011000101101101111000001 24
0110010001111010110110000*01010101100010010111101 25
01100010110111000100110010*0101011001001111010101 26
010101010011000011101001110*101000111011101100100 27
0101010100101110110001100011*10010011100100010111 28
01010011010011001011001101001*1110100100011110001 29
010100101001011101100011001101*011101011000111000 30
0101001001111001001001101100010*01110101110001110 31
01001101100100100011111000101110*1100110011000110 32
010011001011000111010010111000111*010101001011001 33
0100110001001111000011011101011110*01110101001000 34
01001011111000011010010100011001010*1010001011111 35
010010110010111100011000101110100011*001010101011 36
0011100110100100100011101000110111100*11100101001 37
00111000111000100110110101010010101101*1010010011 38
001110000110110001110010101100110100111*001100110 39
0011010110011001010001011011100100100100*11111010 40
00110011001100110011100011100101100010101*1010011 41
001011010100010110110001101101001111000111*010100 42
0010101110011000100110110101011000001101100*11110 43
00101010001010111100011101101110010100101111*0000 44
001001111000011101110100010000110111110010010*101 45
0010011001010110101011100111100110010001001101*10 46
00011100110110110001001100001001100110111101001*1 47
000101101100010011011001111011000101111001000101* 48

Vertex orbits and group generators of graph:
  0  1  0  0  1  0  1  1  0  0  1  0  1  1  1  1  0  0  0  1  1  0  0  0  1  0  1  1  1  0  1  0  0  0  1  1 36  0  0  1  0  1  0  1  0  1  0  1  1
  0  1  2  3  4  5  6  7  8  9  4  5  7  6 14 15 16  8  9  1 14  2 16  3 15 25 26 27 28 29 30 31 25 33 34 35 36 37 38 35 40 34 31 28 37 26 46 27 30
  0  1  2  3  4  5  6  7  8  9 10 11 12 13 14 15 16 17 18 19 20 21 22 23 24 25 26 27 28 29 30 31 32 33 34 35 36 37 38 39 40 41 42 43 44 45 46 47 48
  0 19 21 23 10 11 13 12 17 18  4  5  7  6 20 24 22  8  9  1 14  2 16  3 15 32 45 47 43 29 48 42 25 33 41 39 36 44 38 35 40 34 31 28 37 26 46 27 30
  2  1  0  5  6  3  4  7  9  8 10 25 26 14 13 45 46 40 42 41 43 44 37 38 39 11 12 27 28 32 34 33 29 31 30 35 36 22 23 24 17 19 18 20 21 15 16 48 47



    9: |Aut(M)| =  126,  Cycles:126(21)
 "   0  1  2   3  4  5   6  7  8   9 10 11  12 13 14  15 16 17  18 19 20 "
 "   0  4  8   1  5  9   2 10 12   3  7 17   6 16 20  11 13 18  14 15 19 "
 "   0  5 13   1  6 17   2  9 19   3  8 10   4 15 20   7 14 18  11 12 16 "
 "   0  7 11   1 12 20   2  3 16   4  9 14   5  6 19   8 13 15  10 17 18 "
 "   0 10 20   1  3 14   2  7 15   4  6 11   5 16 18   8 12 19   9 13 17 "
 "   0 14 16   1  8 18   2  6 13   3 11 19   4 12 17   5 10 15   7  9 20 "
 "   0 17 19   1 11 15   2  4 18   3 13 20   5  7 12   6 10 14   8  9 16 "


SRG #6 of type 1 with parameters (v,k,λ μ) = (49,18,7,6): |Aut(G)| = 1008
*111111111111111111000000000000000000000000000000  0
1*11111110000000000111111111100000000000000000000  1
11*1111001100000000110000000011111111000000000000  2
111*111000011000000001100000011000000111111000000  3
1111*11000000110000000011000000110000110000111100  4
11111*1000000001100000000110000001100001100110011  5
111111*000000000011000000001100000011000011001111  6
1100000*11010101010101010101011000000000000101010  7
11000001*0101010101010101010111000000000000101010  8
101000010*110101010011100000010101010000000010101  9
1010000011*01010101101100000001010101000000010101 10
10010001010*0111010000100110001000011111010000000 11
100100001010*110101001000001110001100110101000000 12
1000100101011*01010000001001100011100110000011000 13
10001000101110*0101000010110000100011110000100100 14
100001010101010*110010010010000010100000111100001 15
1000010010101011*01010010100000011000001011010010 16
10000011010101010*1100001000100100001001101000110 17
100000101010101011*100001001000100010001110001001 18
0110000100100000011*01011101001110101001100000000 19
01100000110000011000*0111010110111010000011000000 20
010100010110100000010*110101010000000100101010101 21
0101000011110000000011*01010101000000011010010101 22
01001001000000111001110*0101000110000010011100100 23
010010001000010001111010*010100110000101100011000 24
0100010100010010100101010*11000001011101000010010 25
01000100100100110000101011*0100000111100100100001 26
010000110000110000110101010*100001110010010001001 27
0100001010001100010010101011*00001101010001000110 28
00110001110010000000110000000*1101010100101101010 29
001100011011000000010010000001*010101011010101010 30
0010100001000010011110011000010*01010011100100100 31
00101000001001011001100110000010*0101100011011000 32
001001000100110010001000010111010*110011000010010 33
0010010000101101000100000011101011*01010100100001 34
00100010010100100010100001110101010*1100010001001 35
001000100011001001010000011010101011*100001000110 36
0001100000011110000001001110010010011*00101011000 37
00011000000111100000001100011011011000*1010100100 38
000101000001000011110010110000110100001*110010010 39
0001010000001001011101001010010100100101*01100001 40
00010010000100011010101100010010100100110*1001001 41
000100100000100111001101000011001000110011*000110 42
0000110110000011000000010010011100100010100*01111 43
00001100011001001000011011000000110001010000*1111 44
000010111000010000100000100101101001010001011*011 45
0000101001100010010001110000100100001010001110*11 46
00000111100000001100000001001110010010010011111*0 47
000001100110000100100110001100000011000011011110* 48

Vertex orbits and group generators of graph:
  0  0  0  0  4  0  0  0  0  0  0  4  4  0  0  0  0  0  0  4  4  0  0  0  0  0  0  0  0  0  0  0  0  0  0  0  0  0  0  0  0  0  0  0  0  0  0  4  4
  0  1  1  3  4  1  1  1  1  1  1  4  4  3  3  1  1  1  1 19 19 21 21 21 21 21 21 21 21 21 21 21 21 21 21 21 21 37 37 21 21 21 21 21 21 21 21 19 19
  0  1  2  3  4  5  6  7  8  9 10 11 12 13 14 15 16 17 18 19 20 21 22 23 24 25 26 27 28 29 30 31 32 33 34 35 36 37 38 39 40 41 42 43 44 45 46 47 48
  0  1  2  3  4  6  5  8  7 10  9 12 11 14 13 18 17 16 15 20 19 22 21 24 23 28 27 26 25 30 29 32 31 36 35 34 33 38 37 42 41 40 39 45 46 43 44 47 48
  0  2  1  3  4  5  6 10  9  8  7 12 11 14 13 16 15 18 17 19 20 30 29 32 31 34 33 36 35 22 21 24 23 26 25 28 27 38 37 40 39 42 41 44 43 46 45 48 47
  1  6  5  2  4  3  0 28 27 26 25 20 19 24 23 22 21  8  7 47 48 36 35 46 45 42 41 17 18 34 33 43 44 40 39 15 16 32 31 29 30  9 10 38 37 13 14 12 11



   10: |Aut(M)| =  588,  Cycles:126(21)
 "   0  1  2   3  4  5   6  7  8   9 10 11  12 13 14  15 16 17  18 19 20 "
 "   0  4  8   1  5  9   2 10 12   3  7 17   6 16 20  11 13 18  14 15 19 "
 "   0  5 19   1 15 20   2  9 16   3  8 13   4 14 18   6 10 17   7 11 12 "
 "   0  7 20   1  8 12   2 13 15   3 14 16   4  9 17   5 10 18   6 11 19 "
 "   0 10 14   1  3 11   2  4  6   5  7 15   8 16 18   9 13 20  12 17 19 "
 "   0 11 16   1 17 18   2  3 19   4 12 20   5  6 13   7  9 14   8 10 15 "
 "   0 13 17   1  6 14   2  7 18   3 10 20   4 11 15   5 12 16   8  9 19 "


SRG #6 of type 2 with parameters (v,k,λ μ) = (49,24,11,12): |Aut(G)| = 2352
It's a rank 3 graph with (α, β) = (25, 30)
*111111111111111111111111000000000000000000000000  0
1*11111111111000000000000111111111111000000000000  1
11*1111110000111100000000111100000000111111110000  2
111*111001100110011000000000011110000111100001111  3
1111*11000011000000111100110000001100110011001111  4
11111*1000000001100110011000011001111001100111100  5
111111*000000000011001111001100110011000011110011  6
1110000*11010101000111010101010110010110000111010  7
11100001*0101010100110101010101110001110000110101  8
110100010*110100010101110001101101100101110100100  9
1101000011*01010001011101001110011100011101011000 10
11001001010*1001111010100100011011010101011100001 11
110010001011*001111101000010011100101010111010010 12
1011000101000*11010101011110111001001011001000011 13
10110000101001*0101010111111011000110100110000011 14
101001010001110*111010001011110100100001001101110 15
1010010010011011*11100010101101011000000110011101 16
10010010010111011*1000101100100101011110100010110 17
100100100011101111*001010011000010111111000101001 18
1000110111001100100*11010000100010111011110000111 19
10001101101100110001*0101001000101011101101001011 20
100010110110110000110*110111010000001000101111101 21
1000101011110010010011*01110101000010001010111110 22
10000111010001101011010*1010001111110100011011000 23
100001101010011101001011*100010111101010011100100 24
0110100100010110110001101*11010011011010110001100 25
01101000100011110010011101*0101100111101001001100 26
011000110110001110101100010*100101101000110101011 27
0110001011100101110100100011*00011110001001010111 28
01010101001111110000010011000*1010110000101110111 29
010101001101111010000011001001*101001001010111011 30
0101001111001001010010011011001*10001100111001110 31
01010011101100001011000111001101*0010011011001101 32
010011000111010011001001110110100*101110001011001 33
0100110001101011001100011011110001*10110010100110 34
01000111000100100111101101101100101*1101100010010 35
010001101000110001111100111100110101*011100100001 36
0011100111010010011010010010000101110*10101110101 37
00111001101011000111000011000000111011*1010111010 38
001101000111010100111010001010101001101*111101000 39
0011010001101010110111000101010100011101*11010100 40
00101010010110101001001111010011101000111*1100010 41
001010100011110100001101101011011100010111*010001 42
0010011111010001001001101001011000101111010*10101 43
00100111101010001100011100001110010101101011*1010 44
000111010010000110101111011100111100001100001*110 45
0001110011000001110101101110110110100100100101*01 46
00011011000011110101101000011111001100100100110*1 47
000110101001011010111100000111101100110000110011* 48

Vertex orbits and group generators of graph:
  0  0  0  0  0  0  0  0  0  0  0  0  0  0  0  0  0  0  0  0  0  0  0  0  0  0  0  0  0  0  0  0  0  0  0  0  0  0  0  0  0  0  0  0  0  0  0  0  0
  0  1  1  1  1  1  1  1  1  1  1  1  1  1  1  1  1  1  1  1  1  1  1  1  1 25 25 25 25 25 25 25 25 25 25 25 25 25 25 25 25 25 25 25 25 25 25 25 25
  0  1  2  3  4  5  6  7  8  9 10 11 12 13 14 15 16 17 18 19 20 21 22 23 24 25 26 27 28 29 30 31 32 33 34 35 36 37 38 39 40 41 42 43 44 45 46 47 48
  0  1  2  3  4  5  6  8  7 10  9 12 11 14 13 16 15 18 17 20 19 22 21 24 23 26 25 28 27 30 29 32 31 34 33 36 35 38 37 40 39 42 41 44 43 46 45 48 47
  0  2  3  1  5  6  4 14 13  8  7 16 15 10  9 18 17 12 11 24 23 20 19 22 21 40 39 37 38 27 28 26 25 44 43 41 42 30 29 32 31 46 45 48 47 35 36 34 33
  1  0  2  4  3  6  5  7  8 11 12  9 10 25 26 27 28 33 34 32 31 29 30 35 36 13 14 15 16 21 22 20 19 17 18 23 24 37 38 41 42 39 40 43 44 47 48 45 46



   11: |Aut(M)| =  882,  Cycles:126(21)
 "   0  1  2   3  4  5   6  7  8   9 10 11  12 13 14  15 16 17  18 19 20 "
 "   0  4  8   1  9 14   2 15 19   3 11 16   5 13 18   6 10 20   7 12 17 "
 "   0  5 19   1  8 12   2  9 16   3 13 17   4  6 11   7 15 20  10 14 18 "
 "   0  7 14   1 11 15   2  4 18   3  8 10   5 12 16   6 17 19   9 13 20 "
 "   0 10 17   1  3 20   2  6 13   4 14 15   5  7  9   8 16 18  11 12 19 "
 "   0 11 13   1 17 18   2  3  7   4 12 20   5 10 15   6 14 16   8  9 19 "
 "   0 16 20   1  5  6   2 10 12   3 14 19   4  9 17   7 11 18   8 13 15 "


SRG #7 of type 2 with parameters (v,k,λ μ) = (49,24,11,12): |Aut(G)| = 3528
It's a rank 3 graph with (α, β) = (22, 33)
*111111111111111111111111000000000000000000000000  0
1*11111111111000000000000111111111111000000000000  1
11*1111111000111000000000111000000000111111111000  2
111*111000111000111000000000111000000111111000111  3
1111*11000000111000111000000111111000000000111111  4
11111*1000000000111000111000000111111111000111000  5
111111*000000000000111111111000000111000111000111  6
1110000*00110110110110100110110100110100110110000  7
11100000*0101101101101010101101010101010101101000  8
111000000*011011011011001011011001011001011011000  9
1101000110*00110110010101101101011001011010000110 10
11010001010*0011011001011110110110100110001000101 11
110100001100*101101100110011011101010101100000011 12
1010100110101*00001101011110010011000101010110110 13
10101001011100*0100110110011001110000011001011101 14
101010001101100*010011101101100101000110100101011 15
1001010110101010*00011101000011010110101101101001 16
10010101011100010*0101011000101100011011110110010 17
100101001101110000*110110000110001101110011011100 18
1000101110001110011*00011001101100110000110011101 19
10001011011000111010*0110100110001011000011101011 20
100010101101010111000*101010011010101000101110110 21
1000011100101011101011*00011000101101110100010110 22
10000110100111100111100*0110000110011011001100011 23
100001100111010111010100*101000011110101010001101 24
0110001110110101000010011*00010101110011101001110 25
01100011010111100000011100*0001011011110110100101 26
011000101110101100010010100*100110101101011010011 27
0101100110110001011110000001*00011011100101110101 28
01011001010111001010110001000*0110101001110011011 29
010110001110101011010100001000*101110010011101110 30
0100110100011011010100110101011*00101101000101110 31
01001100101101101000010110111100*0011110000011011 32
010011000110110100101010111010100*110011000110101 33
0100011110010000101101101101011101*00010011110001 34
01000111010010001101100111101010110*0100101011010 35
010001101110000001101111001111011000*001110101100 36
0011010100011101101000101011100110010*00011101110 37
00110100101100110110001101100010111000*0110011011 38
001101000110111011000001110101010100100*101110101 39
0011001110001001110101100110110000011011*00011101 40
00110011011001000111100010110110001011100*0101011 41
001100101101001010101101010110100011010100*110110 42
0010110110000101110011010010101101101101011*00001 43
00101101010001100111011000011100111100111010*0010 44
001011001100001110111000110001111001111011000*100 45
0001101000110110001101101110101101001101101001*00 46
00011010001011010100111101010111100101100110100*0 47
000110100001101110011001101111001110001111010000* 48

Vertex orbits and group generators of graph:
  0  0  0  0  0  0  0  0  0  0  0  0  0  0  0  0  0  0  0  0  0  0  0  0  0  0  0  0  0  0  0  0  0  0  0  0  0  0  0  0  0  0  0  0  0  0  0  0  0
  0  1  1  1  1  1  1  1  1  1  1  1  1  1  1  1  1  1  1  1  1  1  1  1  1 25 25 25 25 25 25 25 25 25 25 25 25 25 25 25 25 25 25 25 25 25 25 25 25
  0  1  2  3  4  5  6  7  8  9 10 11 12 13 14 15 16 17 18 19 20 21 22 23 24 25 26 27 28 29 30 31 32 33 34 35 36 37 38 39 40 41 42 43 44 45 46 47 48
  0  1  2  3  4  5  6  8  9  7 12 10 11 15 13 14 18 16 17 21 19 20 23 24 22 27 25 26 30 28 29 32 33 31 36 34 35 38 39 37 42 40 41 45 43 44 47 48 46
  0  3  1  5  2  6  4 12 11 10 18 16 17  9  8  7 23 22 24 15 13 14 19 21 20 29 30 28 37 39 38 40 42 41 48 47 46 35 34 36 31 33 32 26 27 25 45 44 43
  1 10 28  8 32 27 36 33  3  7 30 25  0  4 35 11 12 34  2  5 26 29  9  6 31 46 20 17 38 13 16 24 47 14 39 22 41 15 42 19 18 43 40 48 44 37 45 21 23

