

    1: |Aut(M)| =  1344,  Cycles:168(6:6:6:6) 
 "   0  1  2   3  4  5   6  7  8   9 10 11  12 13 14  15 16 17  18 19 20  21 22 23 "
 "   0  4  8   1  3 11   2  6 10   5  7  9  12 16 20  13 15 23  14 18 22  17 19 21 "
 "   0  5 13   1 12 17   2  3 16   4 14 15   6 11 19   7 18 23   8  9 22  10 20 21 "
 "   0  7 17   1  6 23   2 15 22   3 10 14   4  9 20   5 12 19   8 16 21  11 13 18 "
 "   0 10 23   1  9 14   2 13 21   3  7 20   4  6 17   5 16 18   8 15 19  11 12 22 "
 "   0 11 16   1 15 20   2  9 19   3  8 13   4 12 23   5  6 22   7 14 21  10 17 18 "
 "   0 14 19   1  8 18   2  7 12   3 17 22   4 11 21   5 10 15   6 13 20   9 16 23 "
 "   0 20 22   1  5 21   2  4 18   3 19 23   6 14 16   7 11 15   8 10 12   9 13 17 "

