

    1: |Aut(M)| =  5760,  Cycles:
 "   0  1  2  3   4  5  6  7   8  9 10 11  12 13 14 15 "
 "   0  4  8 12   1  5  9 13   2  6 10 14   3  7 11 15 "
 "   0  5 10 15   1  4 11 14   2  7  8 13   3  6  9 12 "
 "   0  6 11 13   1  7 10 12   2  4  9 15   3  5  8 14 "
 "   0  7  9 14   1  6  8 15   2  5 11 12   3  4 10 13 "


Orbits and generators of the Aut(M) acting on elements:
0  0  0  0  0  0  0  0  0  0  0  0  0  0  0  0
0  1  2  3  4  5  6  7  8  9 10 11 12 13 14 15
0  1  2  3  5  4  7  6 10 11  8  9 15 14 13 12
0  1  3  2  4  5  7  6 12 13 15 14  8  9 11 10
0  2  1  3  4  6  5  7 12 14 13 15  8 10  9 11
1  0  2  3  4  5  7  6 14 15 13 12 11 10  8  9

Orbits and generators of Aut(M) acting on matrix rows, |Aut(R)| = 120:
0  0  0  0  0
0  1  2  3  4
0  1  2  4  3
0  1  3  2  4
0  2  1  3  4
1  0  2  3  4

Orbits and generators of Aut(M) acting on k-sets, |Aut(K)| = 5760:
0  0  0  0  0  0  0  0  0  0  0  0  0  0  0  0  0  0  0  0
0  1  2  3  4  5  6  7  8  9 10 11 12 13 14 15 16 17 18 19
0  1  2  3  4  6  7  5 12 14 15 13 16 18 19 17  8 10 11  9
0  1  2  3  5  4  7  6  9  8 11 10 13 12 15 14 17 16 19 18
0  1  3  2  4  5  7  6  8  9 11 10 16 17 19 18 12 13 15 14
0  2  1  3  4  5  7  6 16 17 19 18 12 13 15 14  8  9 11 10
1  0  2  3  4  5  7  6  9  8 10 11 19 18 16 17 14 15 13 12
