

    1: |Aut(M)| =  16,  Cycles:4(6:6:6:9) 2(6:6:15) 
 "   0  1  2   3  4  5   6  7  8   9 10 11  12 13 14  15 16 17  18 19 20  21 22 23  24 25 26 "
 "   0  4  8   1  3 11   2  6 10   5  7  9  12 16 20  13 15 23  14 18 25  17 22 24  19 21 26 "



    2: |Aut(M)| =  48,  Cycles:6(6:6:15) 
 "   0  1  2   3  4  5   6  7  8   9 10 11  12 13 14  15 16 17  18 19 20  21 22 23  24 25 26 "
 "   0  4  8   1  3 11   2  6 10   5  7  9  12 16 20  13 17 18  14 21 25  15 22 26  19 23 24 "



    3: |Aut(M)| =  80,  Cycles:6(6:6:15) 
 "   0  1  2   3  4  5   6  7  8   9 10 11  12 13 14  15 16 17  18 19 20  21 22 23  24 25 26 "
 "   0  4  8   1  3 11   2  6 10   5  7  9  12 16 20  13 17 21  14 22 24  15 19 26  18 23 25 "



    4: |Aut(M)| =  18,  Cycles:6(6:9:12) 
 "   0  1  2   3  4  5   6  7  8   9 10 11  12 13 14  15 16 17  18 19 20  21 22 23  24 25 26 "
 "   0  4  8   1  3 11   2  6 10   5 12 16   7 14 15   9 13 17  18 22 26  19 23 24  20 21 25 "



    5: |Aut(M)| =  72,  Cycles:4(6:6:6:9) 2(9:9:9) 
 "   0  1  2   3  4  5   6  7  8   9 10 11  12 13 14  15 16 17  18 19 20  21 22 23  24 25 26 "
 "   0  4  8   1  3 11   2  6 13   5  9 16   7 12 17  10 14 15  18 22 26  19 23 24  20 21 25 "



    6: |Aut(M)| =  16,  Cycles:2(6:6:15) 4(6:9:12) 
 "   0  1  2   3  4  5   6  7  8   9 10 11  12 13 14  15 16 17  18 19 20  21 22 23  24 25 26 "
 "   0  4  8   1  3 11   2  6 13   5 10 12   7  9 14  15 19 23  16 21 26  17 18 25  20 22 24 "



    7: |Aut(M)| =  16,  Cycles:2(6:6:15) 4(12:15) 
 "   0  1  2   3  4  5   6  7  8   9 10 11  12 13 14  15 16 17  18 19 20  21 22 23  24 25 26 "
 "   0  4  8   1  3 11   2  7  9   5  6 10  12 16 20  13 17 18  14 21 25  15 22 26  19 23 24 "



    8: |Aut(M)| =  40,  Cycles:2(6:6:15) 4(12:15) 
 "   0  1  2   3  4  5   6  7  8   9 10 11  12 13 14  15 16 17  18 19 20  21 22 23  24 25 26 "
 "   0  4  8   1  3 11   2  7  9   5  6 10  12 16 20  13 17 21  14 22 24  15 19 26  18 23 25 "



    9: |Aut(M)| =  80,  Cycles:2(6:6:15) 4(12:15) 
 "   0  1  2   3  4  5   6  7  8   9 10 11  12 13 14  15 16 17  18 19 20  21 22 23  24 25 26 "
 "   0  4  8   1  3 11   2  7  9   5  6 10  12 16 20  13 21 26  14 19 24  15 23 25  17 18 22 "



   10: |Aut(M)| =  24,  Cycles:4(6:9:12) 2(9:9:9) 
 "   0  1  2   3  4  5   6  7  8   9 10 11  12 13 14  15 16 17  18 19 20  21 22 23  24 25 26 "
 "   0  4  8   1  3 11   2  7 12   5 10 15   6 14 16   9 13 17  18 22 26  19 23 24  20 21 25 "



   11: |Aut(M)| =  36,  Cycles:2(6:6:6:9) 2(9:9:9) 2(9:18) 
 "   0  1  2   3  4  5   6  7  8   9 10 11  12 13 14  15 16 17  18 19 20  21 22 23  24 25 26 "
 "   0  4  8   1  3 11   2 12 16   5 13 15   6 10 14   7  9 17  18 22 26  19 23 24  20 21 25 "



   12: |Aut(M)| =  1944,  Cycles:6(9:9:9) 
 "   0  1  2   3  4  5   6  7  8   9 10 11  12 13 14  15 16 17  18 19 20  21 22 23  24 25 26 "
 "   0  4  8   1  5  6   2  3  7   9 13 17  10 14 15  11 12 16  18 22 26  19 23 24  20 21 25 "



   13: |Aut(M)| =  24,  Cycles:2(9:9:9) 4(9:18) 
 "   0  1  2   3  4  5   6  7  8   9 10 11  12 13 14  15 16 17  18 19 20  21 22 23  24 25 26 "
 "   0  4  8   1  5  6   2  3  7   9 13 17  10 14 15  11 12 19  16 21 26  18 23 25  20 22 24 "



   14: |Aut(M)| =  72,  Cycles:6(9:9:9) 
 "   0  1  2   3  4  5   6  7  8   9 10 11  12 13 14  15 16 17  18 19 20  21 22 23  24 25 26 "
 "   0  4  8   1  5  6   2  3  7   9 13 17  10 14 18  11 16 21  12 19 26  15 23 25  20 22 24 "



   15: |Aut(M)| =  72,  Cycles:2(9:9:9) 4(9:18) 
 "   0  1  2   3  4  5   6  7  8   9 10 11  12 13 14  15 16 17  18 19 20  21 22 23  24 25 26 "
 "   0  4  8   1  5  6   2  3  7   9 13 17  10 14 18  11 19 21  12 16 26  15 23 25  20 22 24 "



   16: |Aut(M)| =  36,  Cycles:2(9:9:9) 4(9:18) 
 "   0  1  2   3  4  5   6  7  8   9 10 11  12 13 14  15 16 17  18 19 20  21 22 23  24 25 26 "
 "   0  4  8   1  5  6   2  3  7   9 13 17  10 14 18  11 21 25  12 22 26  15 19 23  16 20 24 "



   17: |Aut(M)| =  18,  Cycles:6(27) 
 "   0  1  2   3  4  5   6  7  8   9 10 11  12 13 14  15 16 17  18 19 20  21 22 23  24 25 26 "
 "   0  4  8   1  5  6   2  9 13   3 16 20   7 21 26  10 17 24  11 15 25  12 19 23  14 18 22 "



   18: |Aut(M)| =  36,  Cycles:6(9:9:9) 
 "   0  1  2   3  4  5   6  7  8   9 10 11  12 13 14  15 16 17  18 19 20  21 22 23  24 25 26 "
 "   0  4  8   1  5  9   2  7 12   3 10 17   6 14 19  11 15 22  13 18 26  16 23 24  20 21 25 "



   19: |Aut(M)| =  36,  Cycles:6(27) 
 "   0  1  2   3  4  5   6  7  8   9 10 11  12 13 14  15 16 17  18 19 20  21 22 23  24 25 26 "
 "   0  4  8   1  5  9   2 10 12   3  7 17   6 16 20  11 13 21  14 22 24  15 19 26  18 23 25 "



   20: |Aut(M)| =  108,  Cycles:6(9:9:9) 
 "   0  1  2   3  4  5   6  7  8   9 10 11  12 13 14  15 16 17  18 19 20  21 22 23  24 25 26 "
 "   0  4  8   1  9 14   2 15 19   3 10 23   5 18 25   6 17 22   7 12 26  11 16 24  13 20 21 "



   21: |Aut(M)| =  18,  Cycles:2(9:9:9) 4(27) 
 "   0  1  2   3  4  5   6  7  8   9 10 11  12 13 14  15 16 17  18 19 20  21 22 23  24 25 26 "
 "   0  4  8   1  9 14   2 15 19   3 10 23   5 18 25   6 20 22   7 12 17  11 16 24  13 21 26 "

