Initial Result #0:
 "    0   1   2    3   4   5    6   7   8    9  10  11   12  13  14   15  16  17   18  19  20"
 "    0   3   8    1   9  12    2  10  13    4  11  15    5  14  18    6  16  19    7  17  20"
 "    0   4   6    1  14  17    2  15  18    3  10  12    5  11  16    7   9  19    8  13  20"
 "    0   5   7    1  10  15    2  11  19    3  17  18    4  14  20    6   9  13    8  12  16"
 "    0   9  14    1  16  18    2   3   7    4  10  19    5  13  15    6  12  20    8  11  17"
 "    0  10  16    1   5   8    2   9  20    3  14  19    4  13  17    6  11  18    7  12  15"
 "    0  11  12    1  13  19    2   4   8    3  16  20    5   9  17    6  14  15    7  10  18"
 "    0  13  18    1   3   6    2  12  17    4   9  16    5  10  20    7  11  14    8  15  19"
 "    0  15  20    1   4   7    2  14  16    3  11  13    5  12  19    6  10  17    8   9  18"
 "    0  17  19    1  11  20    2   5   6    3   9  15    4  12  18    7  13  16    8  10  14"
Improved Result #1 for 10 days:
Incorrect order of players in a group with a leading player #6. The problem was detected for day 1
 "    0   1   2    3   4   5    6   7   8    9  10  11   12  13  14   15  16  17   18  19  20":  day = 0
 "    0   3   6    1   9  12    2  10  13    4  11  15    5  14  18    7  16  19    8  17  20":  day = 1
 "    0   4   7    1  14  17    2  15  18    3  10  12    5  11  16    6  13  20    8   9  19":  day = 2
 "    0   5   8    1  10  15    2  11  19    3  17  18    4  14  20    6  12  16    7   9  13":  day = 3
 "    0   9  14    1  16  18    2   3   8    4  10  19    5  13  15    6  11  17    7  12  20":  day = 4
 "    0  10  16    1   5   6    2   9  20    3  14  19    4  13  17    7  11  18    8  12  15":  day = 5
 "    0  11  12    1  13  19    2   4   6    3  16  20    5   9  17    7  14  15    8  10  18":  day = 6
 "    0  13  18    1   3   7    2  12  17    4   9  16    5  10  20    6  15  19    8  11  14":  day = 7
 "    0  15  20    1   4   8    2  14  16    3  11  13    5  12  19    6   9  18    7  10  17":  day = 8
 "    0  17  19    1  11  20    2   5   7    3   9  15    4  12  18    6  10  14    8  13  16":  day = 9
Improved Result #2 for 10 days:
Rejected by Statement 19. The problem was detected for day 1
 "    0   1   2    3   4   5    6   7   8    9  10  11   12  13  14   15  16  17   18  19  20":  day = 1
 "    0   3   6    1   7  10    2   8  13    4   9  12    5  15  18   11  16  19   14  17  20":  day = 0
 "    0   4  18    1   6  13    2  15  19    3   8  16    5  10  20    7  12  14    9  11  17":  day = 4
 "    0   5  15    1  16  20    2   6   9    3  14  17    4  12  19    7  10  18    8  11  13":  day = 6
 "    0   7  20    1  14  15    2   4   8    3   9  13    5  12  17    6  16  18   10  11  19":  day = 8
 "    0   8  14    1   3  10    2   7  17    4   9  16    5   6  19   11  12  20   13  15  18":  day = 7
 "    0   9  10    1   5  11    2  14  20    3  18  19    4  13  17    6   7   8   12  15  16":  day = 2
 "    0  11  16    1  17  18    2   3  12    4   6  20    5   7  13    8  10  15    9  14  19":  day = 5
 "    0  12  13    1   8  19    2   5  16    3   7  11    4  10  14    6  15  17    9  18  20":  day = 3
 "    0  17  19    1   4   7    2  11  18    3  15  20    5   8   9    6  10  12   13  14  16":  day = 9
CheckMatrix: matrix pair (12 14) in group 5 on line 2 already defined in line 0
