Result table 1:
 "    0   1   2    3   4   5    6   7   8    9  10  11   12  13  14 "
 "    0   3   6    1   4   7    2   9  12    5  10  13    8  11  14 "
 "    0   4   9    1   5  11    2   7  14    3   8  13    6  10  12 "
 "    0   5  14    1   3  12    2   6  11    4   8  10    7   9  13 "
 "    0   7  10    1   6  13    2   5   8    3   9  14    4  11  12 "
 "    0   8  12    1  10  14    2   4  13    3   7  11    5   6   9 "
 "    0  11  13    1   8   9    2   3  10    4   6  14    5   7  12 "
Result table 2:
 "    0   1   2    3   4   5    6   7   8    9  10  11   12  13  14 "
 "    0   3   6    1   4   7    2   9  12    5  10  13    8  11  14 "
 "    0   4   9    1   5  14    2   6  11    3   8  13    7  10  12 "
 "    0   5  11    1   3  12    2   7  14    4   8  10    6   9  13 "
 "    0   7  13    1   6  10    2   5   8    3   9  14    4  11  12 "
 "    0   8  12    1  11  13    2   3  10    4   6  14    5   7   9 "
 "    0  10  14    1   8   9    2   4  13    3   7  11    5   6  12 "
Result table 3:
 "    0   1   2    3   4   5    6   7   8    9  10  11   12  13  14 "
 "    0   3   6    1   4   7    2   9  12    5  10  13    8  11  14 "
 "    0   4   9    1  10  14    2   6  11    3   8  13    5   7  12 "
 "    0   5  14    1   8   9    2   4  13    3   7  11    6  10  12 "
 "    0   7  10    1   6  13    2   5   8    3   9  14    4  11  12 "
 "    0   8  12    1   5  11    2   3  10    4   6  14    7   9  13 "
 "    0  11  13    1   3  12    2   7  14    4   8  10    5   6   9 "
Result table 4:
 "    0   1   2    3   4   5    6   7   8    9  10  11   12  13  14 "
 "    0   3   6    1   4   7    2   9  12    5  10  13    8  11  14 "
 "    0   4   9    1  11  13    2   7  14    3   8  10    5   6  12 "
 "    0   5  11    1   8   9    2   3  13    4   6  14    7  10  12 "
 "    0   7  13    1   6  10    2   5   8    3   9  14    4  11  12 "
 "    0   8  12    1   5  14    2   4  10    3   7  11    6   9  13 "
 "    0  10  14    1   3  12    2   6  11    4   8  13    5   7   9 "
Result table 5:
 "    0   1   2    3   4   5    6   7   8    9  10  11   12  13  14 "
 "    0   3   6    1   4   7    2   9  12    5  10  13    8  11  14 "
 "    0   4  10    1   8   9    2   7  13    3  11  12    5   6  14 "
 "    0   5   9    1   6  11    2   3  14    4   8  13    7  10  12 "
 "    0   7  14    1   5  12    2   4  11    3   8  10    6   9  13 "
 "    0   8  12    1   3  13    2   6  10    4   9  14    5   7  11 "
 "    0  11  13    1  10  14    2   5   8    3   7   9    4   6  12 "
Result table 6:
 "    0   1   2    3   4   5    6   7   8    9  10  11   12  13  14 "
 "    0   3   6    1   4   7    2   9  12    5  10  13    8  11  14 "
 "    0   4  10    1   8  12    2   3  11    5   6  14    7   9  13 "
 "    0   5  12    1   6  11    2   7  10    3   9  14    4   8  13 "
 "    0   7  14    1   5   9    2   6  13    3   8  10    4  11  12 "
 "    0   8   9    1   3  13    2   4  14    5   7  11    6  10  12 "
 "    0  11  13    1  10  14    2   5   8    3   7  12    4   6   9 "
Result table 7:
 "    0   1   2    3   4   5    6   7   8    9  10  11   12  13  14 "
 "    0   3   6    1   4   7    2   9  12    5  10  13    8  11  14 "
 "    0   4  10    1   8  12    2   3  14    5   7  11    6   9  13 "
 "    0   5  12    1   6  11    2   7  13    3   8  10    4   9  14 "
 "    0   7  14    1   5   9    2   6  10    3  11  12    4   8  13 "
 "    0   8   9    1   3  13    2   4  11    5   6  14    7  10  12 "
 "    0  11  13    1  10  14    2   5   8    3   7   9    4   6  12 "
Result table 8:
 "    0   1   2    3   4   5    6   7   8    9  10  11   12  13  14 "
 "    0   3   6    1   4   7    2   9  12    5  10  13    8  11  14 "
 "    0   4  10    1   8  12    2   6  13    3   9  14    5   7  11 "
 "    0   5  12    1   6  11    2   4  14    3   8  10    7   9  13 "
 "    0   7  14    1   5   9    2   3  11    4   8  13    6  10  12 "
 "    0   8   9    1   3  13    2   7  10    4  11  12    5   6  14 "
 "    0  11  13    1  10  14    2   5   8    3   7  12    4   6   9 "
Result table 9:
 "    0   1   2    3   4   5    6   7   8    9  10  11   12  13  14 "
 "    0   3   6    1   4   7    2   9  12    5  10  13    8  11  14 "
 "    0   4  11    1   3  14    2   5   8    6   9  13    7  10  12 "
 "    0   5   9    1   6  10    2   7  14    3  11  12    4   8  13 "
 "    0   7  13    1   5  12    2   6  11    3   8  10    4   9  14 "
 "    0   8  12    1  11  13    2   4  10    3   7   9    5   6  14 "
 "    0  10  14    1   8   9    2   3  13    4   6  12    5   7  11 "
Result table 10:
 "    0   1   2    3   4   5    6   7   8    9  10  11   12  13  14 "
 "    0   3   6    1   4   7    2   9  12    5  10  13    8  11  14 "
 "    0   4  11    1   3  14    2   5   8    6   9  13    7  10  12 "
 "    0   5   9    1  11  13    2   7  14    3   8  10    4   6  12 "
 "    0   7  13    1   8   9    2   4  10    3  11  12    5   6  14 "
 "    0   8  12    1   6  10    2   3  13    4   9  14    5   7  11 "
 "    0  10  14    1   5  12    2   6  11    3   7   9    4   8  13 "
Result table 11:
 "    0   1   2    3   4   5    6   7   8    9  10  11   12  13  14 "
 "    0   3   6    1   4   7    2   9  12    5  10  13    8  11  14 "
 "    0   4  11    1   3  14    2   5   8    6   9  13    7  10  12 "
 "    0   5  12    1   6  10    2   7  11    3   8  13    4   9  14 "
 "    0   7  13    1   5   9    2   6  14    3  11  12    4   8  10 "
 "    0   8   9    1  11  13    2   3  10    4   6  12    5   7  14 "
 "    0  10  14    1   8  12    2   4  13    3   7   9    5   6  11 "
Result table 12:
 "    0   1   2    3   4   5    6   7   8    9  10  11   12  13  14 "
 "    0   3   6    1   4   7    2   9  12    5  10  13    8  11  14 "
 "    0   4  11    1   3  14    2   5   8    6   9  13    7  10  12 "
 "    0   5  12    1   6  10    2   7  14    3  11  13    4   8   9 "
 "    0   7  13    1   5   9    2   6  11    3   8  12    4  10  14 "
 "    0   8  10    1  11  12    2   4  13    3   7   9    5   6  14 "
 "    0   9  14    1   8  13    2   3  10    4   6  12    5   7  11 "
Result table 13:
 "    0   1   2    3   4   5    6   7   8    9  10  11   12  13  14 "
 "    0   3   6    1   4   7    2   9  12    5  10  13    8  11  14 "
 "    0   4  11    1   3  14    2   5   8    6   9  13    7  10  12 "
 "    0   5  12    1   8  10    2   6  11    3   7  13    4   9  14 "
 "    0   7   9    1  11  13    2   3  10    4   8  12    5   6  14 "
 "    0   8  13    1   5   9    2   7  14    3  11  12    4   6  10 "
 "    0  10  14    1   6  12    2   4  13    3   8   9    5   7  11 "
Result table 14:
 "    0   1   2    3   4   5    6   7   8    9  10  11   12  13  14 "
 "    0   3   6    1   4   7    2   9  12    5  10  13    8  11  14 "
 "    0   4  11    1   3  14    2   5   8    6   9  13    7  10  12 "
 "    0   5  12    1   8  13    2   6  11    3   7   9    4  10  14 "
 "    0   7  13    1  11  12    2   3  10    4   8   9    5   6  14 "
 "    0   8  10    1   5   9    2   7  14    3  11  13    4   6  12 "
 "    0   9  14    1   6  10    2   4  13    3   8  12    5   7  11 "
Result table 15:
 "    0   1   2    3   4   5    6   7   8    9  10  11   12  13  14 "
 "    0   3   6    1   4   7    2   9  12    5  10  13    8  11  14 "
 "    0   4  11    1   3  14    2   5   8    6   9  13    7  10  12 "
 "    0   5  12    1  11  13    2   6  14    3   7   9    4   8  10 "
 "    0   7  13    1   8  12    2   3  10    4   9  14    5   6  11 "
 "    0   8   9    1   6  10    2   4  13    3  11  12    5   7  14 "
 "    0  10  14    1   5   9    2   7  11    3   8  13    4   6  12 "
Result table 16:
 "    0   1   2    3   4   5    6   7   8    9  10  11   12  13  14 "
 "    0   3   6    1   4   7    2   9  12    5  10  13    8  11  14 "
 "    0   4  11    1   3  14    2   5   8    6   9  13    7  10  12 "
 "    0   5  12    1  11  13    2   7  14    3   8   9    4   6  10 "
 "    0   7   9    1   8  10    2   4  13    3  11  12    5   6  14 "
 "    0   8  13    1   6  12    2   3  10    4   9  14    5   7  11 "
 "    0  10  14    1   5   9    2   6  11    3   7  13    4   8  12 "
Result table 17:
 "    0   1   2    3   4   5    6   7   8    9  10  11   12  13  14 "
 "    0   3   6    1   4   7    2   9  12    5  10  13    8  11  14 "
 "    0   4  11    1   3  14    2   5   8    6  10  12    7   9  13 "
 "    0   5   9    1   8  10    2   7  14    3  11  12    4   6  13 "
 "    0   7  12    1  11  13    2   4  10    3   8   9    5   6  14 "
 "    0   8  13    1   5  12    2   6  11    3   7  10    4   9  14 "
 "    0  10  14    1   6   9    2   3  13    4   8  12    5   7  11 "
Result table 18:
 "    0   1   2    3   4   5    6   7   8    9  10  11   12  13  14 "
 "    0   3   6    1   4   7    2   9  12    5  10  13    8  11  14 "
 "    0   4  11    1   3  14    2   5   8    6  10  12    7   9  13 "
 "    0   5   9    1  11  13    2   6  14    3   7  10    4   8  12 "
 "    0   7  12    1   8  10    2   3  13    4   9  14    5   6  11 "
 "    0   8  13    1   6   9    2   4  10    3  11  12    5   7  14 "
 "    0  10  14    1   5  12    2   7  11    3   8   9    4   6  13 "
Result table 19:
 "    0   1   2    3   4   5    6   7   8    9  10  11   12  13  14 "
 "    0   3   6    1   4   7    2   9  12    5  10  13    8  11  14 "
 "    0   4  11    1   3  14    2   5   8    6  10  12    7   9  13 "
 "    0   5  12    1   6  13    2   7  11    3   8   9    4  10  14 "
 "    0   7  10    1   5   9    2   6  14    3  11  13    4   8  12 "
 "    0   8  13    1  11  12    2   3  10    4   6   9    5   7  14 "
 "    0   9  14    1   8  10    2   4  13    3   7  12    5   6  11 "
Result table 20:
 "    0   1   2    3   4   5    6   7   8    9  10  11   12  13  14 "
 "    0   3   6    1   4   7    2   9  12    5  10  13    8  11  14 "
 "    0   4  11    1   3  14    2   5   8    6  10  12    7   9  13 "
 "    0   5  12    1   8  10    2   7  14    3  11  13    4   6   9 "
 "    0   7  10    1  11  12    2   4  13    3   8   9    5   6  14 "
 "    0   8  13    1   5   9    2   6  11    3   7  12    4  10  14 "
 "    0   9  14    1   6  13    2   3  10    4   8  12    5   7  11 "
Result table 21:
 "    0   1   2    3   4   5    6   7   8    9  10  11   12  13  14 "
 "    0   3   6    1   4   7    2   9  12    5  10  13    8  11  14 "
 "    0   4  11    1   5   9    2   6  14    3   8  13    7  10  12 "
 "    0   5  12    1   3  14    2   7  11    4   8  10    6   9  13 "
 "    0   7  13    1   6  10    2   5   8    3  11  12    4   9  14 "
 "    0   8   9    1  11  13    2   3  10    4   6  12    5   7  14 "
 "    0  10  14    1   8  12    2   4  13    3   7   9    5   6  11 "
Result table 22:
 "    0   1   2    3   4   5    6   7   8    9  10  11   12  13  14 "
 "    0   3   6    1   4   7    2   9  12    5  10  13    8  11  14 "
 "    0   4  11    1   5   9    2   6  14    3   8  13    7  10  12 "
 "    0   5  12    1   3  14    2   7  11    4   8  10    6   9  13 "
 "    0   7  13    1   8  12    2   3  10    4   9  14    5   6  11 "
 "    0   8   9    1   6  10    2   4  13    3  11  12    5   7  14 "
 "    0  10  14    1  11  13    2   5   8    3   7   9    4   6  12 "
Result table 23:
 "    0   1   2    3   4   5    6   7   8    9  10  11   12  13  14 "
 "    0   3   6    1   4   7    2   9  12    5  10  13    8  11  14 "
 "    0   4  11    1   5  12    2   6  13    3   8  10    7   9  14 "
 "    0   5   9    1   3  14    2   7  10    4   8  13    6  11  12 "
 "    0   7  13    1   8   9    2   3  11    4  10  12    5   6  14 "
 "    0   8  12    1   6  10    2   4  14    3   9  13    5   7  11 "
 "    0  10  14    1  11  13    2   5   8    3   7  12    4   6   9 "
Result table 24:
 "    0   1   2    3   4   5    6   7   8    9  10  11   12  13  14 "
 "    0   3   6    1   4   7    2   9  12    5  10  13    8  11  14 "
 "    0   4  11    1   5  12    2   7  10    3   8  13    6   9  14 "
 "    0   5   9    1   3  14    2   6  13    4   8  10    7  11  12 "
 "    0   7  13    1   8   9    2   4  14    3  10  12    5   6  11 "
 "    0   8  12    1   6  10    2   3  11    4   9  13    5   7  14 "
 "    0  10  14    1  11  13    2   5   8    3   7   9    4   6  12 "
Result table 25:
 "    0   1   2    3   4   5    6   7   8    9  10  11   12  13  14 "
 "    0   3   6    1   4   7    2   9  12    5  10  13    8  11  14 "
 "    0   4  11    1   5  12    2   7  14    3   8  10    6   9  13 "
 "    0   5   9    1   3  14    2   6  11    4   8  13    7  10  12 "
 "    0   7  13    1   6  10    2   5   8    3  11  12    4   9  14 "
 "    0   8  12    1  11  13    2   4  10    3   7   9    5   6  14 "
 "    0  10  14    1   8   9    2   3  13    4   6  12    5   7  11 "
Result table 26:
 "    0   1   2    3   4   5    6   7   8    9  10  11   12  13  14 "
 "    0   3   6    1   4   7    2   9  12    5  10  13    8  11  14 "
 "    0   4  11    1   5  12    2   7  14    3   8  10    6   9  13 "
 "    0   5   9    1   3  14    2   6  11    4   8  13    7  10  12 "
 "    0   7  13    1   8   9    2   4  10    3  11  12    5   6  14 "
 "    0   8  12    1   6  10    2   3  13    4   9  14    5   7  11 "
 "    0  10  14    1  11  13    2   5   8    3   7   9    4   6  12 "
Result table 27:
 "    0   1   2    3   4   5    6   7   8    9  10  11   12  13  14 "
 "    0   3   6    1   4   7    2   9  12    5  10  13    8  11  14 "
 "    0   4  11    1   8   9    2   3  13    5   6  14    7  10  12 "
 "    0   5   9    1   6  10    2   7  14    3  11  12    4   8  13 "
 "    0   7  13    1   5  12    2   6  11    3   8  10    4   9  14 "
 "    0   8  12    1   3  14    2   4  10    5   7  11    6   9  13 "
 "    0  10  14    1  11  13    2   5   8    3   7   9    4   6  12 "
Result table 28:
 "    0   1   2    3   4   5    6   7   8    9  10  11   12  13  14 "
 "    0   3   6    1   4   7    2   9  12    5  10  13    8  11  14 "
 "    0   4  11    1   8   9    2   3  13    5   6  14    7  10  12 "
 "    0   5   9    1  11  13    2   7  14    3   8  10    4   6  12 "
 "    0   7  13    1   6  10    2   5   8    3  11  12    4   9  14 "
 "    0   8  12    1   3  14    2   4  10    5   7  11    6   9  13 "
 "    0  10  14    1   5  12    2   6  11    3   7   9    4   8  13 "
Result table 29:
 "    0   1   2    3   4   5    6   7   8    9  10  11   12  13  14 "
 "    0   3   6    1   4   7    2   9  12    5  10  13    8  11  14 "
 "    0   4  11    1   8   9    2   3  13    5   7  12    6  10  14 "
 "    0   5  14    1  10  12    2   6  11    3   7   9    4   8  13 "
 "    0   7  10    1   6  13    2   5   8    3  11  12    4   9  14 "
 "    0   8  12    1   3  14    2   4  10    5   6   9    7  11  13 "
 "    0   9  13    1   5  11    2   7  14    3   8  10    4   6  12 "
Result table 30:
 "    0   1   2    3   4   5    6   7   8    9  10  11   12  13  14 "
 "    0   3   6    1   4   7    2   9  12    5  10  13    8  11  14 "
 "    0   4  11    1   8   9    2   6  13    3  10  12    5   7  14 "
 "    0   5   9    1   6  10    2   4  14    3   8  13    7  11  12 "
 "    0   7  13    1   5  12    2   3  11    4   8  10    6   9  14 "
 "    0   8  12    1   3  14    2   7  10    4   9  13    5   6  11 "
 "    0  10  14    1  11  13    2   5   8    3   7   9    4   6  12 "
Result table 31:
 "    0   1   2    3   4   5    6   7   8    9  10  11   12  13  14 "
 "    0   3   6    1   4   7    2   9  12    5  10  13    8  11  14 "
 "    0   4  11    1   8  12    2   3  10    5   7  14    6   9  13 "
 "    0   5  12    1   6  10    2   7  11    3   8  13    4   9  14 "
 "    0   7  13    1   5   9    2   6  14    3  11  12    4   8  10 "
 "    0   8   9    1   3  14    2   4  13    5   6  11    7  10  12 "
 "    0  10  14    1  11  13    2   5   8    3   7   9    4   6  12 "
Result table 32:
 "    0   1   2    3   4   5    6   7   8    9  10  11   12  13  14 "
 "    0   3   6    1   4   7    2   9  12    5  10  13    8  11  14 "
 "    0   4  11    1   8  12    2   3  10    5   7  14    6   9  13 "
 "    0   5  12    1  11  13    2   6  14    3   7   9    4   8  10 "
 "    0   7  13    1   6  10    2   5   8    3  11  12    4   9  14 "
 "    0   8   9    1   3  14    2   4  13    5   6  11    7  10  12 "
 "    0  10  14    1   5   9    2   7  11    3   8  13    4   6  12 "
Result table 33:
 "    0   1   2    3   4   5    6   7   8    9  10  11   12  13  14 "
 "    0   3   6    1   4   7    2   9  12    5  10  13    8  11  14 "
 "    0   4  11    1   8  12    2   3  13    5   6   9    7  10  14 "
 "    0   5  14    1   9  13    2   7  11    3   8  10    4   6  12 "
 "    0   7  13    1   6  10    2   5   8    3  11  12    4   9  14 "
 "    0   8   9    1   3  14    2   4  10    5   7  12    6  11  13 "
 "    0  10  12    1   5  11    2   6  14    3   7   9    4   8  13 "
Result table 34:
 "    0   1   2    3   4   5    6   7   8    9  10  11   12  13  14 "
 "    0   3   6    1   4   7    2   9  12    5  10  13    8  11  14 "
 "    0   4  11    1   8  12    2   7  10    3   9  13    5   6  14 "
 "    0   5  12    1   6  10    2   3  11    4   8  13    7   9  14 "
 "    0   7  13    1   5   9    2   4  14    3   8  10    6  11  12 "
 "    0   8   9    1   3  14    2   6  13    4  10  12    5   7  11 "
 "    0  10  14    1  11  13    2   5   8    3   7  12    4   6   9 "
Result table 35:
 "    0   1   2    3   4   5    6   7   8    9  10  11   12  13  14 "
 "    0   3   6    1   4   7    2   9  12    5  10  13    8  11  14 "
 "    0   4  11    1   9  13    2   6  14    3   8  10    5   7  12 "
 "    0   5  14    1   8  12    2   4  10    3   7   9    6  11  13 "
 "    0   7  13    1   6  10    2   5   8    3  11  12    4   9  14 "
 "    0   8   9    1   5  11    2   3  13    4   6  12    7  10  14 "
 "    0  10  12    1   3  14    2   7  11    4   8  13    5   6   9 "
Result table 36:
 "    0   1   2    3   4   5    6   7   8    9  10  11   12  13  14 "
 "    0   3   6    1   4   7    2   9  12    5  10  13    8  11  14 "
 "    0   4  11    1  10  12    2   7  14    3   8  13    5   6   9 "
 "    0   5  14    1   8   9    2   3  10    4   6  12    7  11  13 "
 "    0   7  10    1   6  13    2   5   8    3  11  12    4   9  14 "
 "    0   8  12    1   5  11    2   4  13    3   7   9    6  10  14 "
 "    0   9  13    1   3  14    2   6  11    4   8  10    5   7  12 "
Result table 37:
 "    0   1   2    3   4   5    6   7   8    9  10  11   12  13  14 "
 "    0   3   6    1   4   7    2   9  12    5  10  13    8  11  14 "
 "    0   4  12    1   5  11    2   6  14    3   8  10    7   9  13 "
 "    0   5  14    1   3   9    2   7  11    4   8  13    6  10  12 "
 "    0   7  10    1   6  13    2   5   8    3  11  12    4   9  14 "
 "    0   8   9    1  10  14    2   3  13    4   6  11    5   7  12 "
 "    0  11  13    1   8  12    2   4  10    3   7  14    5   6   9 "
Result table 38:
 "    0   1   2    3   4   5    6   7   8    9  10  11   12  13  14 "
 "    0   3   6    1   4   7    2   9  12    5  10  13    8  11  14 "
 "    0   4  12    1   5  14    2   7  11    3   8  10    6   9  13 "
 "    0   5  11    1   3   9    2   6  14    4   8  13    7  10  12 "
 "    0   7  13    1   6  10    2   5   8    3  11  12    4   9  14 "
 "    0   8   9    1  11  13    2   4  10    3   7  14    5   6  12 "
 "    0  10  14    1   8  12    2   3  13    4   6  11    5   7   9 "
Result table 39:
 "    0   1   2    3   4   5    6   7   8    9  10  11   12  13  14 "
 "    0   3   6    1   4   7    2   9  12    5  10  13    8  11  14 "
 "    0   4  12    1  10  14    2   7  11    3   8  13    5   6   9 "
 "    0   5  14    1   8  12    2   3  10    4   6  11    7   9  13 "
 "    0   7  10    1   6  13    2   5   8    3  11  12    4   9  14 "
 "    0   8   9    1   5  11    2   4  13    3   7  14    6  10  12 "
 "    0  11  13    1   3   9    2   6  14    4   8  10    5   7  12 "
Result table 40:
 "    0   1   2    3   4   5    6   7   8    9  10  11   12  13  14 "
 "    0   3   6    1   4   7    2   9  12    5  10  13    8  11  14 "
 "    0   4  12    1  11  13    2   6  14    3   8  10    5   7   9 "
 "    0   5  11    1   8  12    2   4  10    3   7  14    6   9  13 "
 "    0   7  13    1   6  10    2   5   8    3  11  12    4   9  14 "
 "    0   8   9    1   5  14    2   3  13    4   6  11    7  10  12 "
 "    0  10  14    1   3   9    2   7  11    4   8  13    5   6  12 "
Result table 41:
 "    0   1   2    3   4   5    6   7   8    9  10  11   12  13  14 "
 "    0   3   6    1   4   7    2   9  12    5  10  13    8  11  14 "
 "    0   4  13    1   8   9    2   3  11    5   7  14    6  10  12 "
 "    0   5   9    1   6  14    2   7  10    3   8  13    4  11  12 "
 "    0   7  11    1   5  12    2   6  13    3   9  14    4   8  10 "
 "    0   8  12    1   3  10    2   4  14    5   6  11    7   9  13 "
 "    0  10  14    1  11  13    2   5   8    3   7  12    4   6   9 "
Result table 42:
 "    0   1   2    3   4   5    6   7   8    9  10  11   12  13  14 "
 "    0   3   6    1   4   7    2   9  12    5  10  13    8  11  14 "
 "    0   4  13    1   8   9    2   3  14    5   6  11    7  10  12 "
 "    0   5   9    1   6  14    2   7  13    3  11  12    4   8  10 "
 "    0   7  11    1   5  12    2   6  10    3   8  13    4   9  14 "
 "    0   8  12    1   3  10    2   4  11    5   7  14    6   9  13 "
 "    0  10  14    1  11  13    2   5   8    3   7   9    4   6  12 "
Result table 43:
 "    0   1   2    3   4   5    6   7   8    9  10  11   12  13  14 "
 "    0   3   6    1   4   7    2   9  12    5  10  13    8  11  14 "
 "    0   4  13    1   8   9    2   6  10    3  11  12    5   7  14 "
 "    0   5   9    1   6  14    2   4  11    3   8  13    7  10  12 "
 "    0   7  11    1   5  12    2   3  14    4   8  10    6   9  13 "
 "    0   8  12    1   3  10    2   7  13    4   9  14    5   6  11 "
 "    0  10  14    1  11  13    2   5   8    3   7   9    4   6  12 "
Result table 44:
 "    0   1   2    3   4   5    6   7   8    9  10  11   12  13  14 "
 "    0   3   6    1   4   7    2   9  12    5  10  13    8  11  14 "
 "    0   4  13    1   8  12    2   7  10    3   9  14    5   6  11 "
 "    0   5  12    1   6  14    2   3  11    4   8  10    7   9  13 "
 "    0   7  11    1   5   9    2   4  14    3   8  13    6  10  12 "
 "    0   8   9    1   3  10    2   6  13    4  11  12    5   7  14 "
 "    0  10  14    1  11  13    2   5   8    3   7  12    4   6   9 "
Result table 45:
 "    0   1   2    3   4   5    6   7   8    9  10  11   12  13  14 "
 "    0   3   6    1   4   7    2   9  12    5  10  13    8  11  14 "
 "    0   4  14    1   3  11    2   5   8    6   9  13    7  10  12 "
 "    0   5   9    1   6  10    2   7  14    3   8  12    4  11  13 "
 "    0   7  13    1   5  12    2   6  11    3  10  14    4   8   9 "
 "    0   8  10    1   9  14    2   3  13    4   6  12    5   7  11 "
 "    0  11  12    1   8  13    2   4  10    3   7   9    5   6  14 "
Result table 46:
 "    0   1   2    3   4   5    6   7   8    9  10  11   12  13  14 "
 "    0   3   6    1   4   7    2   9  12    5  10  13    8  11  14 "
 "    0   4  14    1   3  11    2   5   8    6   9  13    7  10  12 "
 "    0   5   9    1   8  13    2   7  11    3  10  14    4   6  12 "
 "    0   7  13    1   9  14    2   4  10    3   8  12    5   6  11 "
 "    0   8  10    1   5  12    2   6  14    3   7   9    4  11  13 "
 "    0  11  12    1   6  10    2   3  13    4   8   9    5   7  14 "
Result table 47:
 "    0   1   2    3   4   5    6   7   8    9  10  11   12  13  14 "
 "    0   3   6    1   4   7    2   9  12    5  10  13    8  11  14 "
 "    0   4  14    1   3  11    2   5   8    6   9  13    7  10  12 "
 "    0   5  12    1   8  13    2   7  11    3   9  14    4   6  10 "
 "    0   7   9    1  10  14    2   4  13    3   8  12    5   6  11 "
 "    0   8  10    1   5   9    2   6  14    3   7  13    4  11  12 "
 "    0  11  13    1   6  12    2   3  10    4   8   9    5   7  14 "
Result table 48:
 "    0   1   2    3   4   5    6   7   8    9  10  11   12  13  14 "
 "    0   3   6    1   4   7    2   9  12    5  10  13    8  11  14 "
 "    0   4  14    1   3  11    2   5   8    6   9  13    7  10  12 "
 "    0   5  12    1  10  14    2   6  11    3   7  13    4   8   9 "
 "    0   7   9    1   8  13    2   3  10    4  11  12    5   6  14 "
 "    0   8  10    1   6  12    2   4  13    3   9  14    5   7  11 "
 "    0  11  13    1   5   9    2   7  14    3   8  12    4   6  10 "
Result table 49:
 "    0   1   2    3   4   5    6   7   8    9  10  11   12  13  14 "
 "    0   3   6    1   4   7    2   9  12    5  10  13    8  11  14 "
 "    0   4  14    1   3  11    2   5   8    6  10  12    7   9  13 "
 "    0   5   9    1   6  13    2   7  11    3  10  14    4   8  12 "
 "    0   7  10    1   5  12    2   6  14    3   8   9    4  11  13 "
 "    0   8  13    1   9  14    2   4  10    3   7  12    5   6  11 "
 "    0  11  12    1   8  10    2   3  13    4   6   9    5   7  14 "
Result table 50:
 "    0   1   2    3   4   5    6   7   8    9  10  11   12  13  14 "
 "    0   3   6    1   4   7    2   9  12    5  10  13    8  11  14 "
 "    0   4  14    1   3  11    2   5   8    6  10  12    7   9  13 "
 "    0   5   9    1   6  13    2   7  14    3   8  10    4  11  12 "
 "    0   7  10    1   5  12    2   6  11    3   9  14    4   8  13 "
 "    0   8  12    1  10  14    2   3  13    4   6   9    5   7  11 "
 "    0  11  13    1   8   9    2   4  10    3   7  12    5   6  14 "
Result table 51:
 "    0   1   2    3   4   5    6   7   8    9  10  11   12  13  14 "
 "    0   3   6    1   4   7    2   9  12    5  10  13    8  11  14 "
 "    0   4  14    1   3  11    2   5   8    6  10  12    7   9  13 "
 "    0   5   9    1   8  10    2   6  14    3   7  12    4  11  13 "
 "    0   7  10    1   9  14    2   3  13    4   8  12    5   6  11 "
 "    0   8  13    1   5  12    2   7  11    3  10  14    4   6   9 "
 "    0  11  12    1   6  13    2   4  10    3   8   9    5   7  14 "
Result table 52:
 "    0   1   2    3   4   5    6   7   8    9  10  11   12  13  14 "
 "    0   3   6    1   4   7    2   9  12    5  10  13    8  11  14 "
 "    0   4  14    1   3  11    2   5   8    6  10  12    7   9  13 "
 "    0   5   9    1   8  13    2   6  14    3   7  10    4  11  12 "
 "    0   7  12    1  10  14    2   3  13    4   8   9    5   6  11 "
 "    0   8  10    1   5  12    2   7  11    3   9  14    4   6  13 "
 "    0  11  13    1   6   9    2   4  10    3   8  12    5   7  14 "
Result table 53:
 "    0   1   2    3   4   5    6   7   8    9  10  11   12  13  14 "
 "    0   3   6    1   4   7    2   9  12    5  10  13    8  11  14 "
 "    0   4  14    1   3  11    2   5   8    6  10  12    7   9  13 "
 "    0   5   9    1  10  14    2   6  11    3   7  12    4   8  13 "
 "    0   7  10    1   8   9    2   3  13    4  11  12    5   6  14 "
 "    0   8  12    1   6  13    2   4  10    3   9  14    5   7  11 "
 "    0  11  13    1   5  12    2   7  14    3   8  10    4   6   9 "
Result table 54:
 "    0   1   2    3   4   5    6   7   8    9  10  11   12  13  14 "
 "    0   3   6    1   4   7    2   9  12    5  10  13    8  11  14 "
 "    0   4  14    1   3  11    2   5   8    6  10  12    7   9  13 "
 "    0   5   9    1  10  14    2   7  11    3   8  12    4   6  13 "
 "    0   7  12    1   8  13    2   4  10    3   9  14    5   6  11 "
 "    0   8  10    1   6   9    2   3  13    4  11  12    5   7  14 "
 "    0  11  13    1   5  12    2   6  14    3   7  10    4   8   9 "
Result table 55:
 "    0   1   2    3   4   5    6   7   8    9  10  11   12  13  14 "
 "    0   3   6    1   4   7    2   9  12    5  10  13    8  11  14 "
 "    0   4  14    1   3  11    2   5   8    6  10  12    7   9  13 "
 "    0   5  12    1   6  13    2   7  11    3   9  14    4   8  10 "
 "    0   7  10    1   5   9    2   6  14    3   8  13    4  11  12 "
 "    0   8   9    1  10  14    2   4  13    3   7  12    5   6  11 "
 "    0  11  13    1   8  12    2   3  10    4   6   9    5   7  14 "
Result table 56:
 "    0   1   2    3   4   5    6   7   8    9  10  11   12  13  14 "
 "    0   3   6    1   4   7    2   9  12    5  10  13    8  11  14 "
 "    0   4  14    1   3  11    2   5   8    6  10  12    7   9  13 "
 "    0   5  12    1  10  14    2   7  11    3   8  13    4   6   9 "
 "    0   7  10    1   8  12    2   4  13    3   9  14    5   6  11 "
 "    0   8   9    1   6  13    2   3  10    4  11  12    5   7  14 "
 "    0  11  13    1   5   9    2   6  14    3   7  12    4   8  10 "
Result table 57:
 "    0   1   2    3   4   5    6   7   8    9  10  11   12  13  14 "
 "    0   3   6    1   4   7    2   9  12    5  10  13    8  11  14 "
 "    0   4  14    1   5   9    2   6  10    3   8  13    7  11  12 "
 "    0   5  12    1   3  11    2   7  13    4   8  10    6   9  14 "
 "    0   7  10    1   8  12    2   3  14    4   9  13    5   6  11 "
 "    0   8   9    1   6  13    2   4  11    3  10  12    5   7  14 "
 "    0  11  13    1  10  14    2   5   8    3   7   9    4   6  12 "
Result table 58:
 "    0   1   2    3   4   5    6   7   8    9  10  11   12  13  14 "
 "    0   3   6    1   4   7    2   9  12    5  10  13    8  11  14 "
 "    0   4  14    1   5   9    2   7  11    3   8  13    6  10  12 "
 "    0   5  12    1   3  11    2   6  14    4   8  10    7   9  13 "
 "    0   7  10    1   6  13    2   5   8    3   9  14    4  11  12 "
 "    0   8   9    1  10  14    2   4  13    3   7  12    5   6  11 "
 "    0  11  13    1   8  12    2   3  10    4   6   9    5   7  14 "
Result table 59:
 "    0   1   2    3   4   5    6   7   8    9  10  11   12  13  14 "
 "    0   3   6    1   4   7    2   9  12    5  10  13    8  11  14 "
 "    0   4  14    1   5   9    2   7  11    3   8  13    6  10  12 "
 "    0   5  12    1   3  11    2   6  14    4   8  10    7   9  13 "
 "    0   7  10    1   8  12    2   4  13    3   9  14    5   6  11 "
 "    0   8   9    1   6  13    2   3  10    4  11  12    5   7  14 "
 "    0  11  13    1  10  14    2   5   8    3   7  12    4   6   9 "
Result table 60:
 "    0   1   2    3   4   5    6   7   8    9  10  11   12  13  14 "
 "    0   3   6    1   4   7    2   9  12    5  10  13    8  11  14 "
 "    0   4  14    1   5   9    2   7  13    3   8  10    6  11  12 "
 "    0   5  12    1   3  11    2   6  10    4   8  13    7   9  14 "
 "    0   7  10    1   8  12    2   4  11    3   9  13    5   6  14 "
 "    0   8   9    1   6  13    2   3  14    4  10  12    5   7  11 "
 "    0  11  13    1  10  14    2   5   8    3   7  12    4   6   9 "
Result table 61:
 "    0   1   2    3   4   5    6   7   8    9  10  11   12  13  14 "
 "    0   3   6    1   4   7    2   9  12    5  10  13    8  11  14 "
 "    0   4  14    1   5  12    2   6  11    3   8  10    7   9  13 "
 "    0   5   9    1   3  11    2   7  14    4   8  13    6  10  12 "
 "    0   7  10    1   6  13    2   5   8    3   9  14    4  11  12 "
 "    0   8  12    1  10  14    2   3  13    4   6   9    5   7  11 "
 "    0  11  13    1   8   9    2   4  10    3   7  12    5   6  14 "
Result table 62:
 "    0   1   2    3   4   5    6   7   8    9  10  11   12  13  14 "
 "    0   3   6    1   4   7    2   9  12    5  10  13    8  11  14 "
 "    0   4  14    1   5  12    2   6  11    3   8  10    7   9  13 "
 "    0   5   9    1   3  11    2   7  14    4   8  13    6  10  12 "
 "    0   7  10    1   8   9    2   3  13    4  11  12    5   6  14 "
 "    0   8  12    1   6  13    2   4  10    3   9  14    5   7  11 "
 "    0  11  13    1  10  14    2   5   8    3   7  12    4   6   9 "
Result table 63:
 "    0   1   2    3   4   5    6   7   8    9  10  11   12  13  14 "
 "    0   3   6    1   4   7    2   9  12    5  10  13    8  11  14 "
 "    0   4  14    1   8   9    2   3  10    5   6  12    7  11  13 "
 "    0   5  11    1  10  12    2   7  14    3   8  13    4   6   9 "
 "    0   7  10    1   6  13    2   5   8    3   9  14    4  11  12 "
 "    0   8  12    1   3  11    2   4  13    5   7   9    6  10  14 "
 "    0   9  13    1   5  14    2   6  11    3   7  12    4   8  10 "
Result table 64:
 "    0   1   2    3   4   5    6   7   8    9  10  11   12  13  14 "
 "    0   3   6    1   4   7    2   9  12    5  10  13    8  11  14 "
 "    0   4  14    1   8   9    2   3  13    5   7  11    6  10  12 "
 "    0   5   9    1   6  13    2   7  14    3   8  10    4  11  12 "
 "    0   7  10    1   5  12    2   6  11    3   9  14    4   8  13 "
 "    0   8  12    1   3  11    2   4  10    5   6  14    7   9  13 "
 "    0  11  13    1  10  14    2   5   8    3   7  12    4   6   9 "
Result table 65:
 "    0   1   2    3   4   5    6   7   8    9  10  11   12  13  14 "
 "    0   3   6    1   4   7    2   9  12    5  10  13    8  11  14 "
 "    0   4  14    1   8   9    2   3  13    5   7  11    6  10  12 "
 "    0   5   9    1  10  14    2   6  11    3   7  12    4   8  13 "
 "    0   7  10    1   6  13    2   5   8    3   9  14    4  11  12 "
 "    0   8  12    1   3  11    2   4  10    5   6  14    7   9  13 "
 "    0  11  13    1   5  12    2   7  14    3   8  10    4   6   9 "
Result table 66:
 "    0   1   2    3   4   5    6   7   8    9  10  11   12  13  14 "
 "    0   3   6    1   4   7    2   9  12    5  10  13    8  11  14 "
 "    0   4  14    1   8   9    2   7  13    3  10  12    5   6  11 "
 "    0   5   9    1   6  13    2   3  14    4   8  10    7  11  12 "
 "    0   7  10    1   5  12    2   4  11    3   8  13    6   9  14 "
 "    0   8  12    1   3  11    2   6  10    4   9  13    5   7  14 "
 "    0  11  13    1  10  14    2   5   8    3   7   9    4   6  12 "
Result table 67:
 "    0   1   2    3   4   5    6   7   8    9  10  11   12  13  14 "
 "    0   3   6    1   4   7    2   9  12    5  10  13    8  11  14 "
 "    0   4  14    1   8  12    2   3  10    5   6  11    7   9  13 "
 "    0   5  12    1   6  13    2   7  11    3   9  14    4   8  10 "
 "    0   7  10    1   5   9    2   6  14    3   8  13    4  11  12 "
 "    0   8   9    1   3  11    2   4  13    5   7  14    6  10  12 "
 "    0  11  13    1  10  14    2   5   8    3   7  12    4   6   9 "
Result table 68:
 "    0   1   2    3   4   5    6   7   8    9  10  11   12  13  14 "
 "    0   3   6    1   4   7    2   9  12    5  10  13    8  11  14 "
 "    0   4  14    1   8  12    2   3  10    5   6  11    7   9  13 "
 "    0   5  12    1  10  14    2   7  11    3   8  13    4   6   9 "
 "    0   7  10    1   6  13    2   5   8    3   9  14    4  11  12 "
 "    0   8   9    1   3  11    2   4  13    5   7  14    6  10  12 "
 "    0  11  13    1   5   9    2   6  14    3   7  12    4   8  10 "
Result table 69:
 "    0   1   2    3   4   5    6   7   8    9  10  11   12  13  14 "
 "    0   3   6    1   4   7    2   9  12    5  10  13    8  11  14 "
 "    0   4  14    1   8  12    2   3  10    5   7   9    6  11  13 "
 "    0   5  11    1   9  13    2   6  14    3   7  12    4   8  10 "
 "    0   7  13    1   6  10    2   5   8    3   9  14    4  11  12 "
 "    0   8   9    1   3  11    2   4  13    5   6  12    7  10  14 "
 "    0  10  12    1   5  14    2   7  11    3   8  13    4   6   9 "
Result table 70:
 "    0   1   2    3   4   5    6   7   8    9  10  11   12  13  14 "
 "    0   3   6    1   4   7    2   9  12    5  10  13    8  11  14 "
 "    0   4  14    1   8  12    2   6  10    3   9  13    5   7  11 "
 "    0   5  12    1   6  13    2   4  11    3   8  10    7   9  14 "
 "    0   7  10    1   5   9    2   3  14    4   8  13    6  11  12 "
 "    0   8   9    1   3  11    2   7  13    4  10  12    5   6  14 "
 "    0  11  13    1  10  14    2   5   8    3   7  12    4   6   9 "
Result table 71:
 "    0   1   2    3   4   5    6   7   8    9  10  11   12  13  14 "
 "    0   3   6    1   4   7    2   9  12    5  10  13    8  11  14 "
 "    0   4  14    1   9  13    2   7  11    3   8  10    5   6  12 "
 "    0   5  11    1   8  12    2   3  13    4   6   9    7  10  14 "
 "    0   7  13    1   6  10    2   5   8    3   9  14    4  11  12 "
 "    0   8   9    1   5  14    2   4  10    3   7  12    6  11  13 "
 "    0  10  12    1   3  11    2   6  14    4   8  13    5   7   9 "
Result table 72:
 "    0   1   2    3   4   5    6   7   8    9  10  11   12  13  14 "
 "    0   3   6    1   4   7    2   9  12    5  10  13    8  11  14 "
 "    0   4  14    1  10  12    2   6  11    3   8  13    5   7   9 "
 "    0   5  11    1   8   9    2   4  13    3   7  12    6  10  14 "
 "    0   7  10    1   6  13    2   5   8    3   9  14    4  11  12 "
 "    0   8  12    1   5  14    2   3  10    4   6   9    7  11  13 "
 "    0   9  13    1   3  11    2   7  14    4   8  10    5   6  12 "
Result table 73:
 "    0   1   2    3   4   5    6   7   8    9  10  11   12  13  14 "
 "    0   3   6    1   4   9    2   7  12    5  10  13    8  11  14 "
 "    0   4   7    1   5  14    2   9  13    3   8  10    6  11  12 "
 "    0   5  12    1   3  11    2   6  10    4   8  13    7   9  14 "
 "    0   8   9    1   6  13    2   3  14    4  10  12    5   7  11 "
 "    0  10  14    1   8  12    2   4  11    3   7  13    5   6   9 "
 "    0  11  13    1   7  10    2   5   8    3   9  12    4   6  14 "
Result table 74:
 "    0   1   2    3   4   5    6   7   8    9  10  11   12  13  14 "
 "    0   3   6    1   4   9    2   7  12    5  10  13    8  11  14 "
 "    0   4   8    1   3  12    2  10  14    5   7   9    6  11  13 "
 "    0   5  11    1   6  10    2   4  13    3   7  14    8   9  12 "
 "    0   7  13    1   5  14    2   6   9    3   8  10    4  11  12 "
 "    0   9  14    1   8  13    2   3  11    4   7  10    5   6  12 "
 "    0  10  12    1   7  11    2   5   8    3   9  13    4   6  14 "
Result table 75:
 "    0   1   2    3   4   5    6   7   8    9  10  11   12  13  14 "
 "    0   3   6    1   4   9    2   7  12    5  10  13    8  11  14 "
 "    0   4   8    1   3  12    2  10  14    5   7   9    6  11  13 "
 "    0   5  14    1   7  13    2   3  11    4   6  10    8   9  12 "
 "    0   7  11    1   8  10    2   4  13    3   9  14    5   6  12 "
 "    0   9  13    1   6  14    2   5   8    3   7  10    4  11  12 "
 "    0  10  12    1   5  11    2   6   9    3   8  13    4   7  14 "
Result table 76:
 "    0   1   2    3   4   5    6   7   8    9  10  11   12  13  14 "
 "    0   3   6    1   4   9    2   7  12    5  10  13    8  11  14 "
 "    0   4   8    1   3  12    2  10  14    5   7   9    6  11  13 "
 "    0   5  14    1   8  13    2   3  11    4   7  10    6   9  12 "
 "    0   7  11    1   6  10    2   4  13    3   9  14    5   8  12 "
 "    0   9  13    1   7  14    2   5   6    3   8  10    4  11  12 "
 "    0  10  12    1   5  11    2   8   9    3   7  13    4   6  14 "
Result table 77:
 "    0   1   2    3   4   5    6   7   8    9  10  11   12  13  14 "
 "    0   3   6    1   4   9    2   7  12    5  10  13    8  11  14 "
 "    0   4   8    1   3  12    2  10  14    5   7   9    6  11  13 "
 "    0   5  14    1   8  13    2   6   9    3   7  11    4  10  12 "
 "    0   7  10    1   5  11    2   3  13    4   6  14    8   9  12 "
 "    0   9  13    1   7  14    2   4  11    3   8  10    5   6  12 "
 "    0  11  12    1   6  10    2   5   8    3   9  14    4   7  13 "
Result table 78:
 "    0   1   2    3   4   5    6   7   8    9  10  11   12  13  14 "
 "    0   3   6    1   4   9    2   7  12    5  10  13    8  11  14 "
 "    0   4   8    1   3  12    2  11  13    5   7   9    6  10  14 "
 "    0   5  11    1   7  10    2   3  14    4   6  13    8   9  12 "
 "    0   7  13    1   5  14    2   6   9    3   8  10    4  11  12 "
 "    0   9  14    1   8  13    2   4  10    3   7  11    5   6  12 "
 "    0  10  12    1   6  11    2   5   8    3   9  13    4   7  14 "
Result table 79:
 "    0   1   2    3   4   5    6   7   8    9  10  11   12  13  14 "
 "    0   3   6    1   4   9    2   7  12    5  10  13    8  11  14 "
 "    0   4   8    1   3  12    2  11  13    5   7   9    6  10  14 "
 "    0   5  14    1   6  13    2   8   9    3   7  11    4  10  12 "
 "    0   7  10    1   5  11    2   4  14    3   8  13    6   9  12 "
 "    0   9  13    1   7  14    2   3  10    4   6  11    5   8  12 "
 "    0  11  12    1   8  10    2   5   6    3   9  14    4   7  13 "
Result table 80:
 "    0   1   2    3   4   5    6   7   8    9  10  11   12  13  14 "
 "    0   3   6    1   4   9    2   7  12    5  10  13    8  11  14 "
 "    0   4   8    1   3  13    2   9  14    5   7  11    6  10  12 "
 "    0   5  12    1   6  11    2   4  10    3   7  14    8   9  13 "
 "    0   7   9    1   5  14    2   6  13    3   8  10    4  11  12 "
 "    0  10  14    1   8  12    2   3  11    4   7  13    5   6   9 "
 "    0  11  13    1   7  10    2   5   8    3   9  12    4   6  14 "
Result table 81:
 "    0   1   2    3   4   5    6   7   8    9  10  11   12  13  14 "
 "    0   3   6    1   4   9    2   7  12    5  10  13    8  11  14 "
 "    0   4   8    1   3  13    2   9  14    5   7  11    6  10  12 "
 "    0   5  12    1   7  10    2   3  11    4   6  14    8   9  13 "
 "    0   7   9    1   5  14    2   6  13    3   8  10    4  11  12 "
 "    0  10  14    1   6  11    2   5   8    3   9  12    4   7  13 "
 "    0  11  13    1   8  12    2   4  10    3   7  14    5   6   9 "
Result table 82:
 "    0   1   2    3   4   5    6   7   8    9  10  11   12  13  14 "
 "    0   3   6    1   4   9    2   7  12    5  10  13    8  11  14 "
 "    0   4   8    1   3  13    2   9  14    5   7  11    6  10  12 "
 "    0   5  14    1   8  10    2   6  13    3   7   9    4  11  12 "
 "    0   7  10    1   5  12    2   3  11    4   6  14    8   9  13 "
 "    0   9  12    1   6  11    2   5   8    3  10  14    4   7  13 "
 "    0  11  13    1   7  14    2   4  10    3   8  12    5   6   9 "
Result table 83:
 "    0   1   2    3   4   5    6   7   8    9  10  11   12  13  14 "
 "    0   3   6    1   4   9    2   7  12    5  10  13    8  11  14 "
 "    0   4   8    1   7  11    2  10  14    3   9  13    5   6  12 "
 "    0   5  11    1   6  10    2   4  13    3   7  14    8   9  12 "
 "    0   7  13    1   5  14    2   6   9    3   8  10    4  11  12 "
 "    0   9  14    1   3  12    2   5   8    4   7  10    6  11  13 "
 "    0  10  12    1   8  13    2   3  11    4   6  14    5   7   9 "
Result table 84:
 "    0   1   2    3   4   5    6   7   8    9  10  11   12  13  14 "
 "    0   3   6    1   4   9    2   7  12    5  10  13    8  11  14 "
 "    0   4   8    1  10  12    2   3  13    5   7  11    6   9  14 "
 "    0   5  14    1   6  13    2   8  10    3   7   9    4  11  12 "
 "    0   7  10    1   3  11    2   4  14    5   6  12    8   9  13 "
 "    0   9  12    1   5   8    2   6  11    3  10  14    4   7  13 "
 "    0  11  13    1   7  14    2   5   9    3   8  12    4   6  10 "
Result table 85:
 "    0   1   2    3   4   5    6   7   8    9  10  11   12  13  14 "
 "    0   3   6    1   4   9    2   7  12    5  10  13    8  11  14 "
 "    0   4   8    1  10  12    2   3  14    5   7   9    6  11  13 "
 "    0   5  14    1   8  13    2   6  10    3   9  12    4   7  11 "
 "    0   7  10    1   3  11    2   4  13    5   8  12    6   9  14 "
 "    0   9  13    1   7  14    2   5  11    3   8  10    4   6  12 "
 "    0  11  12    1   5   6    2   8   9    3   7  13    4  10  14 "
Result table 86:
 "    0   1   2    3   4   5    6   7   8    9  10  11   12  13  14 "
 "    0   3   6    1   4   9    2   7  12    5  10  13    8  11  14 "
 "    0   4   8    1  10  12    2   3  14    5   7  11    6   9  13 "
 "    0   5  12    1   6  11    2   8  13    3   7   9    4  10  14 "
 "    0   7  10    1   3  13    2   4  11    5   6  14    8   9  12 "
 "    0   9  14    1   5   8    2   6  10    3  11  12    4   7  13 "
 "    0  11  13    1   7  14    2   5   9    3   8  10    4   6  12 "
Result table 87:
 "    0   1   2    3   4   5    6   7   8    9  10  11   12  13  14 "
 "    0   3   6    1   4   9    2   7  12    5  10  13    8  11  14 "
 "    0   4   8    1  10  12    2   6  13    3   9  14    5   7  11 "
 "    0   5  12    1   6  11    2   4  14    3   7  10    8   9  13 "
 "    0   7   9    1   3  13    2   8  10    4  11  12    5   6  14 "
 "    0  10  14    1   5   8    2   3  11    4   7  13    6   9  12 "
 "    0  11  13    1   7  14    2   5   9    3   8  12    4   6  10 "
Result table 88:
 "    0   1   2    3   4   5    6   7   8    9  10  11   12  13  14 "
 "    0   3   6    1   4   9    2   7  12    5  10  13    8  11  14 "
 "    0   4   8    1  10  12    2   6  13    3   9  14    5   7  11 "
 "    0   5  12    1   7  14    2   3  11    4   6  10    8   9  13 "
 "    0   7   9    1   3  13    2   8  10    4  11  12    5   6  14 "
 "    0  10  14    1   6  11    2   5   9    3   8  12    4   7  13 "
 "    0  11  13    1   5   8    2   4  14    3   7  10    6   9  12 "
Result table 89:
 "    0   1   2    3   4   5    6   7   8    9  10  11   12  13  14 "
 "    0   3   6    1   4   9    2   7  12    5  10  13    8  11  14 "
 "    0   4   8    1  11  12    2   5  14    3   7  10    6   9  13 "
 "    0   5  11    1   6  10    2   4  13    3   8  12    7   9  14 "
 "    0   7  13    1   3  14    2   6  11    4  10  12    5   8   9 "
 "    0   9  12    1   5   7    2   8  10    3  11  13    4   6  14 "
 "    0  10  14    1   8  13    2   3   9    4   7  11    5   6  12 "
Result table 90:
 "    0   1   2    3   4   5    6   7   8    9  10  11   12  13  14 "
 "    0   3   6    1   4   9    2   7  12    5  10  13    8  11  14 "
 "    0   4   8    1  11  13    2   5  14    3   7  10    6   9  12 "
 "    0   5  12    1   6  10    2   4  11    3   8  13    7   9  14 "
 "    0   7  11    1   3  14    2   6  13    4  10  12    5   8   9 "
 "    0   9  13    1   5   7    2   8  10    3  11  12    4   6  14 "
 "    0  10  14    1   8  12    2   3   9    4   7  13    5   6  11 "
Result table 91:
 "    0   1   2    3   4   5    6   7   8    9  10  11   12  13  14 "
 "    0   3   6    1   4   9    2   7  12    5  10  13    8  11  14 "
 "    0   4  10    1   6  12    2   9  14    3   8  13    5   7  11 "
 "    0   5  14    1   7  10    2   3  11    4   8  12    6   9  13 "
 "    0   7  13    1   3  14    2   8  10    4   6  11    5   9  12 "
 "    0   8   9    1  11  13    2   5   6    3  10  12    4   7  14 "
 "    0  11  12    1   5   8    2   4  13    3   7   9    6  10  14 "
Result table 92:
 "    0   1   2    3   4   5    6   7   8    9  10  11   12  13  14 "
 "    0   3   6    1   4   9    2   7  12    5  10  13    8  11  14 "
 "    0   4  10    1   6  14    2   8   9    3   7  13    5  11  12 "
 "    0   5  14    1   7  10    2   3  11    4   8  12    6   9  13 "
 "    0   7  11    1   5   8    2   4  13    3   9  14    6  10  12 "
 "    0   8  13    1   3  12    2  10  14    4   6  11    5   7   9 "
 "    0   9  12    1  11  13    2   5   6    3   8  10    4   7  14 "
Result table 93:
 "    0   1   2    3   4   5    6   7   8    9  10  11   12  13  14 "
 "    0   3   6    1   4   9    2   7  12    5  10  13    8  11  14 "
 "    0   4  11    1   3  12    2   8  10    5   6  14    7   9  13 "
 "    0   5   7    1  10  14    2   4  13    3   8   9    6  11  12 "
 "    0   8  13    1   7  11    2   3  14    4   6  10    5   9  12 "
 "    0   9  14    1   6  13    2   5  11    3   7  10    4   8  12 "
 "    0  10  12    1   5   8    2   6   9    3  11  13    4   7  14 "
Result table 94:
 "    0   1   2    3   4   5    6   7   8    9  10  11   12  13  14 "
 "    0   3   6    1   4   9    2   7  12    5  10  13    8  11  14 "
 "    0   4  11    1   3  12    2   8  10    5   6  14    7   9  13 "
 "    0   5   7    1  10  14    2   6   9    3  11  13    4   8  12 "
 "    0   8  13    1   7  11    2   3  14    4   6  10    5   9  12 "
 "    0   9  14    1   5   8    2   4  13    3   7  10    6  11  12 "
 "    0  10  12    1   6  13    2   5  11    3   8   9    4   7  14 "
Result table 95:
 "    0   1   2    3   4   5    6   7   8    9  10  11   12  13  14 "
 "    0   3   6    1   4   9    2   7  12    5  10  13    8  11  14 "
 "    0   4  11    1   3  12    2   8  10    5   6  14    7   9  13 "
 "    0   5   7    1  11  13    2   6   9    3  10  14    4   8  12 "
 "    0   8  13    1   6  10    2   4  14    3   7  11    5   9  12 "
 "    0   9  14    1   5   8    2   3  13    4   7  10    6  11  12 "
 "    0  10  12    1   7  14    2   5  11    3   8   9    4   6  13 "
Result table 96:
 "    0   1   2    3   4   5    6   7   8    9  10  11   12  13  14 "
 "    0   3   6    1   4   9    2   7  12    5  10  13    8  11  14 "
 "    0   4  11    1   3  13    2   6  10    5   7  14    8   9  12 "
 "    0   5   8    1   7  11    2   9  13    3  10  14    4   6  12 "
 "    0   7  13    1   8  10    2   4  14    3  11  12    5   6   9 "
 "    0   9  14    1   5  12    2   3   8    4   7  10    6  11  13 "
 "    0  10  12    1   6  14    2   5  11    3   7   9    4   8  13 "
Result table 97:
 "    0   1   2    3   4   5    6   7   8    9  10  11   12  13  14 "
 "    0   3   6    1   4   9    2   7  12    5  10  13    8  11  14 "
 "    0   4  11    1   3  13    2   6  10    5   7  14    8   9  12 "
 "    0   5  12    1   6  14    2   9  13    3   7  11    4   8  10 "
 "    0   7   9    1   5   8    2   4  14    3  10  12    6  11  13 "
 "    0   8  13    1   7  10    2   5  11    3   9  14    4   6  12 "
 "    0  10  14    1  11  12    2   3   8    4   7  13    5   6   9 "
Result table 98:
 "    0   1   2    3   4   5    6   7   8    9  10  11   12  13  14 "
 "    0   3   6    1   4   9    2   7  12    5  10  13    8  11  14 "
 "    0   4  11    1   3  13    2   6  10    5   7  14    8   9  12 "
 "    0   5  12    1   6  14    2  11  13    3   7   9    4   8  10 "
 "    0   7  10    1   5   8    2   4  14    3  11  12    6   9  13 "
 "    0   8  13    1   7  11    2   5   9    3  10  14    4   6  12 "
 "    0   9  14    1  10  12    2   3   8    4   7  13    5   6  11 "
Result table 99:
 "    0   1   2    3   4   5    6   7   8    9  10  11   12  13  14 "
 "    0   3   6    1   4   9    2   7  12    5  10  13    8  11  14 "
 "    0   4  11    1   3  13    2   6  10    5   7  14    8   9  12 "
 "    0   5  12    1  10  14    2   4   8    3   7   9    6  11  13 "
 "    0   7  10    1   5   8    2   9  13    3  11  12    4   6  14 "
 "    0   8  13    1   7  11    2   3  14    4  10  12    5   6   9 "
 "    0   9  14    1   6  12    2   5  11    3   8  10    4   7  13 "
Result table 100:
 "    0   1   2    3   4   5    6   7   8    9  10  11   12  13  14 "
 "    0   3   6    1   4   9    2   7  12    5  10  13    8  11  14 "
 "    0   4  11    1   3  13    2   6  10    5   8  12    7   9  14 "
 "    0   5   7    1   8  10    2   9  13    3  11  12    4   6  14 "
 "    0   8  13    1   7  11    2   3  14    4  10  12    5   6   9 "
 "    0   9  12    1   5  14    2   4   8    3   7  10    6  11  13 "
 "    0  10  14    1   6  12    2   5  11    3   8   9    4   7  13 "
Result table 101:
 "    0   1   2    3   4   5    6   7   8    9  10  11   12  13  14 "
 "    0   3   6    1   4   9    2   7  12    5  10  13    8  11  14 "
 "    0   4  11    1   3  13    2   6  10    5   8  12    7   9  14 "
 "    0   5  14    1  11  12    2   3   8    4   7  10    6   9  13 "
 "    0   7  13    1   8  10    2   4  14    3   9  12    5   6  11 "
 "    0   8   9    1   5   7    2  11  13    3  10  14    4   6  12 "
 "    0  10  12    1   6  14    2   5   9    3   7  11    4   8  13 "
Result table 102:
 "    0   1   2    3   4   5    6   7   8    9  10  11   12  13  14 "
 "    0   3   6    1   4   9    2   7  12    5  10  13    8  11  14 "
 "    0   4  11    1   5  12    2   8  10    3   7  13    6   9  14 "
 "    0   5  14    1   3   8    2   9  13    4   7  10    6  11  12 "
 "    0   7   9    1  11  13    2   5   6    3  10  14    4   8  12 "
 "    0   8  13    1   6  10    2   4  14    3   9  12    5   7  11 "
 "    0  10  12    1   7  14    2   3  11    4   6  13    5   8   9 "
Result table 103:
 "    0   1   2    3   4   5    6   7   8    9  10  11   12  13  14 "
 "    0   3   6    1   4   9    2   7  12    5  10  13    8  11  14 "
 "    0   4  11    1   5  14    2   6  10    3   7  13    8   9  12 "
 "    0   5  12    1   3   8    2  11  13    4   7  10    6   9  14 "
 "    0   7  14    1  10  12    2   3   9    4   8  13    5   6  11 "
 "    0   8  10    1   6  13    2   4  14    3  11  12    5   7   9 "
 "    0   9  13    1   7  11    2   5   8    3  10  14    4   6  12 "
Result table 104:
 "    0   1   2    3   4   5    6   7   8    9  10  11   12  13  14 "
 "    0   3   6    1   4   9    2   7  12    5  10  13    8  11  14 "
 "    0   4  11    1   5  14    2   8  10    3   7  13    6   9  12 "
 "    0   5   8    1   3  12    2   9  14    4   7  10    6  11  13 "
 "    0   7  14    1   6  10    2   4  13    3   8   9    5  11  12 "
 "    0   9  13    1   7  11    2   5   6    3  10  14    4   8  12 "
 "    0  10  12    1   8  13    2   3  11    4   6  14    5   7   9 "
Result table 105:
 "    0   1   2    3   4   5    6   7   8    9  10  11   12  13  14 "
 "    0   3   6    1   4   9    2   7  12    5  10  13    8  11  14 "
 "    0   4  11    1   6  12    2   9  13    3   8  10    5   7  14 "
 "    0   5  12    1  10  14    2   4   8    3   7   9    6  11  13 "
 "    0   7  10    1   3  13    2   5  11    4   6  14    8   9  12 "
 "    0   8  13    1   7  11    2   3  14    4  10  12    5   6   9 "
 "    0   9  14    1   5   8    2   6  10    3  11  12    4   7  13 "
Result table 106:
 "    0   1   2    3   4   5    6   7   8    9  10  11   12  13  14 "
 "    0   3   6    1   4   9    2   7  12    5  10  13    8  11  14 "
 "    0   4  11    1   6  14    2   8  10    3   7  13    5   9  12 "
 "    0   5  14    1   7  10    2   3  11    4   8  12    6   9  13 "
 "    0   7   9    1   5   8    2   4  13    3  10  14    6  11  12 "
 "    0   8  13    1   3  12    2   9  14    4   6  10    5   7  11 "
 "    0  10  12    1  11  13    2   5   6    3   8   9    4   7  14 "
Result table 107:
 "    0   1   2    3   4   5    6   7   8    9  10  11   12  13  14 "
 "    0   3   6    1   4   9    2   7  12    5  10  13    8  11  14 "
 "    0   4  11    1   6  14    2   8  10    3   7  13    5   9  12 "
 "    0   5  14    1   7  10    2   4  13    3   8   9    6  11  12 "
 "    0   7   9    1  11  13    2   5   6    3  10  14    4   8  12 "
 "    0   8  13    1   3  12    2   9  14    4   6  10    5   7  11 "
 "    0  10  12    1   5   8    2   3  11    4   7  14    6   9  13 "
Result table 108:
 "    0   1   2    3   4   5    6   7   8    9  10  11   12  13  14 "
 "    0   3   6    1   4   9    2   7  12    5  10  13    8  11  14 "
 "    0   4  11    1   7  10    2   5  14    3   8  12    6   9  13 "
 "    0   5   8    1  11  12    2   4  13    3   7   9    6  10  14 "
 "    0   7  13    1   3  14    2   6  11    4   8  10    5   9  12 "
 "    0   9  14    1   8  13    2   3  10    4   6  12    5   7  11 "
 "    0  10  12    1   5   6    2   8   9    3  11  13    4   7  14 "
Result table 109:
 "    0   1   2    3   4   5    6   7   8    9  10  11   12  13  14 "
 "    0   3   6    1   4   9    2   7  12    5  10  13    8  11  14 "
 "    0   4  11    1   7  10    2   5  14    3   8  13    6   9  12 "
 "    0   5  12    1  11  13    2   4   8    3   7   9    6  10  14 "
 "    0   7  13    1   3  14    2   6  11    4  10  12    5   8   9 "
 "    0   8  10    1   5   6    2   9  13    3  11  12    4   7  14 "
 "    0   9  14    1   8  12    2   3  10    4   6  13    5   7  11 "
Result table 110:
 "    0   1   2    3   4   5    6   7   8    9  10  11   12  13  14 "
 "    0   3   6    1   4   9    2   7  12    5  10  13    8  11  14 "
 "    0   4  11    1  10  12    2   3   8    5   7  14    6   9  13 "
 "    0   5  12    1   6  14    2  11  13    3   7   9    4   8  10 "
 "    0   7  10    1   3  13    2   4  14    5   6  11    8   9  12 "
 "    0   8  13    1   7  11    2   5   9    3  10  14    4   6  12 "
 "    0   9  14    1   5   8    2   6  10    3  11  12    4   7  13 "
Result table 111:
 "    0   1   2    3   4   5    6   7   8    9  10  11   12  13  14 "
 "    0   3   6    1   4   9    2   7  12    5  10  13    8  11  14 "
 "    0   4  14    1   5   8    2   9  13    3   7  10    6  11  12 "
 "    0   5  11    1   3  12    2   8  10    4   7  13    6   9  14 "
 "    0   7   9    1  10  14    2   5   6    3  11  13    4   8  12 "
 "    0   8  13    1   7  11    2   3  14    4   6  10    5   9  12 "
 "    0  10  12    1   6  13    2   4  11    3   8   9    5   7  14 "
Result table 112:
 "    0   1   2    3   4   5    6   7   8    9  10  11   12  13  14 "
 "    0   3   6    1   4   9    2   7  12    5  10  13    8  11  14 "
 "    0   4  14    1   6  11    2   8  13    3   7  10    5   9  12 "
 "    0   5   7    1  10  14    2   6   9    3  11  13    4   8  12 "
 "    0   8  10    1   3  12    2   5  11    4   6  13    7   9  14 "
 "    0   9  13    1   5   8    2   3  14    4   7  11    6  10  12 "
 "    0  11  12    1   7  13    2   4  10    3   8   9    5   6  14 "
Result table 113:
 "    0   1   2    3   4   5    6   7   8    9  10  11   12  13  14 "
 "    0   3   6    1   4   9    2   7  12    5  10  13    8  11  14 "
 "    0   4  14    1   6  13    2   8   9    3   7  10    5  11  12 "
 "    0   5   7    1  10  12    2   6  11    3   9  14    4   8  13 "
 "    0   8  10    1   3  11    2   5  14    4   6  12    7   9  13 "
 "    0   9  12    1   5   8    2   3  13    4   7  11    6  10  14 "
 "    0  11  13    1   7  14    2   4  10    3   8  12    5   6   9 "
Result table 114:
 "    0   1   2    3   4   5    6   7   8    9  10  11   12  13  14 "
 "    0   3   6    1   4   9    2   7  12    5  10  13    8  11  14 "
 "    0   4  14    1   7  10    2   5   8    3  11  12    6   9  13 "
 "    0   5  11    1   8  12    2   4  13    3   7   9    6  10  14 "
 "    0   7  13    1   3  14    2   6  11    4   8  10    5   9  12 "
 "    0   8   9    1  11  13    2   3  10    4   6  12    5   7  14 "
 "    0  10  12    1   5   6    2   9  14    3   8  13    4   7  11 "
Result table 115:
 "    0   1   2    3   4   5    6   7   8    9  10  11   12  13  14 "
 "    0   3   6    1   4   9    2   7  12    5  10  13    8  11  14 "
 "    0   4  14    1   7  10    2   5  11    3   8  13    6   9  12 "
 "    0   5  12    1  11  13    2   4   8    3   7   9    6  10  14 "
 "    0   7  11    1   3  14    2   6  13    4  10  12    5   8   9 "
 "    0   8  10    1   5   6    2   9  14    3  11  12    4   7  13 "
 "    0   9  13    1   8  12    2   3  10    4   6  11    5   7  14 "
Result table 116:
 "    0   1   2    3   4   5    6   7   8    9  10  11   12  13  14 "
 "    0   3   6    1   4   9    2   7  12    5  10  13    8  11  14 "
 "    0   4  14    1   7  10    2   6  11    3   8  13    5   9  12 "
 "    0   5  11    1   8  12    2   4  13    3   7   9    6  10  14 "
 "    0   7  13    1   5   6    2   9  14    3  11  12    4   8  10 "
 "    0   8   9    1  11  13    2   3  10    4   6  12    5   7  14 "
 "    0  10  12    1   3  14    2   5   8    4   7  11    6   9  13 "
Result table 117:
 "    0   1   2    3   4   5    6   7   8    9  10  11   12  13  14 "
 "    0   3   6    1   4   9    2   7  12    5  10  13    8  11  14 "
 "    0   4  14    1   7  10    2   6  13    3  11  12    5   8   9 "
 "    0   5  12    1  11  13    2   4   8    3   7   9    6  10  14 "
 "    0   7  11    1   5   6    2   9  14    3   8  13    4  10  12 "
 "    0   8  10    1   3  14    2   5  11    4   7  13    6   9  12 "
 "    0   9  13    1   8  12    2   3  10    4   6  11    5   7  14 "
Result table 118:
 "    0   1   2    3   4   5    6   7   8    9  10  11   12  13  14 "
 "    0   3   6    1   4   9    2   7  12    5  10  13    8  11  14 "
 "    0   4  14    1   7  11    2   6  13    3  10  12    5   8   9 "
 "    0   5   7    1   6  10    2   9  14    3  11  13    4   8  12 "
 "    0   8  10    1   3  14    2   5  11    4   7  13    6   9  12 "
 "    0   9  13    1   5  12    2   3   8    4   6  11    7  10  14 "
 "    0  11  12    1   8  13    2   4  10    3   7   9    5   6  14 "
Result table 119:
 "    0   1   2    3   4   5    6   7   8    9  10  11   12  13  14 "
 "    0   3   6    1   4   9    2   7  12    5  10  13    8  11  14 "
 "    0   4  14    1   7  13    2   6  11    3   8  10    5   9  12 "
 "    0   5   7    1   6  10    2   9  14    3  11  12    4   8  13 "
 "    0   8   9    1   5  11    2   3  13    4   6  12    7  10  14 "
 "    0  10  12    1   3  14    2   5   8    4   7  11    6   9  13 "
 "    0  11  13    1   8  12    2   4  10    3   7   9    5   6  14 "
