        0   1   2   4   5   3   8   6   7
   2:   0   1   2   3   3   3   6   6   6
|Aut(G)| = 1
        0   1   2   6   7   8   3   4   5
   3:   0   1   2   3   3   3   3   3   3
|Aut(G)| = 1
        0   2   1   3   5   4   6   8   7
   4:   0   1   1   3   3   3   3   3   3
|Aut(G)| = 6
        0   3   6   1   4   7   2   5   8
   5:   0   1   1   1   1   1   1   1   1
|Aut(G)| = 6
        1   0   2   3   5   4   8   7   6
   6:   0   0   0   0   0   0   0   0   0
|Aut(G)| = 48
|Aut(G)| = 432
