

    1: |Aut(M)| =  48,  Cycles:8(8:8:8) 8(12:12) 8(24) 
 "   0  1  2  3   4  5  6  7   8  9 10 11  12 13 14 15  16 17 18 19  20 21 22 23 "
 "   0  5 10 15   1  4 11 14   2  7 16 21   3  6 17 20   8 13 18 23   9 12 19 22 "



    2: |Aut(M)| =  48,  Cycles:16(8:8:8) 8(12:12) 
 "   0  1  2  3   4  5  6  7   8  9 10 11  12 13 14 15  16 17 18 19  20 21 22 23 "
 "   0  5 10 15   1  4 11 14   2  8 17 23   3  9 16 22   6 12 19 21   7 13 18 20 "



    3: |Aut(M)| =  8,  Cycles:8(8:8:8) 8(8:16) 8(24) 
 "   0  1  2  3   4  5  6  7   8  9 10 11  12 13 14 15  16 17 18 19  20 21 22 23 "
 "   0  5 10 15   1  4 11 14   2  8 17 23   3  9 16 22   6 13 19 20   7 12 18 21 "



    4: |Aut(M)| =  8,  Cycles:24(8:16) 
 "   0  1  2  3   4  5  6  7   8  9 10 11  12 13 14 15  16 17 18 19  20 21 22 23 "
 "   0  5 10 15   1  4 11 14   2  8 17 23   3 12 18 21   6  9 19 20   7 13 16 22 "



    5: |Aut(M)| =  16,  Cycles:16(8:16) 8(12:12) 
 "   0  1  2  3   4  5  6  7   8  9 10 11  12 13 14 15  16 17 18 19  20 21 22 23 "
 "   0  5 10 15   1  4 11 14   2  9 16 23   3  8 18 21   6 13 19 20   7 12 17 22 "



    6: |Aut(M)| =  8,  Cycles:8(8:16) 16(24) 
 "   0  1  2  3   4  5  6  7   8  9 10 11  12 13 14 15  16 17 18 19  20 21 22 23 "
 "   0  5 10 15   1  4 11 14   2  9 16 23   3 13 18 20   6  8 19 21   7 12 17 22 "



    7: |Aut(M)| =  24,  Cycles:12(8:8:8) 12(12:12) 
 "   0  1  2  3   4  5  6  7   8  9 10 11  12 13 14 15  16 17 18 19  20 21 22 23 "
 "   0  5 10 15   1  4 11 18   2  7  8 21   3 12 17 22   6 13 16 23   9 14 19 20 "



    8: |Aut(M)| =  8,  Cycles:4(8:8:8) 8(8:16) 4(12:12) 8(24) 
 "   0  1  2  3   4  5  6  7   8  9 10 11  12 13 14 15  16 17 18 19  20 21 22 23 "
 "   0  5 10 15   1  4 11 18   2  7  9 20   3 12 17 22   6 13 16 23   8 14 19 21 "



    9: |Aut(M)| =  12,  Cycles:8(8:8:8) 8(12:12) 8(24) 
 "   0  1  2  3   4  5  6  7   8  9 10 11  12 13 14 15  16 17 18 19  20 21 22 23 "
 "   0  5 10 15   1  4 11 18   2  7 13 20   3  9 16 22   6 12 19 21   8 14 17 23 "



   10: |Aut(M)| =  72,  Cycles:12(8:8:8) 12(12:12) 
 "   0  1  2  3   4  5  6  7   8  9 10 11  12 13 14 15  16 17 18 19  20 21 22 23 "
 "   0  5 10 15   1  4 18 23   2  8 19 21   3 12 17 22   6 11 13 16   7  9 14 20 "



   11: |Aut(M)| =  12,  Cycles:12(8:16) 12(12:12) 
 "   0  1  2  3   4  5  6  7   8  9 10 11  12 13 14 15  16 17 18 19  20 21 22 23 "
 "   0  5 10 15   1  4 18 23   2  8 19 21   3 12 17 22   6 11 13 20   7  9 14 16 "



   12: |Aut(M)| =  8,  Cycles:4(8:8:8) 8(8:16) 4(12:12) 8(24) 
 "   0  1  2  3   4  5  6  7   8  9 10 11  12 13 14 15  16 17 18 19  20 21 22 23 "
 "   0  5 10 15   1  4 18 23   2  8 19 21   3 13 16 22   6 11 12 17   7  9 14 20 "



   13: |Aut(M)| =  12,  Cycles:12(8:16) 12(12:12) 
 "   0  1  2  3   4  5  6  7   8  9 10 11  12 13 14 15  16 17 18 19  20 21 22 23 "
 "   0  5 10 15   1  4 18 23   2  9 12 19   3 13 16 22   6 11 17 20   7  8 14 21 "



   14: |Aut(M)| =  24,  Cycles:4(8:8:8) 12(12:12) 8(24) 
 "   0  1  2  3   4  5  6  7   8  9 10 11  12 13 14 15  16 17 18 19  20 21 22 23 "
 "   0  5 10 15   1  4 18 23   2 11 12 21   3  8 14 17   6 13 19 20   7  9 16 22 "



   15: |Aut(M)| =  8,  Cycles:4(8:8:8) 8(12:12) 12(24) 
 "   0  1  2  3   4  5  6  7   8  9 10 11  12 13 14 15  16 17 18 19  20 21 22 23 "
 "   0  5 10 15   1  4 18 23   2 11 12 21   3  8 17 22   6 13 19 20   7  9 14 16 "



   16: |Aut(M)| =  8,  Cycles:4(8:8:8) 12(12:12) 8(24) 
 "   0  1  2  3   4  5  6  7   8  9 10 11  12 13 14 15  16 17 18 19  20 21 22 23 "
 "   0  5 10 15   1  4 18 23   2 11 12 21   3  9 14 16   6 13 19 20   7  8 17 22 "



   17: |Aut(M)| =  24,  Cycles:4(8:8:8) 8(12:12) 12(24) 
 "   0  1  2  3   4  5  6  7   8  9 10 11  12 13 14 15  16 17 18 19  20 21 22 23 "
 "   0  5 10 15   1  4 18 23   2 11 13 20   3  9 16 22   6 12 19 21   7  8 14 17 "



   18: |Aut(M)| =  36,  Cycles:12(12:12) 12(24) 
 "   0  1  2  3   4  5  6  7   8  9 10 11  12 13 14 15  16 17 18 19  20 21 22 23 "
 "   0  5 10 15   1  6  8 19   2  4  9 23   3 13 18 20   7 14 16 21  11 12 17 22 "



   19: |Aut(M)| =  24,  Cycles:8(12:12) 16(24) 
 "   0  1  2  3   4  5  6  7   8  9 10 11  12 13 14 15  16 17 18 19  20 21 22 23 "
 "   0  5 10 15   1  6 11 12   2  7 16 21   3  4 17 22   8 13 18 23   9 14 19 20 "



   20: |Aut(M)| =  48,  Cycles:24(12:12) 
 "   0  1  2  3   4  5  6  7   8  9 10 11  12 13 14 15  16 17 18 19  20 21 22 23 "
 "   0  5 10 15   1  6 11 12   2  9 16 23   3  8 18 21   4 13 19 22   7 14 17 20 "



   21: |Aut(M)| =  8,  Cycles:8(12:12) 16(24) 
 "   0  1  2  3   4  5  6  7   8  9 10 11  12 13 14 15  16 17 18 19  20 21 22 23 "
 "   0  5 10 15   1  6 11 16   2  9 12 23   3 13 18 20   4 14 19 21   7  8 17 22 "



   22: |Aut(M)| =  24,  Cycles:8(12:12) 16(24) 
 "   0  1  2  3   4  5  6  7   8  9 10 11  12 13 14 15  16 17 18 19  20 21 22 23 "
 "   0  5 10 15   1  6 11 16   2 13 19 20   3  4 14 21   7  8 17 22   9 12 18 23 "

