

    1: |Aut(M)| =  24,  Cycles:3(6:8:8) 
 "   0  1   2  3   4  5   6  7   8  9  10 11  12 13  14 15  16 17  18 19  20 21 "
 "   0  3   1  4   2  5   6  9   7 10   8 13  11 12  14 17  15 18  16 21  19 20 "
 "   0  5   1  2   3  4   6 11   7  8   9 14  10 15  12 19  13 16  17 20  18 21 "



    2: |Aut(M)| =  36,  Cycles:3(6:8:8) 
 "   0  1   2  3   4  5   6  7   8  9  10 11  12 13  14 15  16 17  18 19  20 21 "
 "   0  3   1  4   2  5   6  9   7 10   8 13  11 12  14 17  15 18  16 21  19 20 "
 "   0  5   1  2   3  4   6 11   7 12   8 15   9 16  10 21  13 20  14 19  17 18 "



    3: |Aut(M)| =  36,  Cycles:3(6:8:8) 
 "   0  1   2  3   4  5   6  7   8  9  10 11  12 13  14 15  16 17  18 19  20 21 "
 "   0  3   1  4   2  5   6  9   7 10   8 13  11 12  14 17  15 18  16 21  19 20 "
 "   0  5   1  2   3  4   6 11   7 14   8 17   9 18  10 21  12 19  13 16  15 20 "



    4: |Aut(M)| =  288,  Cycles:3(6:8:8) 
 "   0  1   2  3   4  5   6  7   8  9  10 11  12 13  14 15  16 17  18 19  20 21 "
 "   0  3   1  4   2  5   6  9   7 10   8 13  11 12  14 17  15 18  16 21  19 20 "
 "   0  5   1  2   3  4   6 15   7 20   8 19   9 16  10 17  11 18  12 21  13 14 "



    5: |Aut(M)| =  2,  Cycles:3(6:8:8) 
 "   0  1   2  3   4  5   6  7   8  9  10 11  12 13  14 15  16 17  18 19  20 21 "
 "   0  3   1  4   2  5   6  9   7 10   8 13  11 12  14 17  15 18  16 21  19 20 "
 "   0  5   1  6   2 11   3 12   4  7   8 15   9 16  10 21  13 20  14 19  17 18 "



    6: |Aut(M)| =  2,  Cycles:3(6:8:8) 
 "   0  1   2  3   4  5   6  7   8  9  10 11  12 13  14 15  16 17  18 19  20 21 "
 "   0  3   1  4   2  5   6  9   7 10   8 13  11 12  14 17  15 18  16 21  19 20 "
 "   0  5   1  6   2 11   3 12   4 15   7 14   8 19   9 16  10 13  17 20  18 21 "



    7: |Aut(M)| =  2,  Cycles:3(6:8:8) 
 "   0  1   2  3   4  5   6  7   8  9  10 11  12 13  14 15  16 17  18 19  20 21 "
 "   0  3   1  4   2  5   6  9   7 10   8 13  11 12  14 17  15 18  16 21  19 20 "
 "   0  5   1  6   2 11   3 14   4  7   8 19   9 16  10 21  12 17  13 18  15 20 "



    8: |Aut(M)| =  2,  Cycles:3(6:8:8) 
 "   0  1   2  3   4  5   6  7   8  9  10 11  12 13  14 15  16 17  18 19  20 21 "
 "   0  3   1  4   2  5   6  9   7 10   8 13  11 12  14 17  15 18  16 21  19 20 "
 "   0  5   1  6   2 11   3 14   4 21   7 20   8 19   9 16  10 15  12 17  13 18 "



    9: |Aut(M)| =  4,  Cycles:3(6:8:8) 
 "   0  1   2  3   4  5   6  7   8  9  10 11  12 13  14 15  16 17  18 19  20 21 "
 "   0  3   1  4   2  5   6  9   7 10   8 13  11 12  14 17  15 18  16 21  19 20 "
 "   0  5   1  6   2 15   3  8   4 17   7 16   9 14  10 19  11 20  12 21  13 18 "



   10: |Aut(M)| =  4,  Cycles:3(6:8:8) 
 "   0  1   2  3   4  5   6  7   8  9  10 11  12 13  14 15  16 17  18 19  20 21 "
 "   0  3   1  4   2  5   6  9   7 10   8 13  11 12  14 17  15 18  16 21  19 20 "
 "   0  5   1  6   2 15   3 10   4 19   7 18   8 17   9 20  11 14  12 21  13 16 "



   11: |Aut(M)| =  4,  Cycles:3(6:8:8) 
 "   0  1   2  3   4  5   6  7   8  9  10 11  12 13  14 15  16 17  18 19  20 21 "
 "   0  3   1  4   2  5   6  9   7 10   8 13  11 12  14 17  15 18  16 21  19 20 "
 "   0  5   1  6   2 15   3 12   4 21   7 20   8 19   9 16  10 17  11 18  13 14 "



   12: |Aut(M)| =  4,  Cycles:3(6:8:8) 
 "   0  1   2  3   4  5   6  7   8  9  10 11  12 13  14 15  16 17  18 19  20 21 "
 "   0  3   1  4   2  5   6  9   7 10   8 13  11 12  14 17  15 18  16 21  19 20 "
 "   0  5   1  6   2 15   3 16   4  7   8 11   9 20  10 19  12 17  13 14  18 21 "



   13: |Aut(M)| =  4,  Cycles:3(6:8:8) 
 "   0  1   2  3   4  5   6  7   8  9  10 11  12 13  14 15  16 17  18 19  20 21 "
 "   0  3   1  4   2  5   6  9   7 10   8 13  11 12  14 17  15 18  16 21  19 20 "
 "   0  5   1  6   2 15   3 16   4  7   8 19   9 10  11 20  12 17  13 14  18 21 "



   14: |Aut(M)| =  12,  Cycles:3(6:8:8) 
 "   0  1   2  3   4  5   6  7   8  9  10 11  12 13  14 15  16 17  18 19  20 21 "
 "   0  3   1  4   2  5   6  9   7 10   8 13  11 12  14 17  15 18  16 21  19 20 "
 "   0  5   1  6   2 15   3 16   4 13   7 12   8 19   9 20  10 17  11 14  18 21 "

